0.969995362864	-0.832969716272	-0.577582918822	0.947625349918
0.138795997379	-0.94992364773	0.165931420027	-0.242670214865
0.801287601705	0.390916037288	-0.815997532207	1.30216344547
0.943380080137	0.212807678322	0.942967408441	2.18058273854
-0.466890680036	0.351958896719	-0.854410693651	0.482960766814
0.860218587016	-0.335256699485	0.244566061147	0.429402120928
0.832258126541	-0.214488281409	-0.240817288182	0.623789426506
0.837838084989	-0.223946929178	0.733817545749	0.888493394878
-0.860586417544	0.214236642336	-0.176728807206	0.549611122563
0.123947335551	-0.981536632535	-0.916042773784	1.63196799448
0.726309791102	-0.480330997825	-0.0304722850753	0.194222149214
0.13476486554	0.235298108553	-0.138810503184	0.0364779938929
0.643702174442	0.326643196181	0.617907587955	1.20825852176
-0.0510700166681	-0.68211845014	-0.410741897963	0.48632748081
-0.601071226629	-0.39589850716	-0.602627312953	1.20098875269
0.215583631411	-0.295532403352	-0.0889568542857	0.0169673082842
0.106885032049	0.451854940313	-0.170983884166	0.0116965157234
0.890235929641	-0.598001983061	-0.51926657654	0.840317379126
-0.815601705993	-0.430087227453	0.756065069297	1.26244647884
-0.0984329642015	0.536591896386	-0.0305598672343	-0.0585935541134
0.468058440519	-0.824136890886	0.212480560875	-0.296630604245
-0.661916585686	-0.424694189433	0.968611817872	1.24609073709
0.644637614769	-0.441040579755	-0.753146797226	1.03064470529
-0.246916168289	0.316431160505	0.908448875109	1.09557651498
0.124224237195	-0.568585313648	-0.834693900799	1.11610818566
0.17634497793	-0.499116779289	0.820400516857	0.206662158172
0.924721764009	-0.459674028803	0.706635227924	0.604551245277
0.496559315063	0.0472908379186	0.676072558746	0.759100001947
-0.197785215045	0.169332691745	0.408338401035	0.241512778789
-0.369869102568	0.046010987408	0.591969653765	0.497450289677
-0.28399129497	0.874908164933	0.962883092061	1.60176288098
0.107956094042	0.0507132026252	0.0839251405174	0.0284288593799
-0.714436952639	0.71497853138	0.43653206171	0.502284369418
-0.295045960631	0.156653620832	0.748312487442	0.718029540374
0.992980778434	-0.643140565086	0.779239029274	0.453437842498
-0.869014934046	0.743010206028	-0.877423838177	0.227437715431
-0.620445891389	0.0952206814484	0.708752657105	0.895692063503
0.809845516737	0.0893762962535	-0.111977772652	0.730761616789
-0.611769513886	0.89623002574	0.804198950886	1.19345893
-0.978565073692	0.330326270473	-0.285832692692	0.621626133098
0.397484462185	0.86780074338	0.379140055351	0.975696412895
0.848869247793	0.649642753186	0.400344452975	1.69239730876
0.92468044178	-0.263101182161	-0.901436988297	1.66150718319
0.858431648199	-0.372407186736	-0.752968145273	1.264590556
-0.679548616888	0.864210933189	-0.463655483627	-0.31120675232
0.421017633318	-0.681688109151	0.753777546879	-0.0554074672848
-0.0567141440639	-0.3373878323	-0.0319580114202	0.034154714955
0.872356789748	-0.965176688814	0.635305635125	-0.290541008447
0.571634457951	0.745162168859	0.0327949989282	0.778239430481
0.294937973344	0.011317121043	-0.872017207942	0.840871543518
-0.610161102996	0.451065182505	-0.393936388281	0.0745690314659
-0.0779667406667	0.111491000407	0.517733165049	0.323156441441
0.44130041003	0.703677545775	0.966277264775	2.11891860801
0.786575106984	0.26488846407	0.68825570271	1.48306197918
0.0147897882859	-0.195764953525	-0.491006410363	0.334532557744
-0.0158214774402	0.760228910627	0.130154096505	0.104109370426
-0.434450085727	-0.872921215375	0.27378084112	0.403954418228
0.78741405802	0.241508336878	0.932080607544	1.90406745468
-0.998688492005	0.00499502717968	-0.77325374874	1.58644916435
-0.679794302457	0.37798133857	0.976076678447	1.52683518493
0.599267738726	0.582866254571	-0.0567564834245	0.67855462453
-0.678405553783	0.953089993813	0.261556406146	0.131351097457
0.245080706968	0.0236753413238	-0.239939639237	0.117757299939
0.982567384149	-0.917063793553	-0.620151255979	1.01766753534
0.198897068982	0.693592988211	0.923359593056	1.6705423339
-0.748941235837	0.643545133922	0.273505558733	0.329753948902
0.0571431216985	0.827143756916	-0.35011132336	-0.116483543877
0.761288094762	0.947342538738	0.964764797409	3.14549400641
-0.934647524134	-0.651561649813	0.678108941946	1.50054843337
-0.149449949444	0.628262468549	-0.987867893129	0.283684146363
0.90274072305	0.960868086234	-0.00945624693331	1.67335877869
0.963571647754	0.491347939938	-0.939812909757	1.82339243267
0.943546104325	0.101604293838	0.878617035855	1.8473867458
0.0999954602965	0.159392231172	0.991682312695	1.16743785735
0.305092768055	-0.347026956047	0.909924337518	0.499400209435
-0.490927268978	0.42942994591	0.702982120121	0.826256147892
0.337620009379	0.00817162044944	0.609276302497	0.492942560783
0.186713591974	0.00874534527125	0.775123213159	0.644089555961
-0.462296985458	-0.99379869277	-0.0353567729316	0.709536258695
-0.732762570711	0.175714311949	0.286972054976	0.540962171627
-0.0826018138159	0.214541503636	0.611280947448	0.493911072629
-0.556864497776	0.0375217853193	0.414968952161	0.476973125941
0.835643037688	0.871220765752	0.398057819225	1.93157511915
-0.993728725571	0.072684797672	-0.0830564138745	0.916129237915
0.632150912507	0.010504732048	0.820491204994	1.08808020986
-0.674184275733	0.691735142056	0.201928357891	0.168623484951
-0.0094317066808	-0.254443137318	-0.0294562055609	0.0108513875315
0.267426033776	0.0832053590899	-0.410668616179	0.22824684535
-0.996591824068	-0.524736882428	0.723886010463	1.66030501839
0.621945525144	-0.278274729535	0.0548589702316	0.201488154963
-0.336377581816	-0.202997160693	-0.27511948014	0.31297277325
0.633525443163	-0.809065226045	-0.359489909083	0.308874860542
-0.722587547162	-0.49416878883	0.964138769694	1.33232925546
0.129415076063	0.407910499644	-0.00455174702933	0.067702043247
0.382335356102	-0.0919013536293	-0.877942551429	0.962510420254
0.342362575816	-0.328069233172	0.7049314219	0.270555504165
0.470790499643	-0.630987690021	0.983061299476	0.270690624723
-0.229040202758	-0.846908565255	0.449689329123	0.0678102721713
0.0755720026388	-0.0475621064147	0.86334492582	0.706418721655
0.983319745184	-0.316219772933	0.958872521694	1.2721946365
0.0352747541957	0.188989885387	0.00262697219268	0.00841425219258
-0.18258995081	-0.233655165731	-0.947508572395	1.19516494263
-0.28106290524	0.82540308044	-0.103242581204	-0.227551545065
-0.548667175987	0.856163063195	-0.944010043672	-0.0857844681859
-0.420840607781	0.271366793641	0.763521509116	0.853064129477
-0.572209680243	0.711977054793	-0.311815102576	-0.204752784877
0.249006376113	-0.0816887939242	0.838540074089	0.676313273345
-0.0932045711326	0.16192358739	-0.20830859925	0.00325747040769
-0.838746941954	-0.258642813079	-0.663074611559	1.53159972447
0.0362240457495	-0.998943180924	0.82697991558	-0.177083748653
0.22724933294	-0.228264114496	-0.0778960053592	0.0236180419054
-0.899320058325	0.383644411012	0.39525494153	0.771621271266
-0.275445948832	-0.547838977104	-0.423225878274	0.637750273862
0.925734142833	0.904368001609	-0.927768279397	1.71589807544
-0.55940578864	0.869378008606	-0.274534900267	-0.336705447589
-0.22826549348	-0.395269232116	-0.949171851335	1.41843709403
-0.487918713327	0.832479547596	0.772329292339	1.07132319677
0.688274415066	0.463417798244	-0.745381758823	1.00285107731
-0.955153395893	0.540155490498	0.342034645838	0.69812624947
-0.640539609464	0.102101770299	0.311387081093	0.473645849719
-0.947393481018	-0.464319329531	0.187079262113	1.28558164654
-0.693695248248	0.5734904267	-0.731047583161	0.198567291966
-0.367614437425	0.31538262792	-0.225011122744	-0.00113342657716
-0.10860839176	-0.305383262372	0.249299881275	0.0309813875083
-0.722796198411	0.75608355384	0.799632820588	1.21994189856
-0.508269809003	0.0837214099653	-0.2494461961	0.257124551192
0.401663263611	-0.615578166042	-0.82203572168	1.09584821184
0.939388134062	-0.253704768192	0.948308128433	1.30282083018
-0.449592200196	-0.0241957370931	0.480327839183	0.432104308131
0.837095853153	0.528907377744	0.66834914446	1.94366101229
0.662014409308	0.467668870423	-0.118310827313	0.706533770027
-0.837930460362	0.401807831927	0.127948574544	0.433222011881
-0.100640582086	0.061346986699	-0.334500691446	0.0953246334208
-0.946144317335	0.680408937485	0.606171115457	1.03131168538
-0.967578000177	0.29258175009	0.148007195718	0.71832185612
-0.441420777999	-0.694304384662	-0.135182624224	0.613464915515
0.818127996444	0.427975781965	0.855013858064	2.11644630957
0.552567999355	-0.0964903796966	-0.0366046617308	0.256885796815
0.724581671645	-0.0192342025821	0.422129821091	0.681156103584
-0.167421222329	0.0373349849787	0.886676167859	0.841077864922
0.814294328248	-0.743403123983	-0.888374316417	1.50735547372
0.639487951473	-0.527180947943	-0.638066977971	0.815325198298
0.130570027783	-0.0120644584005	-0.0753185429684	0.02205483583
0.546033975176	-0.00129820201231	-0.270345560495	0.370881924872
0.253813620317	-0.794943073402	0.879839801209	-0.0626505054305
-0.983271486706	-0.434422577101	-0.4163282641	1.74816977071
0.675327367284	-0.434807558398	-0.802568269327	1.15550818588
-0.299799741877	-0.433669265168	-0.805079730318	1.2171855262
0.573449803198	-0.0749819588343	0.330718259852	0.370422951705
-0.782043959254	-0.550420049939	0.78443195373	1.2256118442
-0.172926825443	0.149159475245	0.480580486927	0.306750750077
-0.552372871116	-0.138598773465	-0.351058447651	0.553572295104
-0.799201170696	-0.731647518267	0.0781916361917	1.17236127978
0.259375496352	-0.819872688367	0.193017817891	-0.266373396617
0.600775611676	0.909530944588	-0.522211243435	0.705092642412
0.0941666371724	-0.62248215979	0.275448747328	-0.145339614874
-0.0735875505141	-0.245474912485	0.00349154939081	0.0226341282491
0.341080688669	0.8592771668	-0.210889569159	0.272680702878
-0.233947602028	0.422499180124	0.266460066579	0.139468937193
0.830978608535	-0.556116341707	-0.266888317692	0.448054993028
0.620319266496	-0.644017155364	-0.560444487639	0.660333631354
-0.823702207404	-0.997613966928	-0.921381429688	3.26834887527
0.605120030138	-0.257101627904	-0.905241347767	1.26279382791
-0.727296614342	0.206070431203	-0.243328521735	0.388151994395
0.492219790144	0.858395864911	-0.346682085459	0.487397754077
-0.989516208567	0.135182100765	-0.475011303996	1.00680016016
-0.538575215329	-0.74726235758	-0.329760300398	1.04767956294
0.906841221378	0.788986920083	0.11923435871	1.6461380448
0.334122955241	0.049852452427	0.115637425243	0.147431821308
-0.110060764439	-0.0337005816586	0.720424658319	0.510555441936
0.208682084904	-0.396946926431	-0.477564518476	0.378348137445
0.241711615095	0.868949933248	0.0351995566213	0.300285457837
-0.947022769053	-0.902300931677	0.390746769483	1.55146351565
-0.759922199324	0.74977789374	0.891660950715	1.4713158036
-0.704493023875	0.625264452188	0.567561018733	0.732817215491
0.383071847755	-0.154743577628	0.0468732683111	0.0824098983804
-0.239588623958	-0.450715539468	-0.38633739489	0.488773874672
-0.647626495995	0.943008042857	-0.315755317849	-0.389355299733
-0.930529964103	0.420727946056	-0.453067971661	0.489038283357
-0.676019544138	0.951852573615	0.265249172181	0.136366711688
0.59020873914	0.106177356852	-0.39200993971	0.523062373243
-0.447360047463	0.0461930757556	-0.662901251228	0.588282696667
-0.250298198819	-0.0577470042539	0.2583587978	0.128932981289
-0.319761301576	0.333153632095	0.492718707705	0.402640402958
-0.956137909238	-0.00706898625343	0.256119546164	0.984745343596
0.409133170107	0.879640611743	0.998578378571	2.40282897687
-0.202758656332	0.734355611651	0.738062985552	0.978951781462
0.534359165919	0.496714278477	0.067905935845	0.589304609799
0.403375900598	-0.710722524515	-0.97345089538	1.51548390235
0.184541214103	-0.248187857015	-0.478242706111	0.335664689555
-0.346243974385	0.510029968875	0.671770761364	0.737189262652
0.20025490291	0.687341313714	-0.957386550824	0.436283172306
-0.789458639473	-0.54155943785	0.232142312207	0.978954913455
-0.242723986114	0.930641295512	0.708438804322	0.99421391466
0.681407702805	0.161770609215	0.423145685392	0.822053003027
0.747657479139	-0.51312980622	-0.922998815024	1.50089138435
0.184750547597	0.547357644606	0.789223694454	1.19011905176
0.847956284422	0.954358775235	-0.852162036123	1.44119620006
-0.37867451041	-0.666115775513	-0.810514991351	1.59246682324
-0.936443737709	0.368439952327	0.749580802054	1.3699504816
0.687769607944	-0.00539200928405	0.257395429393	0.534183102028
0.051500241571	-0.152178389228	-0.720212300591	0.623121556803
-0.620143031138	-0.202812319947	-0.629072149481	1.03366537722
0.843839376581	-0.968211896795	0.0911508977	-0.184895327327
0.984631811207	0.631436058791	-0.862324753157	1.79033287025
-0.102068529425	-0.988991468991	0.567401647817	-0.127847869684
0.497451026161	0.757979317101	-0.210677897364	0.509210800195
0.187630143892	0.26156286628	0.784635080634	0.90516575957
-0.693662360268	0.950394133437	0.837785149185	1.32002487933
-0.79054443679	-0.276392436117	-0.283024401469	1.00178962491
0.757237869921	-0.101955800231	0.398668557582	0.614494445639
-0.382056230131	-0.288746121011	-0.168099452051	0.333079707943
0.401971994699	0.523726104834	-0.762778482371	0.554448721303
-0.546984228974	0.830644269202	-0.917809694621	-0.0751562959099
-0.144926775438	0.289740161822	0.081103292097	0.00908928783655
-0.448351877038	-0.230587351882	0.583620074554	0.510440661607
0.0746919044776	0.981433446697	0.939556058734	1.88376134244
0.0271799453722	0.0720504340547	-0.438758069219	0.163593010265
-0.78519183622	-0.22246707797	0.382028163147	0.852162381396
-0.29427401173	0.892759826717	0.168853993892	0.00313891184057
-0.384495667333	0.534086582907	0.742674862588	0.89070157218
-0.899824881549	-0.528688953623	0.737805758112	1.439699875
-0.150409419039	0.738857108199	0.0735858334958	-0.0287237840289
-0.122759827453	-0.754848264964	0.194453985449	-0.00123588307847
-0.462351045737	0.112484273957	-0.726397707804	0.607706578937
0.464557249881	0.540678133315	0.402517659321	0.846642347834
-0.445430389155	0.549308962806	0.913210393969	1.2893172045
0.664980059182	0.498729344978	-0.0870040084849	0.73802179378
-0.569772553991	0.686037785196	0.00325481010791	-0.0640012212178
-0.60055365142	-0.276079251617	-0.466986763877	0.873467084797
0.859016219088	0.0999873186205	-0.60345928961	1.12762443101
-0.846246196393	0.76247934063	-0.0330709097308	0.0467651826977
0.919976681369	0.290772549714	-0.643158223451	1.34050080347
-0.27644150983	0.378612388051	-0.145361999456	-0.0621500146962
-0.793637148948	0.366685276488	-0.777285843458	0.657998874818
0.633878468837	0.925081529246	-0.285382165406	0.805632386901
0.209514361169	-0.796316493041	0.733478194022	-0.169033995872
0.952818441715	-0.569303201128	-0.477351642648	0.865042802871
0.114526621957	0.960808121382	0.330883215559	0.550553438704
-0.435461678726	-0.572340249359	-0.680102217355	1.29064801815
0.164411417071	0.498864480723	-0.472146641534	0.0964353922234
0.471609125697	-0.536026269126	-0.0180099277374	-0.0204015608228
0.277487070292	0.455253922484	0.147225883951	0.292026773433
-0.183203145372	0.0182702359173	-0.522571435742	0.293749629827
-0.749697241649	-0.0572726177828	-0.824322170087	1.33170120638
-0.297506597061	-0.259636003416	-0.501815035914	0.547861179795
0.537898978694	0.108936799519	0.360152966436	0.516876375216
0.472077907524	-0.498866193274	0.985730232164	0.467270444204
-0.598176445768	-0.409798557029	-0.0458924775834	0.623859695187
0.808059406779	-0.952580491448	-0.768005220824	1.20463718796
0.406367457969	0.802497826528	0.159109127051	0.644243955639
0.518945682268	0.0952001189903	0.908207409411	1.2300104638
-0.240237926597	-0.358730640936	-0.486804923167	0.55550584208
0.527266933114	0.11025437243	-0.513065517809	0.542812412452
-0.675442425097	0.890549330107	0.632791164963	0.818664076936
-0.0953613652298	-0.174708317915	-0.677411476313	0.602989941496
-0.756201142249	0.620967589434	-0.22822482259	0.0126301188224
-0.147760801589	0.449365039851	0.392282314826	0.285598088552
0.0165603855361	-0.836309224949	-0.160314634998	0.146198033515
-0.199226478822	-0.441031603351	-0.11690707222	0.192783340288
-0.172026692039	0.807293445979	-0.903708920589	-0.0221513137539
0.71555809835	-0.585505254707	-0.81534865198	1.23524470992
0.37439995911	0.799293501375	-0.0493569524144	0.402416201052
-0.828127119325	0.870677373483	-0.843307486196	-0.0583182502481
-0.567168611898	-0.968980089693	0.578801778498	0.6454194263
-0.213118351516	-0.194528082654	0.968674982956	0.836773671507
0.669381885888	-0.175561249001	-0.773828994152	1.06522028613
-0.570935981594	-0.98015258338	0.514144988771	0.645976802886
0.537720510984	-0.361725962114	0.0727010220833	0.0736234702015
0.692001022218	0.359256876694	0.41181662077	1.04501242275
-0.776016251068	-0.18731920189	-0.622127481784	1.25114299368
-0.302928335789	-0.221875645529	0.0507941983857	0.15028805171
0.0402495985432	-0.914648505054	-0.573231642922	0.81770577674
0.212212134262	0.215306129095	-0.845031499209	0.6228623367
-0.89138593482	-0.95915406585	-0.710451293998	2.83571861679
0.480361195847	0.953583335687	0.872224998678	2.28132698197
-0.840493565766	0.0842454042165	0.384854047718	0.816156536764
-0.299459387583	-0.353006335521	0.888138056556	0.670657832581
0.971746070627	-0.464080126996	0.515683285259	0.519933272097
-0.253395749515	0.225723888648	0.191906346173	0.0871578243408
-0.874378500949	-0.590632457523	-0.459792301935	1.7639513039
0.960517496392	0.646523569502	-0.565189986864	1.49762213471
0.570871765837	0.870459547556	-0.581337310485	0.654737808333
0.371859142216	0.192311746754	-0.206968587974	0.212825608567
-0.486570713828	-0.0206493364478	-0.328294564591	0.361354807989
0.505887382591	0.533398403298	0.482099546837	1.01533266756
0.371329954238	0.595955630308	-0.799348373725	0.521763770522
0.808319889274	0.118435998785	0.414255447103	0.969785549904
-0.372603310851	0.42491132659	-0.915631272283	0.429828388361
-0.0874531982578	-0.722432354355	-0.557166394047	0.783776502273
0.525701939315	-0.159551448519	0.359469763138	0.264350612295
0.775042211767	0.934183885099	-0.954311080054	1.34392997968
-0.576867775832	0.559614419937	0.956739886816	1.46070955286
0.142054056165	-0.595703896168	-0.793933602101	1.03883710476
0.764924840753	0.522389619997	-0.555537086151	1.00311345565
0.731977820266	0.210176595732	0.877839234832	1.64473911996
-0.767699546106	-0.840146341013	-0.65659402211	2.21709333283
-0.106354523137	0.850220625369	0.228109693128	0.166864073463
-0.718127502027	0.110404736646	0.917397827207	1.37932627031
0.164800211625	-0.173584191498	0.580705915217	0.234970391435
0.337246470138	-0.0765672032009	-0.231413922742	0.159184283098
0.415448626267	0.53113007392	0.998981320474	1.92180752189
0.490369231171	-0.859264586516	-0.434780399375	0.381730463991
-0.499752159293	-0.268162234582	-0.446811984178	0.703225925811
-0.625187504674	0.268388102725	0.510415436773	0.620579876546
-0.176702904321	-0.80702043393	0.447829567566	0.0129704805604
0.587805025101	-0.464254685024	-0.282182538226	0.283255061034
0.771419816082	0.801809595185	0.787350528575	2.46484640652
0.389637947747	-0.334030686753	0.77022092952	0.357629553285
-0.39485018661	0.56140002135	0.0775815765626	-0.0161890335664
0.982382905213	-0.955883609016	-0.951529477136	1.84099223213
-0.790571537566	-0.658388380278	-0.957607728618	2.69299683342
0.384742546709	0.792321776628	0.371394332127	0.885064292397
-0.826092030716	0.723176743505	0.516457825532	0.725236472582
0.663866034442	-0.0784217537659	-0.724221086876	0.969947443423
0.449234872376	-0.277909517449	0.179988467908	0.0593406642725
0.917379937211	-0.164444609617	0.973245366886	1.4778893533
0.453368164356	0.219792754315	-0.513911666729	0.45634087051
0.87278049226	0.588393833658	0.411755566362	1.6871015301
0.717550098943	-0.600676871104	-0.396675250043	0.479487298237
0.857090059552	-0.330255466182	0.253041791226	0.432006406388
-0.545120669916	0.931359900949	0.949936624605	1.576565483
0.442752215633	0.427756839805	-0.170189008938	0.341584599154
0.622739388212	-0.683175974853	0.327930705002	-0.154132074781
0.884146275866	-0.299254512898	-0.073064001781	0.544332954632
0.843527414691	0.335234847096	0.416174764635	1.30703600153
0.45716990688	0.402725680212	0.503773271679	0.849788328245
0.37555448252	0.887589384607	0.11755190547	0.592535615281
0.59294033904	-0.62854314299	-0.70789658386	0.924950778528
0.864192233282	0.648029974017	0.667730988596	2.18542505487
-0.286608093701	-0.412406530682	0.933342821949	0.68655539711
-0.211084630742	0.805624924561	-0.872144056457	-0.0674840528578
0.71999634008	0.574407163582	-0.519303124026	0.903350085335
-0.508340305111	-0.384028013375	-0.198085577775	0.568935090324
0.666183866827	0.177132933791	-0.31180226964	0.603794251764
0.849169689327	-0.926513699748	-0.912355390233	1.61202393688
-0.208578961255	-0.744350476879	-0.862520034463	1.58471904118
0.565025666471	0.624870658683	0.0273025336631	0.690127944689
0.0211498634958	0.180743503063	0.71822875377	0.649937740843
0.529175644562	0.607913486677	-0.806288800145	0.761667667423
-0.223078753428	-0.772734060141	-0.417621206623	0.719262283914
-0.538954713604	-0.677813853049	-0.664078207873	1.54690442934
-0.554842530365	0.242908529337	0.243113020744	0.291232417624
-0.506453185725	-0.426614366185	0.220569150658	0.427107815976
0.0245711062666	0.609063085898	0.892665207894	1.35610969265
0.562757530299	0.754084801522	-0.908073476891	0.880895970293
0.24602909729	-0.311709831874	-0.205182854485	0.0898981450108
0.193388704302	0.677402104986	-0.623079679694	0.134553906975
0.581885362124	0.879181368015	0.944511156137	2.57267127778
-0.399482030015	0.758273917761	-0.297519643703	-0.280414359122
0.213568286978	0.214084745891	0.890868174104	1.07570051596
-0.256143597417	0.0899676574236	0.881453367537	0.898827236821
-0.444634540556	-0.494209569104	0.722721245604	0.582592762828
-0.895428928936	0.448768286257	0.145474653812	0.486400146858
-0.466191346077	0.530684944024	-0.402567427384	-0.0816422963171
-0.52399995521	-0.778638598337	0.311312370747	0.53709810789
0.918761053714	-0.206452100933	-0.254084897419	0.771457220011
0.709058969508	-0.430462860802	-0.161696068742	0.293290840725
0.658839354461	0.703648364378	0.389442371529	1.32335637763
0.194640495779	-0.377022272023	0.925591434889	0.472252039244
-0.907133416549	0.924659914765	-0.0017928102264	-0.0175533977894
-0.903631661073	0.0848180886797	0.750540661787	1.36687657793
0.630331520283	-0.376009459938	0.874326112554	0.595998472642
-0.64589274269	-0.342261817213	0.996126150661	1.28957322043
0.354711263679	0.629620222044	0.173706686572	0.488696720709
0.896973562032	0.489121615359	0.797421282296	2.26920741576
0.0585301404352	-0.223313043014	0.355338725749	0.0372690714399
0.27380495595	-0.538861062809	-0.374974011695	0.270090728251
0.401191854954	0.109632456618	0.0530388987048	0.213566462652
0.381706809656	0.103775352304	0.838598630912	0.975585379318
0.00974966672742	-0.204287349604	-0.325272556846	0.1703546272
-0.844038401615	0.701749432095	0.69753879516	1.09615517852
0.58369742665	-0.0942498083616	0.0985685806059	0.286115010525
0.0660674575247	0.321274073852	-0.37840230283	0.0472081235736
0.564952021461	-0.422310685681	0.52054980006	0.131723862341
0.640823210015	-0.77767354301	-0.487070187905	0.528322096987
0.468248933351	0.872565002416	-0.617577701795	0.470360224141
-0.543203894612	-0.580044930561	0.0249225571865	0.596318067356
0.206843245874	0.131338280063	0.780462693954	0.781577209051
0.595612368089	-0.921895799754	0.870630742347	-0.238971382389
0.380532974573	-0.536420274923	-0.266335753272	0.154482373363
0.861046531679	-0.268136954121	0.687154917769	0.79845298971
-0.79359603319	0.0141724415987	0.645542556557	1.04442157697
-0.30634264188	-0.114810588981	0.58653667868	0.405701847278
-0.988325458193	-0.322403897042	-0.168915852574	1.37841888497
0.0274711739795	-0.141537817028	-0.859936936559	0.858071587044
-0.787023710844	-0.713867554338	0.633854642674	1.13052045756
0.59118844079	0.422525771721	0.106721526615	0.655778204336
0.498582342082	0.31130148548	-0.251174958347	0.388691497612
-0.26669122739	-0.369073079154	-0.653283052563	0.837440697777
0.191194445818	0.885716423366	0.329562752659	0.606410127329
0.871947492583	0.979746996367	0.380253018765	2.13172447794
0.997072030317	0.47691117309	-0.830816048425	1.76369727532
0.821042466936	-0.59297504417	-0.0328068056255	0.207782942926
0.197758366083	0.127609418137	0.00136865060138	0.0645207272945
0.729398550381	0.471224884284	-0.651864331654	0.993485405429
0.267962505226	0.670358507397	-0.100458043057	0.194183763863
0.227281595047	-0.69300479256	-0.500641759317	0.491738998553
0.339732916783	0.802108117942	-0.134887930343	0.297921035042
-0.476010783366	0.086567743108	0.655453777348	0.671739895126
0.36347793391	-0.376190495151	0.674529738464	0.196617956271
-0.938125452787	-0.873592928324	0.578232105722	1.5288320162
-0.0117629895192	0.874817089231	-0.371519656456	-0.197136985649
-0.35227085645	0.0321864895756	0.375819676753	0.266093139598
-0.741637186877	-0.566805411879	0.102721680445	0.922718227372
-0.551069186656	0.85296498062	0.931776087037	1.49661357876
-0.679383254458	-0.147205010273	-0.249289532161	0.660412164378
0.66052855036	-0.520263430814	-0.525283486463	0.641857646048
0.372680195943	0.250117157754	0.909757550647	1.28730901358
0.465851700813	-0.10784249527	-0.985826485694	1.24494704533
0.739350751647	-0.411127606201	-0.861716135467	1.33950201942
0.827274492364	-0.620086505652	0.973981826945	0.516088948111
0.226708678747	0.288615979002	0.130776534045	0.171675271545
0.0769330923038	-0.390330265389	-0.448085320176	0.351571102454
-0.762675074666	-0.786181489673	0.974787189108	1.36512471546
-0.455512119012	0.846605997944	0.869967151617	1.31521425194
0.790681851719	-0.295995369583	0.203404730069	0.372306249679
0.234088461055	0.0947006715043	-0.498461531342	0.278224998543
0.797742049986	-0.670781827208	0.303645411013	-0.0101977796081
-0.619470557301	0.150310992036	0.937342089462	1.31013354938
0.196091085767	-0.547143270299	0.963736023705	0.332647239647
-0.0485142887031	0.906846931451	0.534970198032	0.729687797653
-0.865489351774	-0.0912866633779	0.208386429222	0.852481455214
-0.228114419218	-0.698258675147	0.559810285685	0.133814227943
-0.0183553337841	-0.206793139053	-0.733950630992	0.694592158996
-0.268592284028	0.608731258092	0.497834380187	0.459527714739
-0.844373672159	-0.0859495128301	0.438142094391	0.939850799318
0.79982423927	0.406798562367	-0.686095364771	1.15671040593
0.073355157496	-0.812119761416	-0.434143102828	0.48686423295
-0.717837895545	-0.776976342698	0.0156774388541	1.06109909
0.233325068765	0.132317568024	-0.381240291604	0.180212965096
-0.317007967814	-0.816420093808	0.0112862533173	0.350218782001
-0.979840888033	0.484467211819	0.418413345115	0.863164656875
-0.153049443093	0.73214870773	-0.845843755067	0.00753742582471
-0.404360686826	-0.238105391821	-0.884641944121	1.25301741085
0.633630657304	-0.632892265409	-0.298287643232	0.278227328115
-0.990709724029	0.347873027701	0.211921472301	0.755497040641
-0.594461877395	0.529069313208	-0.759611910436	0.213996289191
-0.764079503597	-0.862222085992	-0.169924684821	1.41801092599
0.339739176271	-0.508212592102	0.620034109449	0.0120961354068
0.721279234437	0.671209443007	0.546874979643	1.67051306107
-0.609491611954	0.542404242368	-0.124295778945	-0.0110799281137
0.34384075913	-0.304735435694	-0.486243228412	0.398054023336
-0.423291090764	-0.189410906235	-0.966845823642	1.37727328696
0.35007386789	0.950030097703	-0.292447016965	0.262824213526
-0.0934226001556	-0.0837453486823	0.85865165369	0.681926070694
-0.585937173758	0.561776714218	0.586318984371	0.687306815337
0.585977942871	0.725155955558	0.345543495284	1.13826877527
-0.229530973814	-0.532257718952	0.104637215641	0.130109081673
-0.487306503364	-0.0319552205317	-0.40000828134	0.425828592987
-0.488363562283	0.364804951493	0.505555931252	0.500357629918
-0.678098443415	0.597940207993	0.960624471683	1.55155054666
0.0444405476242	-0.344106611802	-0.398846529447	0.283006957933
0.644016928257	-0.97541086684	-0.0663573078775	-0.144294374862
0.0748843216484	-0.326338334028	0.606868203751	0.151414694994
0.424255034997	0.20713913245	0.685932719466	0.88045935867
0.846314539122	0.400871939117	0.00379468915859	1.0570476336
0.58811593867	0.975859634758	0.474370458423	1.60774527654
-0.336615726696	0.225183281054	-0.288819895143	0.0558894338762
-0.14465288534	-0.81688582314	-0.367120294217	0.573762022706
0.190911501699	0.568512272392	0.401512096471	0.534459251107
0.644524587984	0.188514737752	-0.98713434303	1.32525916758
0.80875320972	-0.126408723038	0.888819877915	1.22949448334
-0.270838814057	0.321088687108	0.306739486228	0.178970075305
-0.382335625588	-0.926434336672	-0.199429314383	0.72491959829
0.160825083119	0.980967984395	0.879886704021	1.82097026344
-0.902031804481	0.14768196806	-0.743553747391	1.12351023864
0.149371348572	-0.935172374708	0.268562853559	-0.296402714193
-0.345611322122	-0.684750610292	-0.70983611143	1.34603276532
-0.0924484707944	-0.466290664346	0.936367462415	0.491819197164
0.54149022958	0.305454999851	-0.520663762523	0.570663970827
0.960056165501	0.325468744126	-0.684388371438	1.47981653461
0.217453162581	-0.240730381145	-0.632392468301	0.547094609098
-0.372095838218	-0.831662691689	-0.751099674314	1.63672583682
0.36559953978	0.49085554914	0.727074137234	1.19864476228
0.896711863577	-0.984080032275	-0.443831097039	0.555407289627
0.581602548046	0.976027283658	0.0984162253972	1.0116641536
-0.216056006246	0.0414429868149	-0.0129054435861	0.0373579019627
0.391181469094	-0.430853532287	0.715355537119	0.188001108516
-0.8919304891	-0.663994421007	0.740495072988	1.44442522195
-0.875790157574	-0.895863956168	0.18809020614	1.4184719249
-0.741652098082	0.459935792785	-0.170763482828	0.159555418102
0.573626521192	-0.78150410325	0.233678481395	-0.247259153614
-0.193915977531	0.901645925916	-0.889870521151	-0.147718730343
-0.753217585334	0.223526724756	0.871309076871	1.35291284262
-0.734845923891	0.940245994168	0.411355736993	0.405051721833
0.993174302141	0.661905826599	-0.515512170199	1.56831534033
-0.48516177924	0.297817807633	0.300661158161	0.270831513586
-0.576141490511	0.933277183202	-0.575246649379	-0.411716555259
-0.22703868041	-0.209043114172	-0.501549366458	0.455404643662
0.31748299102	0.573780977367	0.577810438137	0.948362690819
0.387038600689	0.125969190648	0.678627167537	0.744574765268
-0.677359254359	0.202284140694	0.0710505158228	0.341217093094
0.25597034033	0.0994214515532	0.737992803486	0.708975451674
0.787788386242	-0.981884552229	-0.928856318878	1.62189702649
0.431306720614	0.690424216247	0.980450219176	2.12201929821
0.647303489583	0.72034072259	-0.701931950968	0.872359166068
0.467319189415	-0.155526855217	0.360436038831	0.219563195345
-0.626049470689	-0.79406595554	0.329342901969	0.736009271834
0.915370433094	-0.319313130795	0.573895516848	0.691716920978
0.28052465666	0.700358890188	-0.972644527198	0.539999154876
-0.572199893729	0.223274500711	-0.532865744371	0.364625641308
0.784830671424	0.996195003024	-0.739058366833	1.2077645935
0.314819313802	-0.121847895751	-0.801687601965	0.801138087908
0.755508570647	-0.745642456558	0.884236860014	0.13000421388
0.383101305735	-0.909594529472	-0.95618583013	1.58233250051
-0.244704716496	-0.809193514486	-0.967681042344	1.9773416911
0.262988848599	0.20428207594	0.334544899745	0.303148858989
0.487245391882	0.778025452296	-0.350236424311	0.466670088787
0.307620324149	0.392837231599	-0.358459825021	0.203152061205
-0.301012552861	0.66590764795	0.132640808594	-0.00391789112125
-0.936881615913	-0.84721053974	-0.566090292266	2.47153902277
