-0.126809344873	0.344160953666	0.0454578495385	-0.0098509821847
-0.700867972111	-0.85869689644	0.676577911174	0.969831384161
0.40116740819	0.73125977106	0.0312137500433	0.478092534366
-0.46466731674	0.874646937602	-0.176997788203	-0.313986486729
0.953976247713	-0.309687426049	-0.687105756952	1.29953856707
-0.325795285916	-0.354835585112	0.733018481479	0.498961381647
0.192054268147	0.833315914092	-0.0706690356849	0.143031200465
-0.5381428771	-0.324250017744	-0.972909746785	1.72610997167
0.179048535091	0.9267627435	-0.232264629723	0.0366865422799
-0.212573879557	0.610657009967	-0.977840558311	0.274424890498
-0.730015762845	-0.64323139758	0.302844641269	0.899407768284
-0.174029270856	0.220672112495	-0.851318137777	0.528763180118
0.580967602656	-0.385387235863	0.599522479911	0.24200474937
-0.87944690958	-0.34474695878	-0.879063434993	2.15242048279
-0.562661310011	0.768220570405	0.645822468677	0.797560523578
0.675805310132	0.235233628074	0.6293540747	1.15981674585
-0.960408872781	-0.745517609104	-0.421591711894	2.13043054612
-0.732634177445	0.691168142633	-0.0998671036813	-0.0286720878573
0.949947936377	0.26223715977	0.39754609312	1.41380698508
-0.944512049365	-0.429581853888	0.383627101179	1.28021876001
-0.225793813581	0.690117438343	0.704691540657	0.878068686363
-0.358474737958	0.609522179207	-0.489397360747	-0.148782934831
0.674690950847	-0.638086861651	0.339029956124	-0.0766928018156
0.616593834075	0.0392783527804	-0.898528088009	1.17646676807
0.242437997803	-0.653978792836	0.99622176978	0.241176777823
-0.0130296967174	-0.550034328432	0.4187148868	-0.0476488516575
0.581949330671	0.461795135646	0.747830744633	1.51200181634
-0.122244106739	0.611752260109	0.451769805914	0.420627670402
0.784309199594	0.59320774438	0.220276116556	1.25959027752
0.939847887296	-0.875604375429	0.985423862886	0.168597872453
0.0773086391637	-0.217009242819	-0.698432478179	0.628574166266
0.693477929087	-0.613936201347	0.87822369332	0.287263969928
0.928452622873	0.432486414034	0.983679105901	2.65661985084
-0.59233868451	-0.442851240423	-0.0144923411673	0.619811017568
-0.996788797	0.38678557575	-0.924789204179	1.10558432446
0.00969723523389	0.821873162011	0.281081851366	0.318084570889
0.842088209231	0.127689190836	-0.55894929239	1.05769064277
0.8503099648	-0.256749829824	-0.47088783006	0.847345816211
-0.349219442711	0.224683061749	0.477006002349	0.378200420915
-0.952501205684	-0.762577986087	0.436007173625	1.49122778108
-0.528355968359	0.850257548132	-0.93822172773	-0.0875487163373
-0.685207398042	0.373272761025	-0.778034229431	0.528658198164
-0.762875034981	-0.272529085516	0.69834194001	1.08724692953
0.570637071874	0.560745788388	0.380266863406	1.00344493207
-0.42340607164	-0.371205034793	0.496016795909	0.398351896897
-0.486603390191	0.554160302465	0.469282130003	0.447409822101
-0.707983487769	-0.441792079021	0.152589078928	0.76989289652
0.129701100935	-0.217744549995	-0.469178843382	0.310870590923
-0.223433476574	0.199470381991	0.657265549585	0.568457170449
-0.887296371051	0.0933883210365	0.408124022408	0.90911096662
-0.987320294941	-0.07276569137	-0.06071045614	1.05474780647
0.0688635855557	0.672402801928	0.870396444625	1.39389324026
-0.231631901922	-0.208176161876	-0.907798163306	1.114953021
0.469491892884	0.36278056348	0.971450409243	1.68688439541
0.495112468983	-0.233003471231	0.252237914044	0.134625088753
-0.469667483412	-0.307148576503	0.905141520609	0.906113486676
0.659014612652	-0.289638800456	0.074512089145	0.227394517106
0.654956715592	-0.376367071259	-0.42274924132	0.52028997332
0.135361796222	-0.817219777946	-0.685490506292	0.937796112379
0.654209298958	-0.733691685404	-0.652734811072	0.852970720925
0.668726990068	0.995250303389	-0.496610021433	0.865116765886
-0.925171967452	-0.763060963638	0.997333890858	1.7955541124
0.859651810243	0.136606462216	0.248173085423	0.951927154935
-0.67298316164	-0.945542509682	-0.504527389302	1.82084050392
-0.705233699028	0.204094364347	0.788580066648	1.13622361568
0.192930296324	0.592732788985	0.246077215432	0.357990242023
0.794144904271	0.720195522529	0.711217499465	2.22065172348
-0.159972790897	-0.35246447994	0.809034746719	0.451357230518
-0.389585023802	-0.0377955852902	0.469935327901	0.369578816408
0.0421227158785	-0.97187507725	0.330371673086	-0.251098247479
0.698857870203	0.483534892558	0.892498748938	2.05443279146
-0.511052153816	0.022818394902	-0.0726192061577	0.253129409438
0.0949008814594	0.797914189785	-0.901440833023	0.178052080762
-0.493365401824	0.198377878299	-0.791563577792	0.615080832662
0.748754337793	-0.213464212121	-0.916717445357	1.43685804541
-0.961153795514	0.155957916739	0.783493142597	1.50997053781
0.338030578687	0.758073357626	-0.67720051976	0.315749520055
0.669075362255	0.238442693765	-0.444082302681	0.698518883135
-0.0897728844567	0.389280259302	0.623314895926	0.60427800284
-0.942795685676	-0.747324194752	0.213431013244	1.47948836885
0.793621320788	-0.0227328940287	0.823671305537	1.27150347849
-0.325919299291	0.295795123942	0.236860164416	0.135982869299
0.0131887838909	-0.270862958431	-0.205953617996	0.0948036900336
0.478644076312	-0.624998183066	-0.918597122339	1.34789067936
0.651011164294	0.302187316508	0.257746768522	0.764864053792
0.626044680806	-0.193417909732	0.367147246884	0.334627936644
-0.206744458874	0.840364405693	0.587890288113	0.708659650403
-0.0895944974404	0.681676617175	0.712279667271	0.939839418515
0.0296682295816	-0.541536229656	-0.619430174403	0.7039514048
-0.187788400407	-0.781369388	0.677497173317	0.111623458993
-0.406068392355	0.385720735166	0.486231859587	0.432233672061
-0.886367790239	-0.393074622126	0.416526461122	1.14382485529
0.421059317301	-0.354705077261	0.645995430651	0.216111308294
-0.920035456287	0.427700228766	0.529245043389	0.95942440778
-0.417213523	-0.794255060462	-0.546343854448	1.23786905415
-0.510041742563	0.381789336684	-0.790002250576	0.387903201272
-0.675460180071	0.10198701669	-0.25590049869	0.426744823002
-0.219780726445	0.369095057668	0.831065642531	0.964595911266
-0.286904867935	-0.896086900805	-0.684695234829	1.42176009275
-0.131398371407	0.548090803717	-0.19186023772	-0.123099188059
-0.634824633667	0.137376302301	0.711285024296	0.919432547035
0.30715082941	0.310573700446	0.462096706477	0.546783051924
0.76042934952	-0.192116790948	-0.584218600463	0.885711125099
0.821442637075	0.775635456619	0.983708862771	3.04259064055
-0.0383257803694	-0.166211751473	0.606013125448	0.274364465742
-0.308362559322	0.899030859237	0.467870797116	0.457393378864
0.940753238516	0.811864347454	0.485264976699	2.27823210114
0.575356494651	0.60498502225	0.86960727313	1.96143334262
-0.877282336227	-0.184270979573	0.793391007657	1.41455232578
0.425180459395	0.984986521382	-0.832785423942	0.472824589254
-0.331411363792	-0.0785980764427	-0.0611590257828	0.144429195974
0.701108895251	-0.0136437143414	-0.345648280918	0.60617661402
-0.452819257808	0.547693842245	0.967649970236	1.42336135613
-0.334363151165	0.516911838444	-0.548665367464	-0.0436154926521
0.679362287818	-0.84123021664	-0.914879242275	1.49666112468
0.0826986677482	-0.404497007583	-0.15868663029	0.0627574197404
-0.705701684904	0.306611010127	0.764190989503	1.09993620128
0.795307811902	0.526890813662	-0.199005130794	0.986303962593
-0.707390828246	-0.758099242798	-0.188999854993	1.21567582729
0.811140324301	0.92408419926	-0.403616082672	1.1974412804
-0.668693926841	-0.231506102718	-0.624502683263	1.13653807645
-0.122328957994	0.21797460594	0.322008534296	0.162178947082
0.0837617407516	0.734484544898	0.311395040958	0.394219449724
0.777265222011	0.342643062369	0.530555792226	1.33374647136
-0.918406096844	-0.441134828517	-0.82672100396	2.29677372146
-0.242609672847	0.243244723772	0.198284735055	0.0873944822653
0.730114755393	0.939959017731	-0.700814676929	1.05174964041
0.894748286713	-0.656239183835	0.903104913823	0.436351264974
-0.718092266867	0.342555954888	0.441678247778	0.616048910041
0.672269401133	-0.697211265094	-0.904592099377	1.43221101631
0.90466782545	0.840360476801	0.591378700519	2.42537101371
0.42300547115	0.474443752803	0.0234772379624	0.391315741399
-0.968528973853	0.732879167634	-0.63479865259	0.165972286211
-0.650274404698	0.977086816347	-0.628294198885	-0.431662124598
-0.0128888010688	0.822022667305	0.587464006672	0.817593923406
0.53364084756	-0.100383621409	-0.204680020616	0.293644185914
0.246297983381	0.570291424631	-0.150096781211	0.138054460984
-0.169808534356	-0.619444422074	-0.116631455665	0.219871488868
-0.351281891407	-0.698579174663	0.99975297981	0.66989659014
0.955753276353	-0.158232512058	0.735812379732	1.18722350035
0.610701373089	0.996499716799	-0.797901814419	0.823058285777
0.441910377605	-0.987516115766	0.905506155341	-0.315369361739
-0.850983839568	0.307443313283	0.426329119645	0.77537275937
0.608211248385	0.0973785617759	-0.507221041226	0.637028388451
-0.0386164421017	-0.0460077554196	0.456176214267	0.190376980193
0.283533849086	-0.86863457829	0.708565189415	-0.279315458702
0.10019363174	0.34974849459	-0.210493606128	0.0157690720665
0.532664916305	0.00816698280012	-0.639393504208	0.691684315743
0.605494058581	0.690313359021	-0.942887324116	1.02275248251
0.172774948694	0.282724290766	-0.380234770674	0.115775732694
-0.793479528956	0.794585986327	0.634670334375	0.906228635693
0.631832115168	0.0114560221308	0.414876184404	0.583325183587
0.743138066911	0.993781611639	0.102951508144	1.40368146101
0.506556868655	0.14481476409	0.24919468068	0.428141832388
-0.644450441924	-0.782640469661	0.613513634129	0.81592774914
0.856480949309	0.321641731046	-0.21210213655	0.985806049644
-0.0821616682103	-0.654239191077	0.96600055577	0.361665574631
-0.574746237087	-0.636554397388	0.683214194522	0.728069117362
0.330474205041	-0.213292353654	0.805366792446	0.515562670841
0.226279437633	-0.184617715958	0.800417520858	0.502324144134
0.173724182371	-0.64615051499	0.244392221042	-0.180258480145
-0.0258198576886	0.781905298894	-0.419483672015	-0.171551973353
-0.224351472777	-0.529417576485	0.625614214778	0.229291180665
-0.496228367306	0.0645444913632	-0.0594631159485	0.213911630536
-0.721316424915	0.396447963237	0.589005451372	0.814770390624
0.825794865389	0.611030279461	0.32893376695	1.49570874166
0.302746364784	-0.519214689253	-0.904548068544	1.22232685431
-0.536901027765	0.484483979827	0.399593730201	0.381414676848
-0.670622756929	0.187123802913	-0.793517455113	0.805429349205
0.496542596046	0.946536747278	-0.784560433052	0.589470156201
-0.111756647953	0.713862273823	-0.424967268505	-0.190060227756
-0.0177102237843	-0.262722299946	-0.837663139114	0.926718843869
-0.983793955437	-0.187070146247	0.936783370057	1.85420790625
0.603240537854	0.567171762813	0.997262909899	2.26619281982
0.578847768567	0.133174618108	-0.461095796408	0.563355646563
0.912946960102	-0.104018444526	-0.151299893394	0.777138466544
-0.615779403892	-0.467555737437	0.130676850107	0.623073195679
-0.96225793431	-0.812659357805	-0.46602715345	2.30383088208
-0.693620291899	-0.158990705022	-0.0289675839337	0.596832986072
0.1060700817	0.547867590725	-0.946130025666	0.446171270134
-0.360372190757	0.447217827078	0.354176133155	0.252537861751
0.821674647064	-0.33154580013	-0.765492909075	1.2425018002
0.161000971004	-0.478588489374	-0.615265034372	0.62187792705
0.17560712503	0.0689179788897	-0.653732638729	0.425252781241
0.110307189634	-0.677912742467	0.400807421568	-0.173676842526
-0.601682338071	0.971574529261	0.490994642629	0.495556029444
0.23391461767	-0.0302572594846	0.490084535985	0.272992670513
-0.845208058017	0.194364718466	-0.0990773803975	0.540657215255
0.686613728713	-0.950138075683	0.578873326441	-0.395854694864
0.323462140994	0.841015253856	-0.201585570002	0.247764553981
-0.221191147955	-0.315427586861	0.720619807978	0.410684854543
-0.37316064652	0.532826663962	-0.467411741366	-0.090156777178
0.52383924543	-0.269974379979	-0.454582078331	0.462354760246
0.854756433505	0.671328369221	-0.40102920719	1.19603294455
0.330616578962	0.634812190904	-0.743743237506	0.400203486389
0.444555041083	0.14232508334	-0.725906601626	0.684526194535
0.208208748874	0.967280089448	0.860354397452	1.81716042808
-0.965864824458	-0.0314200762779	-0.820817802412	1.6627744283
0.13763181879	0.234252240351	-0.142807613446	0.0381240905078
0.524968808602	0.208157221708	0.610849286019	0.885157839176
-0.596265928436	0.794656024533	0.408592093314	0.373344412406
0.87245666366	-0.914468874609	-0.375374898622	0.447521142217
0.763221785297	-0.00694282621218	-0.353461047291	0.704597307911
0.340555372131	0.889063716051	-0.837103350204	0.375257189827
-0.900823100565	-0.402711783198	0.343019794602	1.15377880202
0.460136715991	0.90264411423	0.284396967886	0.964656380343
-0.345393087211	-0.103646633826	-0.826015837237	0.923011139912
-0.143322960269	0.917864268353	-0.365408359211	-0.312881560421
0.850224846986	-0.116842224711	-0.0864976758539	0.641128556613
0.577671270742	-0.702703048579	0.629838528219	-0.118120148249
0.586890437475	-0.12390669197	-0.0332914438682	0.276954085859
0.329536802074	0.527861631216	-0.39306183838	0.229559683425
-0.172074861712	-0.770598139681	0.966075395384	0.351056093445
-0.0360506095074	0.91891256738	0.263080535806	0.279131667213
-0.902825472004	-0.360447370774	-0.241282797985	1.2857020393
-0.0380866739508	-0.37239663238	0.358709367804	0.0107241938273
-0.717539448575	0.129507647084	0.949694095428	1.44684753723
0.136395962351	-0.396512765229	0.585584219846	0.075238378595
0.513067362038	-0.0469674809644	0.601054508736	0.572177142704
0.164125228985	0.139031283627	-0.734748468545	0.487457921355
-0.899754314452	-0.967991057496	0.214753429462	1.51875159289
0.715231535057	-0.620971552217	0.73774775291	0.153569091875
0.976268158739	-0.670287124078	0.656506184614	0.289672269331
0.371646038446	-0.0727097555488	0.750606378342	0.619932014211
0.451492956923	-0.73397366039	0.961630058233	0.0913831870332
0.622543768865	-0.851957059673	0.111177551923	-0.225177866873
0.557849303618	-0.266655654641	-0.0183354553454	0.167667616071
-0.606580279412	-0.964395981396	-0.816481516172	2.40697677856
0.249526997058	0.210137448048	-0.480873993294	0.244888852285
0.504066022522	0.860573774463	0.352816381418	1.11597247869
0.350090806333	0.623010217458	0.0656528492184	0.385886414541
-0.110666478019	0.603657507884	-0.76443783888	0.0683489877906
-0.710885314227	0.0816409274321	0.67433366144	0.957099706103
0.120797857021	-0.181955274016	0.146459111304	-0.0125864213594
-0.531673962863	0.308113089855	0.121465950951	0.171040721994
-0.47436262123	0.042279933088	-0.905299041199	0.986254247645
-0.956224837856	0.312505547777	0.0229641693924	0.623244157192
0.0542666983046	0.321837713133	0.456911589542	0.376229526366
0.541945987542	-0.207872026807	0.574670729994	0.391838521084
0.755051158105	0.445062200678	0.722768482547	1.75021819219
0.627194783809	-0.722346074769	0.447738475391	-0.182630781239
-0.623780505895	0.946673055766	0.824865252563	1.25986631602
0.14376498648	-0.927865618175	0.653148360322	-0.292157343233
0.717515729962	0.98357081385	0.602374819714	2.17589006831
0.882598095064	-0.414120172852	0.600236700455	0.525191692153
0.226970997302	-0.184886886054	0.0517562195342	0.0026615326974
-0.116204638206	0.952316251252	-0.370867531804	-0.312800498946
0.772790311615	-0.602893291122	-0.376320919635	0.499793563721
-0.900685368311	-0.371949420788	-0.903914587822	2.2995156232
0.592113353662	0.549560872951	-0.0061791466849	0.672642919717
-0.541090122305	-0.176581227446	0.495441213218	0.546301256609
-0.959811825098	0.053839225475	-0.843343188155	1.53538600328
-0.736262517741	0.57013758506	0.738431758724	1.08860072314
-0.59104995595	-0.260982419581	-0.557851729088	0.960381743697
-0.771377986983	-0.982595185035	-0.0166444820927	1.3696081214
0.796713933597	-0.972457718674	0.523705261506	-0.375031545246
0.0618970795919	0.229307169793	0.60747149791	0.52634388329
-0.793329627883	0.70947685806	0.849949232901	1.39195589646
-0.431032082437	-0.257160375702	0.562109684293	0.468047987926
0.26012679313	0.879756346211	0.677657026234	1.35190626017
0.402939249805	0.915211817627	-0.997014838816	0.612693628227
0.112601911588	-0.822683161897	-0.890342882643	1.44522404037
0.069221606696	-0.900072006687	-0.544812374249	0.729678090481
-0.575330597915	0.22140262583	-0.270884784874	0.217029555806
0.52352200864	0.704093291761	0.38466135578	1.06148546674
-0.536739764569	0.812678566206	0.0625774065049	-0.0933360786258
-0.70856287629	-0.231823177823	0.917805557948	1.29592108846
0.523579859945	0.103018829509	0.676117102577	0.854861582982
0.262658517218	0.184185088766	0.198488379231	0.193323515414
-0.686716910922	0.288131782652	0.847663543009	1.23648743791
0.749549901261	0.912266567705	0.227266415743	1.504591947
-0.44279272398	0.386022930943	-0.894636801027	0.480161936989
0.510321468526	-0.846415741295	-0.320582482771	0.202603065218
0.0059045879368	-0.645988563403	-0.976502861803	1.58058808784
0.192929786588	-0.537294370718	0.324850214933	-0.135450715393
-0.227749479101	0.866395766444	0.718594017214	0.993512816609
0.00491720543412	-0.113754736101	-0.455457202605	0.258716500795
0.101384358325	-0.87042058927	0.917724952325	-0.0345558504734
0.877656153769	0.966152474538	-0.229550722051	1.44914252486
-0.693349444473	-0.289253039097	0.623965322392	0.890135743876
0.80550717601	-0.960196112244	-0.737511201769	1.12747511322
-0.0617328311596	0.866739205191	0.375445837725	0.416677881476
0.613886292753	0.208906510457	0.140346213851	0.5541175212
0.763429716609	0.853425958375	-0.0636634573519	1.18407665845
-0.299654053644	-0.639392380927	-0.860936909206	1.57307793252
-0.926078536726	-0.213060742193	-0.57523090945	1.50838216023
-0.192820969706	0.194926766724	-0.887673037983	0.614526145337
-0.66744563641	-0.64174622467	-0.856606189438	2.15731234678
-0.767431848289	0.670016905692	-0.654976342769	0.0649081165523
0.391847674099	0.511805354648	-0.525736272029	0.361418326076
-0.164716234027	0.237033264617	-0.627780327837	0.233391530514
0.821219913779	0.528958499618	-0.305954714919	1.04056434086
-0.768597565822	-0.575954468362	0.639266803281	1.07389289455
0.447348700371	0.0715038454694	0.468251111874	0.484848870981
0.491265554113	-0.921826675228	-0.785943987714	1.13069223719
-0.40239053038	0.80349765722	-0.395865266072	-0.32276921449
0.65861812527	-0.23540307709	-0.453067462869	0.590660702417
0.178862795531	0.0390572504916	0.0420742111955	0.0423913308874
-0.395101291822	-0.0891901061616	0.131345652345	0.196881104675
-0.463147288252	-0.676230745377	0.258896301351	0.419653502585
-0.354983058441	-0.802872870885	0.187228700638	0.295752980976
-0.271608920811	-0.636194919175	0.420047931555	0.155775526225
-0.415287077873	0.492166875839	0.791025840432	0.98311141018
-0.799638562456	-0.423407277341	0.238683235102	0.933904085151
-0.650113390527	0.88343677338	-0.0958935964015	-0.227207003078
0.673055610028	-0.38594952142	-0.684307749439	0.925623707954
-0.159243157154	-0.309780513897	-0.510042202391	0.492832993944
0.267106134065	-0.401544376866	-0.346756840921	0.223569287032
0.170192086368	-0.187777744537	0.198636631414	-0.000835967144011
0.968053195917	0.710495714984	0.0428720442835	1.65722305364
0.0607232573762	0.966772926873	-0.0223666451606	0.0412697150587
0.535841104975	0.998292947114	-0.389918476668	0.584835638891
-0.114907036407	0.920655927675	0.76244504161	1.19068577138
0.609418166002	-0.602989663592	-0.94903866161	1.47685253068
-0.99456228365	0.985995217971	0.0471224738293	0.0572035418
-0.377152271053	0.487203080187	-0.550147312446	-0.00687731238482
-0.435428980881	0.138880437229	-0.435113010267	0.258020476738
0.995935257046	-0.857099748221	-0.0277687389465	0.16284286019
-0.442505582102	-0.124021784146	-0.102384563307	0.273872036992
-0.0205937112818	0.19315797185	-0.630420731917	0.272105770682
-0.0579325043367	-0.329281612907	0.202409486249	-0.00324783844973
-0.22735096373	0.23525033592	0.71174194903	0.672218204726
-0.479563045041	0.872018207578	-0.472563827663	-0.376974683537
0.56044021303	-0.842883747663	-0.489556074089	0.494011293378
-0.991257107344	0.306682656707	-0.997028537212	1.36688383311
-0.372284653318	0.0259780916593	-0.909062316009	0.931703208468
-0.863748191756	0.146583122285	0.794732049596	1.36754336781
0.623296880975	-0.91818021573	-0.975993714533	1.66490198737
-0.93749241551	-0.905461877609	0.902639892602	1.72520843569
-0.204037591104	0.65684566241	-0.909871835266	0.137831520166
-0.633410560555	-0.0822454181887	0.163418593122	0.466569260708
0.157739547917	0.4077083313	-0.446830925677	0.106674677899
-0.280551434462	-0.076400494031	0.864359101262	0.78122256915
0.970582038222	-0.112377808335	0.735934052922	1.29185388496
-0.687876449037	-0.916323561892	0.85472374335	1.05084057957
0.0188008494966	0.861156240632	0.148846242967	0.166879015886
0.735551103816	0.182308025823	0.820450749865	1.4978464854
0.380893677894	0.411919906984	-0.196619871298	0.259645416921
0.389821236973	0.853636081221	-0.847228041994	0.479296999374
0.0744095852323	0.243812896696	0.186615574172	0.104003459123
-0.362115576727	-0.312995554558	0.541207515163	0.36797828479
0.751251749049	-0.346192908291	-0.0812620995431	0.339037053983
-0.276784684728	0.439681361013	0.565174699908	0.522831917494
0.230180173036	-0.503509554205	0.631789931839	0.0181312467881
0.120200263707	-0.60931907213	0.611729064587	-0.0573179473247
0.95039370906	-0.182003896766	-0.205720561938	0.810035737231
-0.319468423505	-0.0664497801987	0.0227635440262	0.122294226579
0.714206909326	-0.0352317766655	-0.909764393024	1.34465259773
0.67158606073	0.36471843463	-0.544564740664	0.79390561076
0.286425514569	0.761486928598	-0.196999600744	0.188945082545
0.341113493634	-0.277833180258	-0.40213052177	0.295019927055
0.874363729331	-0.856589042803	0.734461780499	-0.0741562653186
0.425003947393	0.388696781211	-0.433169671945	0.365090329143
-0.166673926554	-0.757471832712	0.39939263647	0.0110168081524
-0.0185574555736	0.974406301459	0.155746406729	0.158279100863
0.651460617084	-0.0902668413442	0.495368442555	0.566270192715
0.0251358231172	-0.849838620575	0.824043788471	-0.0419856548105
-0.0448382696214	-0.155503411593	-0.525828568329	0.367246793877
0.634515871305	-0.717282960086	0.231841199802	-0.165062431591
0.949922392922	0.247839539824	0.853683972805	2.07813384971
-0.137933704499	0.636811052805	-0.804132289107	0.0657364080209
-0.452577301955	-0.718150382607	-0.740233716223	1.60938985796
0.906685425587	0.157209067972	-0.299324437342	1.00715623465
-0.847069121683	-0.831968235185	-0.359324325741	1.85032109537
-0.833439634811	-0.195937965682	-0.16981281349	0.920033260284
-0.625932156352	0.36990271394	-0.269036387688	0.133120348924
0.1333288028	-0.922190516749	-0.323906056259	0.298440238786
0.39589474316	0.264579812352	0.356417385036	0.482812601726
-0.971752101625	0.0901246685698	-0.968683755517	1.70776922671
0.313248357048	0.161633050256	-0.563013983907	0.37473889915
0.777517210839	-0.562592913324	0.382008269395	0.0981225130388
0.779181857277	-0.748497607634	-0.0387792595397	0.0544386245881
0.125458325879	0.0167822377434	-0.956316404451	0.916337199148
-0.73285106664	0.335305100424	-0.681091093432	0.526853745452
0.0236389741531	-0.44997718749	-0.516901889147	0.489703423284
0.616587134995	0.988461499066	0.945422635702	2.81799017464
0.842664100715	0.990595075421	-0.704253444044	1.34316461497
0.672548329589	0.701777862165	-0.756426900896	0.96563878758
0.315261273991	-0.885113753191	-0.358204460872	0.265709711981
-0.860694400984	0.105551854594	-0.517338038181	0.86297961799
-0.391934808068	-0.745614509948	0.528351066656	0.331053801615
0.563066507644	-0.729259498344	-0.318145301637	0.239649209158
0.368974749471	-0.387945513292	0.634143635789	0.149125239697
0.779234209863	0.258218357918	0.464105569113	1.14365308916
0.969989000687	0.0191337891019	0.828379318363	1.66150055669
0.0577979515902	-0.694605139998	0.959978477092	0.217946540956
0.393238074665	-0.907692289329	0.165641821604	-0.325217576073
0.224728778632	-0.636217984255	0.153336541666	-0.166516837041
0.42686788902	0.181645118625	-0.897590765347	0.902380864002
-0.812689516912	-0.806954509056	0.176312883446	1.2050774776
0.893012515641	-0.87324199441	-0.927965012969	1.68911240686
0.0325912734823	0.0593301803153	-0.974046546703	0.893972155132
0.459468327629	0.635946736793	0.321503244482	0.811131803119
-0.959055566139	0.192405896319	0.459143530085	1.03441433678
-0.314693080744	0.702327932933	0.0275352042115	-0.101889075311
-0.51868561337	-0.023541712935	-0.398473169887	0.449407121428
0.13731620573	0.535925424658	-0.337250413409	0.0254437565466
0.0629039099344	0.960182657564	-0.281273580262	-0.126603041548
-0.12793145205	-0.595440386392	0.924455426608	0.396701749027
0.230741912264	0.66570928275	0.273026064796	0.463148080814
-0.801014444436	0.621901594501	-0.130064605292	0.0795013961128
0.354798905696	-0.401190594884	-0.254270600567	0.150204791259
-0.564098071469	-0.179954949994	-0.0401054575523	0.428544497812
0.291054641957	0.78906626297	0.506445541999	0.970480381487
0.274050829335	-0.098119653524	-0.97316061248	1.09074184444
0.890946026205	-0.957519440404	0.698667982923	-0.240164544506
0.674558728318	-0.264492606854	-0.143311302819	0.335056591011
0.37933983218	-0.235087766627	-0.3633848569	0.272196442998
-0.613095395755	0.79919296129	-0.655881156047	-0.208091073089
-0.509278623752	-0.866996741625	0.816315269869	0.659535564689
0.0395696931769	-0.763456973409	-0.133394603135	0.0909911625507
0.833126640748	0.597496191189	-0.861480303415	1.41930710725
-0.79766711569	-0.495729879986	-0.0958005472905	1.08836918966
-0.942311854967	0.540374923163	0.225377888862	0.551333687952
-0.129029084076	-0.412597215531	-0.955808704797	1.3778198357
0.640265699539	-0.426758090812	0.355814311865	0.111458786571
0.6668057734	0.431340830835	-0.869975509591	1.11385192392
-0.379719590776	-0.861523695742	0.942321201449	0.547461595462
-0.236290450622	-0.473708145641	-0.890526937281	1.38265397838
0.705428526763	-0.737478369116	0.786391119024	0.0158556790609
-0.666258502055	-0.873647058356	-0.361195942282	1.47199545317
0.184313227549	-0.725684853956	-0.288951332238	0.193398525971
-0.82228968291	-0.0535668147581	-0.522463196737	1.02116224296
-0.642696677259	-0.355046762063	-0.16155221528	0.72470410241
0.955151828697	-0.865735962344	0.385134635591	-0.0996904885824
0.55322973882	-0.702081661321	-0.702347393668	0.904047776154
0.598195409292	0.294861900081	0.7473902343	1.31319184962
0.400367911979	-0.0759579371087	-0.422324846637	0.340320544491
-0.905616166986	0.855716455922	-0.311352709421	-0.124299142317
0.925844638208	0.572384471474	0.00182605907661	1.38817593036
0.552605052518	0.555930817205	0.26323813844	0.828219033458
0.729088561531	-0.801928077298	0.364793824586	-0.212570333677
-0.717591748261	-0.407826034276	0.182273780483	0.766478252099
-0.997642854362	-0.824830237548	0.135335145537	1.72486433879
0.939703688579	-0.154453540823	0.245206014847	0.760155512796
0.634827009709	0.525168202823	0.514839131025	1.27183276407
0.00690926279946	0.430006260303	0.225854322349	0.151147711621
0.974495001966	0.508595078896	0.109381978611	1.51285942455
0.480944713163	0.823471157129	-0.288296818788	0.473062857343
-0.667125226419	-0.58582875088	-0.239123148458	1.03314230129
0.238964322716	0.409990209693	0.523211153447	0.643338341919
0.212978302315	0.228348810263	0.12995026886	0.140554160867
-0.378703149346	-0.484034522431	-0.511068496753	0.83528727749
0.747142139121	-0.327852559507	0.672542068176	0.545087108463
0.934925916472	-0.475510599152	0.886103932092	0.793347653396
-0.574960174422	-0.247375901111	-0.645673127103	1.04942825213
0.479179648045	-0.424279816037	-0.265102179673	0.209063551869
0.506222090186	0.178377088494	0.184661398992	0.413598422159
-0.338088730436	0.912316735672	0.551968799471	0.614099911645
0.915294737601	-0.590977254447	-0.0641146760255	0.338847092532
-0.951931762576	0.139650979273	0.956258879934	1.82120941223
-0.259898051643	0.686506946136	-0.150254190482	-0.191449044187
-0.258637034832	-0.145312992367	0.312671254978	0.156804555257
-0.438556680691	-0.644100505639	-0.525067668159	1.08869894867
-0.170819938378	0.624012010139	0.535502333171	0.543508394415
0.289372034248	-0.0647829693379	-0.90744405798	0.947231433529
0.643826186491	-0.238157986009	-0.801081632846	1.09369558129
0.426151431154	-0.7566465778	-0.0399972832446	-0.108977389577
-0.691751947718	0.0336973736197	0.364379887217	0.600261880745
0.244852211299	0.970111666068	0.599304927821	1.23804569054
0.29977196337	0.927274193263	0.34962883877	0.814276159831
-0.182495307081	-0.611232743948	0.60577013134	0.141542556855
-0.292246495599	-0.655477995062	0.601129808825	0.244298846386
-0.59732667018	0.0461775568903	-0.326808153327	0.420928431603
0.0195324567877	0.230206519795	0.0055754452842	0.0061926052136
0.352104811962	-0.322019287242	0.732959741652	0.311796067324
-0.193824547602	-0.298875568441	-0.656234753248	0.722273963374
-0.848162639776	0.569367765153	0.0973660898623	0.301380665258
-0.696624952582	0.0047035706364	0.435271530237	0.673518335311
-0.300493045574	-0.850882731684	0.0194344606434	0.329821665208
-0.457212787757	0.160713089186	0.0532575464718	0.146959004825
-0.564133454903	0.185565340196	0.375767313301	0.424493401538
0.751804156519	0.491948913877	-0.081899445164	0.901475904029
-0.89674308093	-0.798278775552	0.653997133875	1.4256393417
0.767299604517	0.168973041864	0.66208234751	1.26862873439
-0.258523564529	0.611779373245	-0.438692523638	-0.167256857722
-0.400710077747	0.580692317306	0.0441263949874	-0.0445496999127
0.386200508076	-0.329488789465	-0.806122682142	0.937344259905
-0.863388523511	-0.952956799611	-0.225332718052	1.83371888638
-0.367235194971	-0.502441772703	-0.0791876429481	0.36543385328
0.257408533107	0.708804080821	0.745768953538	1.3334867813
0.789502880293	-0.23573673738	0.317613743553	0.46320522728
0.880134895521	0.0845691039491	-0.348669114965	0.941153170886
0.784096411033	-0.27332445457	-0.433721105626	0.707155040015
-0.41599056989	0.593111007129	-0.579270298541	-0.0816979430216
0.870689039564	-0.0175329161083	0.770837900771	1.32350971875
0.399643134092	0.294342977462	0.767789334027	1.09284064472
0.739890760256	-0.242673282214	0.0946229918105	0.353877656424
-0.445083856415	0.612957472855	0.839146527132	1.14381019203
0.679422016378	0.442590001722	-0.434928316227	0.758987383766
0.292006538062	0.2165707037	0.823988126266	1.00591600028
0.021159059955	0.44230322329	0.515337453716	0.503314534301
-0.0469428687981	-0.758876911884	-0.48081107936	0.633883213379
-0.234113928997	-0.0601888475604	-0.960967230152	1.05019790689
-0.737492154487	-0.0114579819379	0.389121591077	0.699301914196
-0.79040932541	-0.357179976963	0.296211668522	0.889005761967
0.807974670749	0.00383782268949	0.0391937065488	0.657610497225
-0.851061051252	0.917256388215	0.426083678084	0.516039003303
0.19748842549	-0.266509859576	-0.942780019556	1.12646340155
0.119782048945	-0.460746078507	-0.61661778272	0.623480345215
-0.837934913181	0.935869850184	-0.0195413944995	-0.0999694387789
0.811938999658	0.725501794032	0.648013021087	2.13836362492
-0.831373489782	-0.955516858696	-0.730682839251	2.71765044771
0.51435760379	-0.32960412529	-0.236947355708	0.229272231788
0.355989016271	0.606613351839	-0.491123548656	0.28595610811
0.828317716128	0.1019727181	0.56763683015	1.15067108922
-0.348761243821	0.562436982728	-0.182715653952	-0.143902847382
-0.0686666398841	-0.83503402282	0.729131607105	-0.0151627105975
-0.340229993944	0.836399144893	0.296384141442	0.166927374538
0.0989941403103	-0.50295838087	-0.550455437333	0.539867271282
-0.315548881666	0.555046074256	0.247743316658	0.123312634999
-0.0262092597032	-0.581692811493	-0.208409612144	0.180597602923
