0.500814083142	-0.73495524345	0.49093426832	-0.237059449406
-0.809867342669	0.68097077951	0.843448624906	1.39015856752
-0.461409776857	-0.695467431708	-0.459169037823	1.06396777141
-0.555218881437	-0.914500883816	0.325372257528	0.62433005298
0.0627600288485	0.699712163861	0.00786681580634	0.0534191703121
-0.21855858419	-0.24736555819	-0.523602989874	0.505513157763
-0.259049446472	0.0926710476911	-0.145193359724	0.0507261230537
-0.274908489124	-0.814430849581	0.332469954072	0.139231114952
-0.40392019569	-0.79853781667	0.89705119772	0.574068622123
0.510466494318	0.996203116465	0.716759417116	1.99688638142
0.0413839143854	0.800792760723	-0.674319601681	-0.0504307628084
-0.233502093519	-0.308814735077	-0.810978798591	1.03476092943
0.785665207493	0.643298522853	0.675891548921	2.01431650663
0.743494768071	0.0173089677617	0.601436544205	0.937789759581
-0.682552626258	0.430044181176	0.0351218097265	0.188687773766
-0.811330761076	-0.811643583526	0.425391521172	1.15246065785
0.614726759216	0.709036189159	-0.850079179298	0.933650216527
0.282198034622	0.725946665989	0.275551293063	0.560460510744
0.79260323149	-0.39661138771	-0.519387296711	0.789622495517
-0.73255399062	0.74025153641	0.176656260551	0.156338634794
0.117797971224	0.980965934029	-0.366749940862	-0.0958315202771
-0.680110918017	0.253010769038	-0.54962318089	0.4535005317
0.0917481782693	0.306119582588	-0.395940374132	0.0720673200597
0.459116157648	-0.319177650678	-0.611609476525	0.633526257253
0.405672610152	0.381988828021	-0.248875943017	0.286404076757
-0.93980860406	0.102982528705	0.604070993821	1.21356686976
-0.0326338408899	0.45948837469	-0.431957799594	-0.0258219495788
0.759712417963	0.234011417543	0.00181493341765	0.755372346985
-0.276733822838	-0.451888589268	-0.985018641108	1.61701487297
0.928730032392	0.506390635441	0.948185045485	2.71204657251
-0.555868585576	-0.165984189116	-0.136150908176	0.44239124875
0.0984297036896	0.712575374741	-0.290374225591	-0.0427693421675
-0.583165496708	0.0756786150791	0.479294201847	0.561944092733
-0.245262197302	-0.532624306193	-0.425678197087	0.598714634959
-0.590772765037	-0.356899293366	0.558594706905	0.6725248327
0.142122051127	-0.982107215212	-0.987151465965	1.82457617955
-0.0794068847215	-0.178054002476	0.0847641902833	0.0125365315978
0.599567553488	0.779912553209	0.841705987777	2.1920175485
0.946041783751	-0.0757199572485	-0.86525834117	1.63755013475
0.492898206753	0.0665216562259	0.961572236705	1.26432359145
0.625653297672	-0.805677253924	0.306493385658	-0.26562913574
-0.57278157387	-0.681863464102	-0.0164212654004	0.730104278366
0.622380173276	-0.247598464467	-0.737585059629	0.959913353235
0.442835486774	-0.584546523092	-0.366041478844	0.285199962251
0.773872757935	-0.039412248624	0.81828163947	1.20571350201
-0.492575927974	-0.887914754085	0.130489772245	0.581160265402
0.868766053224	-0.191660816912	0.81131338671	1.09097846875
-0.511456272812	0.149085531137	-0.911688263725	0.880592750099
0.190881410778	-0.612534010923	0.0643310011746	-0.115752091638
-0.120204248492	-0.283205197546	-0.876470455913	1.064912978
0.330894469366	0.845284703536	-0.71287510579	0.294799677295
-0.170709778679	-0.417401633205	-0.980995243249	1.47221705294
-0.764022627866	-0.611530758119	0.160302932711	0.978620768996
0.258933359124	-0.505935693609	-0.995884285748	1.43168177328
0.341945636719	0.237716014418	-0.490407818657	0.322134808889
-0.36985966184	0.803177547759	0.519603201571	0.527054305573
-0.733051921434	0.868143570476	0.834526051961	1.32189296491
-0.227967621275	0.772051669457	0.260467202391	0.144903755728
-0.743248384105	-0.751532266974	0.524759814629	0.99199223345
0.398565869764	-0.943616994974	0.896594836142	-0.259398600579
0.535597607868	-0.986829672083	0.612979942259	-0.470841199989
0.525641391693	-0.562084853456	-0.791266800978	1.05170604224
0.180755773247	0.969308765432	0.539875442187	1.0226522964
-0.152890850192	-0.226867850201	0.929286627936	0.710810007932
-0.829320097784	-0.233411302828	0.610729233494	1.11178359965
-0.606156774357	-0.0686994490312	0.614433723744	0.744386214109
0.803718007691	-0.531360590826	-0.896513427477	1.49900679062
0.0677988820199	-0.121079402825	0.241729429579	0.0255523024021
-0.451441387821	0.2113882234	0.934189905135	1.17855745692
-0.310468877552	-0.0795282647064	0.139733128242	0.129494588923
0.178610143331	0.447611817664	-0.511186282662	0.144347988645
0.283314936674	-0.209622123255	-0.156680025893	0.0782705049803
0.697073396408	-0.896049820867	0.955666889238	-0.0817271137276
0.273868153791	-0.577992741691	-0.2028894722	0.0751427408158
-0.630842536367	-0.0946230516546	-0.581008644746	0.850202407868
-0.625503354612	0.320574373812	-0.278458443981	0.179006564122
-0.590362821655	-0.0617686654632	-0.169266967706	0.424100885884
-0.0933637702135	0.180953387175	0.898034064237	0.960789789382
0.232782932026	-0.109139018687	0.362503396564	0.120627640223
0.348510348147	0.245788788295	-0.63232226732	0.451533124797
0.150709147357	0.351573879279	0.983476481201	1.38868927743
-0.218544892694	0.971772886633	-0.225097540592	-0.332688915124
0.908998550511	-0.394327953214	-0.607207081976	1.07597399315
-0.890216729571	0.039161401913	0.584461197468	1.12210690167
0.341259162622	0.29451170219	0.556290774901	0.690256202213
-0.983233094562	-0.861182840287	0.86095483165	1.81329448214
-0.34975266749	0.778152078233	0.349051024565	0.243617561266
0.120969452596	0.805229549425	0.962613742724	1.81379203427
-0.788544893331	0.35681414702	-0.76327769359	0.650683633652
-0.0495455062704	-0.699239658323	0.191650746117	-0.0601808536774
0.704774628149	0.830707337259	-0.70717727473	0.994811078234
-0.29209458778	-0.0328425184541	0.916488557411	0.904763853606
0.806474520227	0.890171927951	-0.388791168988	1.1733697189
-0.817460778361	-0.44502596012	0.970153558755	1.54148780053
-0.999139613523	0.829300353737	0.0820507976732	0.244470221317
0.00801179206797	-0.541271671047	0.43168639103	-0.0515788413093
-0.341636717242	-0.458760858595	0.504282831077	0.296401149457
-0.0401525739864	0.992253976103	-0.489009529103	-0.284320652042
-0.717789310365	0.559047585822	0.532394933381	0.695021580287
-0.245782761439	0.878484774283	0.347089248053	0.26987631796
-0.260099754313	0.12750284252	-0.335906424138	0.104492526059
0.0518131666124	-0.754334128131	0.829408349859	0.0258673507323
-0.494524547826	-0.888862410723	-0.902225249322	2.30008332079
0.17408036758	-0.215127731666	0.342025084675	0.0362565376795
-0.364133760289	0.721735272401	0.198291450012	0.0522186495463
-0.898440670772	0.972402232298	0.569145401618	0.810914672271
0.0311501549141	-0.653548944894	0.02065108164	-0.03245784417
0.658066791617	-0.0567463024044	-0.0479985730348	0.400736649623
0.00329146552368	-0.214513907369	-0.207317015699	0.0867574967151
-0.0486381203177	0.979151122433	-0.0584276951935	-0.0990541511184
-0.978715399662	-0.134249096968	0.259193250798	1.12166017353
-0.829569052468	0.697979473359	0.491301591422	0.69345832223
0.211191721796	-0.403284585267	0.839749130341	0.32595229957
-0.293030384441	0.10833710113	-0.416538237167	0.18249830171
-0.0507259335662	0.37605213315	0.685563268288	0.711302049088
-0.822186350665	-0.892202205059	0.883289145345	1.40167406136
0.0150684050243	-0.507857569713	0.351568864329	-0.0623717893844
0.124289941905	-0.244728434259	-0.501870193475	0.359726304532
0.719479068582	-0.623044553232	0.795729421778	0.206793045881
-0.347626843292	-0.47285572017	0.0193472650873	0.276447615213
0.720298107239	-0.398824006396	0.790745923353	0.54146784447
0.037299245805	-0.790524915708	0.0167642037099	-0.041066231607
0.105622152376	-0.925319173232	0.487976521273	-0.299991109546
0.412092720566	0.124461213702	0.269660286321	0.327388887045
0.86151148352	-0.507387950502	-0.773956340211	1.29678602807
0.384763391346	0.484662151307	-0.27274330849	0.276723673993
-0.0830556348277	0.703743718493	-0.574433897959	-0.125831587072
0.144393123975	-0.798022230748	-0.192592426042	0.0964053313757
-0.0314692142701	-0.21431945126	0.525199101009	0.171008488751
0.156564759215	-0.396775615397	0.921505937831	0.445933553023
-0.501315677279	0.433028585966	-0.567117813893	0.11027777924
-0.962913982444	-0.803728182416	0.148742074277	1.60370045017
0.0679288578458	-0.584209529266	0.311067616611	-0.120035960104
-0.454110757031	-0.76744127688	0.299538135219	0.414565084357
0.214488048246	0.994005578224	0.232831325591	0.544853501858
0.098174897491	0.467533321861	-0.853752414841	0.385273829733
0.562243984541	0.691916744233	0.931678266593	2.21781251074
-0.421096961011	-0.241210200899	-0.285674006703	0.429412655791
0.85525148439	-0.514019199155	0.250537802862	0.225827368347
0.763187028599	-0.639418614026	-0.910034298759	1.5045137435
-0.810098243357	0.0618912907524	-0.397543232177	0.739557295653
-0.40069985327	-0.372554265135	0.671649374324	0.510729854736
0.774064990948	-0.39155901655	-0.622648463401	0.927579212571
0.94166979414	0.679595420146	-0.510693404213	1.44043933509
0.216689957364	0.957192241676	-0.244131766087	0.0802877704281
0.101204313948	0.904136100234	-0.298547215011	-0.0790520882232
0.16230237089	0.773022419661	0.584977046846	0.946203948595
0.0379851204164	0.698611800605	0.510535060041	0.645291587841
-0.601927361001	-0.594954442345	-0.784402645889	1.80240725495
0.366160967337	0.258889889979	-0.149574679775	0.212518438988
-0.905736266916	-0.358646247316	0.522024449448	1.23048451441
-0.695652925996	-0.23994611185	0.303790862355	0.670247660049
0.53858297756	-0.0666056057475	0.097698682045	0.257236730826
0.681219998222	-0.801011594754	-0.840824159461	1.29889073683
-0.235124549946	0.603866458828	0.581685963465	0.602918927627
0.449178486663	-0.821133611553	-0.846992441749	1.24581591893
-0.478741318583	0.0211188554662	0.748155362888	0.794619413398
0.431053333275	-0.378490933009	-0.789463168348	0.944713943182
0.0277598571264	0.890758723353	-0.0291750804895	0.000361172433147
-0.758393435763	-0.684330721946	0.596558474252	1.04179125266
0.652877485244	0.228606592349	0.509328391064	0.951352345672
-0.775130332599	-0.652828379444	0.773393224347	1.20009814555
0.377035633177	-0.66211230964	0.551133958109	-0.168648003358
-0.883602207241	0.404112123026	0.599240956075	1.02492875516
0.995708488045	0.601415351279	-0.120684105216	1.53225314299
-0.960681656965	0.767577882082	0.898020521755	1.68125280207
-0.353956225721	0.34707125843	0.135971583258	0.0681170770024
-0.257849532185	-0.493652994668	0.101385809187	0.154004248968
-0.78272478888	-0.00461090820231	-0.217045935977	0.664376884488
-0.969140818788	-0.126289586383	0.364038103216	1.1481758389
-0.919448665433	-0.914702590113	0.904630918341	1.67729677843
0.671413570109	-0.588867877293	-0.0743160525542	0.104707510094
-0.142317221557	0.798692948325	0.310968212511	0.251655777947
0.96907128493	-0.308582727963	-0.862256037476	1.64962328899
0.45354938181	0.223400716921	0.12876555806	0.352377185723
0.1710697863	-0.277118152679	0.346132570472	0.00574646645622
0.237344297076	-0.0961607268571	0.384545370178	0.144406094652
-0.255527428846	-0.391872789363	-0.555230838161	0.691289654129
0.536839580055	-0.615859918707	-0.588947016461	0.667146204461
0.243286931948	-0.108716354222	0.584254583455	0.310574653023
0.726138453313	-0.0320897601503	-0.741032439133	1.07688407366
-0.691284546132	-0.552614970793	-0.376955149022	1.21029475603
0.622743183262	-0.386454694039	0.0040833391627	0.145585694019
0.256356651348	0.654757373427	0.196136117053	0.400461085637
-0.337481802917	0.502888678241	-0.907169531138	0.310929461271
0.245741722837	0.57782557146	-0.987232813292	0.606565108908
0.293727910448	0.951353248597	0.590344840355	1.27584859938
0.768285475271	-0.223504822666	0.0917113054844	0.406460107089
-0.505588445834	0.88740517639	-0.790930804583	-0.26934667991
0.691963507847	0.730344167565	-0.512804174716	0.872629591816
-0.37838653272	-0.353933081402	0.47515879908	0.33470134606
-0.509168787438	0.222465525534	-0.418542110733	0.228046660053
-0.888814840595	0.737376691304	0.334679779929	0.493396098386
-0.0574610548197	-0.0669206373294	0.439901965689	0.171222322742
0.259195056162	0.229473063735	-0.422921562877	0.208473902375
-0.242030433606	0.0293566149409	-0.119741433579	0.0622963443057
-0.566748276588	-0.440659862363	0.770016958533	0.824557376035
0.0270061100442	-0.296599943637	-0.579769021927	0.500810897275
-0.0424080078429	-0.392083981534	0.343340111606	0.00169021395199
-0.298614321222	0.498863599864	-0.0815900686689	-0.0938426784808
0.0763080752943	-0.238536951905	0.957533252939	0.676083493649
-0.590655121665	-0.627809381027	0.366825915131	0.62395680037
-0.422205766084	0.296111942049	-0.871137256081	0.554163513818
-0.659068405307	-0.90841590193	0.272225319208	0.859892198255
-0.103052397413	0.881983976581	-0.827948667475	-0.125009228825
-0.155927327793	-0.484720745145	0.407155788946	0.0683135211334
-0.860409500555	0.808247083975	-0.884932331168	0.112742293363
0.155435958973	0.167633085431	-0.754901280015	0.493546058536
-0.694155283434	-0.15943029611	0.179629469868	0.596149306777
0.562075173154	0.573955518402	-0.365759210051	0.562384930387
0.0399377494449	0.968830031165	0.627678286818	1.04238152079
0.905731583836	-0.0469631083112	-0.0397542205969	0.781261111308
-0.819068871814	-0.739955448223	0.264343992151	1.15122325993
-0.55636336429	-0.683868528697	-0.51395120607	1.30564048582
0.162455646783	-0.0382847708502	-0.865666310228	0.802692256945
0.569519980794	0.547098317669	-0.906830025493	0.962151945672
-0.984203985165	-0.965228655667	0.425783333364	1.68895254642
0.975264023439	-0.86936690875	-0.863672148214	1.60005521141
0.83753364817	-0.919437089519	0.749704520112	-0.195846162525
0.760598875331	-0.941857077248	-0.468035111842	0.522014263883
0.683331641579	-0.94995233282	-0.568960644142	0.682011351144
-0.229704380546	-0.532996932607	-0.567581552438	0.799863877801
-0.726099869109	0.12118201072	0.812435729024	1.19773518682
0.979837420179	0.0945574677415	0.889319525958	1.92771333687
-0.858613085708	0.152553709001	-0.0582688832609	0.600737948622
-0.389913624082	-0.970102912928	0.431348510357	0.297898067759
-0.616459261153	0.787446751083	-0.428888242587	-0.259188350282
-0.456600839332	-0.0500770799869	0.924476961409	1.03971210866
0.945079356803	0.590162863371	0.202709457747	1.61164844826
0.812521468901	-0.64360121758	-0.752016573359	1.18677903959
0.551051218023	-0.300012814727	0.824421920661	0.570669380233
0.219478887091	-0.509180123049	-0.425964353152	0.334754907051
-0.240006424232	0.297248101261	-0.195009587765	-0.0336758605914
-0.356560363862	-0.0442727002097	0.219020544597	0.181194551218
0.448672156694	-0.0211252760054	0.0489992935302	0.193194188213
0.756637251587	0.448909049194	-0.0715113691946	0.885173014856
0.479913392405	-0.514567558726	0.841577696468	0.258573439922
-0.343411060776	-0.24768362356	0.212124084373	0.195445417876
-0.0232633757283	0.685391896304	-0.124083353997	-0.0850523911113
0.834315519346	-0.314285095214	0.172561880042	0.409413428929
0.579683314608	0.254719797757	0.826396497688	1.37712028204
0.760904810697	-0.88444611671	0.757250528364	-0.190322100546
-0.768190826174	0.150627629405	0.666256315683	1.01866046994
0.44623719363	0.645627810318	0.872817889835	1.81255734702
-0.755177516576	0.774384973445	0.345014866608	0.371704546919
0.403849760959	-0.353905071532	0.783381551259	0.356614101804
-0.0315715079743	-0.732032256213	0.691318759922	-0.00403788143717
-0.896191393871	-0.750200839802	-0.0117105638969	1.48440496293
0.29090603404	0.468987682074	-0.740014099291	0.421621037268
0.775759008328	-0.847839404665	-0.66174194862	0.943036289541
-0.286036260205	-0.992068295675	0.163801856301	0.229912667033
0.0864299202157	-0.0802277630981	0.536309423085	0.245136943892
0.63519579777	0.963641751971	0.144044984164	1.17513161128
0.440248809605	0.483792922261	-0.927017778471	0.817685594046
0.981705855688	0.404725519955	-0.365186254279	1.34662860365
-0.267409911361	0.165679549351	0.645652099737	0.551041689905
-0.506165239239	-0.927829245948	0.132732071334	0.620303266763
-0.642423313307	0.113944878999	0.380431210017	0.527582960527
0.971423314119	0.166913410675	0.00827315609004	1.10725617959
-0.545904244246	-0.780527911949	0.985912539365	0.926596223333
0.751981695262	0.750940666846	0.699541014995	2.14484153365
0.703177994637	-0.866114541025	0.855385130691	-0.123751172003
0.662611979002	0.313285006538	0.940609747603	1.8260666611
-0.855618217181	0.459525863729	-0.315416570622	0.293449374273
-0.137852853274	-0.793376108734	0.384511516813	-0.0288405749469
0.635470296436	-0.779935458932	-0.864696963751	1.33030534274
0.9944723243	-0.987993664048	-0.105926217958	0.12231764417
-0.761174138416	-0.490026159529	-0.714667637308	1.81333697824
-0.686109319386	0.882983077467	-0.876874112943	-0.14043371301
0.742446695396	-0.696374139561	-0.852175978703	1.35384362943
-0.463960054482	0.883008144215	0.0805593451333	-0.116797208609
0.868182438917	-0.417872705538	-0.749423725347	1.26575064241
0.786544538078	-0.325179363434	0.65864409627	0.582518835772
-0.306795868018	0.0187121433081	0.397330242337	0.253689118295
0.830445869623	-0.791229463543	-0.290698603343	0.347082080412
-0.172539245791	-0.910368492348	0.652043880455	0.0184051020445
-0.67646398193	0.328552959237	0.236294405636	0.368819548126
-0.889955090315	-0.0198550210488	0.459752167538	1.01193380642
-0.450642428942	0.938299832711	-0.85542154596	-0.290654989105
-0.192565185317	0.89597214367	0.300014665446	0.223361891126
-0.761987810713	0.47790999093	-0.489842462435	0.222308867194
-0.536493691272	0.731003558861	0.133875846598	0.0114331457591
0.340514069718	0.176675613907	-0.86150904568	0.766100560244
0.44625581243	-0.201755433628	0.0116778023032	0.106890026181
0.909813307644	-0.178156454098	-0.188283810016	0.734665911057
-0.508294102569	0.0766458792112	-0.932315259773	1.01715786713
-0.994642205956	0.813260301165	0.0582333813312	0.231160121843
0.637916123191	-0.639149011772	-0.90644687868	1.4002140911
-0.867233485495	0.380093041622	0.399758601235	0.734216906984
0.929317378299	0.251532606933	-0.99825649626	1.84280638587
0.931884544423	0.794936797484	0.763366707029	2.7987551343
0.616862207744	0.710309979615	0.546627320363	1.5057586337
-0.338415143118	-0.554709672635	0.44719627546	0.254167371567
0.412896809117	0.392072980293	-0.39962277675	0.335386528107
0.248957796189	-0.241528258688	-0.614637314919	0.528080950572
-0.500296930779	0.627354373617	-0.176743681799	-0.143209041414
-0.562656398463	-0.43847217202	-0.0983046547081	0.616059056472
0.154393514546	0.400184701036	0.24488937598	0.243595067975
-0.729286577231	-0.258215836366	0.913037000485	1.31804820676
0.283149791314	0.254276972187	-0.0778335060585	0.138439062342
0.296750311733	-0.502739738559	0.210600037256	-0.122652058603
0.0695345317336	0.0865331122989	-0.530994846368	0.246858980745
0.212028207986	0.75787159161	0.646716249599	1.11401589733
0.772377732187	0.173288047078	0.849328047118	1.59894772023
0.111456441753	-0.841732519411	0.269543258648	-0.235623731023
-0.433549742151	0.0894931898787	-0.387301347505	0.26450713027
0.21865682578	0.483682132517	0.726833817776	1.03341513687
-0.856698633642	0.475734922277	0.596506695361	0.965970394959
0.189961246882	-0.828728262199	0.372214535658	-0.291262023443
-0.178957529834	-0.81788912682	-0.418481920589	0.695792145778
0.0765860261131	-0.886144728798	-0.850981193485	1.41626060663
-0.854858137374	0.565103134654	-0.150940523334	0.185185500623
-0.782787927702	-0.497846653578	-0.719384672345	1.87812284859
-0.00462913252932	0.214180587953	-0.746335722791	0.396196345737
-0.685715339107	0.748140407914	-0.97853050861	0.182637915186
-0.812784489582	0.959887497148	0.752210656681	1.16829543367
0.454806029685	-0.103338536972	-0.494273783022	0.455233637108
0.56729095504	0.969078753538	-0.481895757102	0.636797220359
0.848013207468	-0.833059385471	-0.44997404137	0.590012774843
-0.363081369452	-0.86744069967	-0.690047149859	1.5215196895
0.842996666435	0.495019810394	0.794883164259	2.15326558768
0.284755763961	0.0453629309311	-0.991363144345	1.03183294728
-0.0987893808937	-0.751993002838	-0.428369910341	0.589680220253
0.0316496404897	0.397861379578	-0.236736271651	-0.0245502879484
-0.939101194708	0.0783189232387	0.404645860875	1.00379136036
0.461804037706	0.322030034315	-0.601764873342	0.530312339326
0.382608334328	-0.192333729884	0.957729049977	0.805841982241
0.387455614723	0.96442170806	0.213559018714	0.775360867203
-0.715745083123	0.757219620619	0.0559109097271	0.0157776713911
0.674572609143	0.0423894078526	0.572451911022	0.835610026427
0.708918570661	0.0791820258204	-0.155492114695	0.570564765486
0.68217949029	0.971854315249	0.622284861435	2.12035661506
-0.782841312407	0.42760289924	-0.729111316684	0.497928504814
0.665889747468	-0.871376831165	-0.924761098877	1.52416674365
0.822308677043	-0.209295239427	-0.0719948540532	0.524337708122
0.513973173644	0.10007302626	-0.817849283496	0.902636071819
-0.500086575703	-0.807294376572	0.66754035089	0.560512212221
-0.220398600899	0.873373539458	0.77268528884	1.12797067831
0.00482908851557	0.730106239132	0.609655866867	0.820342895879
-0.0858687735009	0.0502078563391	-0.229080670079	0.044038463249
0.785041791301	0.790396884904	-0.925665919334	1.36199913557
0.915755736787	-0.404395504412	-0.751877572002	1.33765685963
-0.734640560056	0.416614643473	0.267975310025	0.417087942499
0.956144477746	-0.522823922729	-0.385521775124	0.764504101637
0.95959397805	0.742949554633	-0.593000264986	1.54483055284
0.213733382391	-0.351397945057	0.236296924538	-0.0566215297736
0.091171921088	-0.455680820454	-0.0689400848856	0.00293443313797
-0.635846966253	-0.485617321869	-0.62909787194	1.41434462161
-0.636029844515	-0.405453518132	-0.27071063065	0.84545932435
0.803738666407	0.0635320633902	-0.629202960937	1.05298082343
-0.172882198401	-0.250141063338	-0.0462995499107	0.0868582584328
-0.626170225549	0.637902694608	0.031884102621	0.0140090281802
-0.677760868852	0.759708613171	0.573877112938	0.709773351966
0.791814727131	-0.625143666004	-0.0240549418811	0.147589035568
0.155944114904	-0.167101172518	-0.547662765028	0.389709716904
0.00505460443354	0.947164161831	-0.369240209238	-0.208579671982
-0.931061080714	0.361238362647	0.255412358792	0.688039971012
-0.185098484149	-0.188673361913	-0.0768149901725	0.08957808728
-0.325490077148	0.693460250247	-0.202181370089	-0.219098077117
0.39526539193	0.0530406281954	-0.484726329212	0.386449279977
-0.0436270488949	-0.701873081064	-0.813014086204	1.26414857662
0.948250828491	0.708190570098	-0.0113572579224	1.5628078129
-0.393779847074	-0.489320449162	-0.532808848349	0.892346633475
0.383053855869	-0.782357462745	0.268224739358	-0.290857902002
-0.603383713495	0.909398727259	-0.191082881579	-0.321902337066
-0.672403754965	0.567695198834	-0.813278286493	0.270133819042
-0.0735168332167	0.617093403803	-0.918013053215	0.23628613805
-0.122033986184	0.555347591796	-0.0885382918632	-0.0942094846024
0.44022747747	0.253306000752	-0.793555508753	0.734030466833
0.0908853233847	-0.740408758026	-0.373481495441	0.356985250218
0.0138427452321	-0.879542394367	-0.571180714957	0.816641403097
0.856829003522	0.722738813655	0.735224302481	2.42534943389
0.976184100127	-0.787680763483	0.730421852983	0.142190800544
-0.316199601058	-0.122102330959	0.994681727571	1.00652967771
-0.62416268325	-0.401263789303	0.133468066974	0.604290761181
0.634005775662	-0.452945784955	0.364517368564	0.0825593862008
0.576888329201	-0.67240356861	-0.479866257923	0.4978337829
-0.69282186191	0.964518665737	-0.663711786342	-0.387886556769
0.255917636253	0.661971842231	-0.451216063056	0.13980771273
0.596976985166	0.136404936332	-0.781578962152	0.942066573978
-0.939882747375	-0.466935796153	0.268730090937	1.26898064056
0.594452170885	-0.88923263596	0.872178111447	-0.19010747038
0.596691123518	0.131827136003	0.251632679056	0.53119139935
0.636235585125	0.717080073973	0.625022164972	1.69987122723
0.973778828601	-0.0884871433952	0.819137027119	1.46058067381
0.199130855644	-0.524582319488	-0.101007438143	-0.00161820971902
-0.543552382326	0.225545478244	0.243568103797	0.287114515953
-0.531759989122	0.344120671959	0.626760461881	0.708288989131
-0.0627745610613	0.125790340068	-0.222277594479	0.017491166941
0.413328871242	0.451616600159	-0.343629730834	0.32039943654
0.532032325973	-0.510324645455	0.110954801774	-0.0327628140822
-0.922251091172	-0.236237034429	0.42506507661	1.14868114416
-0.962564917861	-0.190573813291	-0.417342299908	1.36367999687
0.411684790299	0.501491428354	0.151604556128	0.474953086919
-0.674265989257	0.54324260092	0.0949460511238	0.148938106936
-0.834597957876	-0.235289548161	0.356238580498	0.936012639287
0.841995958611	-0.263595815549	0.400114911295	0.541633908802
0.123575240844	-0.86684351788	-0.174802465925	0.0902327302442
0.634775555055	-0.00789644919657	-0.359442062462	0.529964444627
-0.0129300073472	-0.0989630649824	-0.818119665159	0.751730194353
-0.314647273963	-0.921730623055	-0.350957600203	0.835682539527
-0.170434248834	-0.836573505185	-0.453890638849	0.757358204874
-0.223171301205	0.876120818151	-0.865971223708	-0.154508850038
0.870903382127	0.8477981876	-0.970723300675	1.61614928144
-0.837657705633	-0.174330014239	0.199474191819	0.852714926059
-0.881206164481	-0.752413413431	-0.6924701838	2.44009445262
0.232825622266	-0.190858846514	-0.793555172379	0.790957777135
-0.670304184092	0.492885025225	-0.397221266096	0.0809251250066
-0.464768685975	-0.321321926407	0.974301761989	1.00154970532
-0.0630762531131	0.149646533978	-0.590948647308	0.255326357979
0.00591630706618	-0.561030364993	0.738339617184	0.127630220162
0.455236446868	-0.450983268392	-0.637436619027	0.695734894976
-0.135150516853	0.141533180615	-0.117229914695	-0.00371169009695
0.567460121048	-0.572376919896	0.798827578838	0.178104944339
0.49147431821	0.159097509393	-0.882200300958	0.957660845761
0.444272290792	0.0488318912914	-0.0797153520519	0.22153441052
0.81757614151	0.959416924918	-0.202497652854	1.29955275875
-0.0662346458113	-0.335157206104	0.483437443653	0.0982702661278
-0.763065078787	0.524480103061	-0.76763813471	0.368713241156
0.390575446487	-0.867747609834	-0.102350956118	-0.0870812149961
-0.222670964267	-0.518620698486	-0.671601229312	0.964418639212
0.362632485529	-0.345054997755	-0.587138971382	0.553701576248
0.916945040465	-0.183965258414	-0.223251150431	0.763013707662
-0.694396426199	0.569076117575	0.0146952601798	0.0956006467203
0.950191511423	-0.392332733997	-0.634374339504	1.1813892965
0.0774806733412	0.927838690315	-0.683321915336	-0.0891908497916
0.706755455163	-0.209630957518	0.250933992515	0.361709786081
0.445069604424	-0.875568097332	0.457941314684	-0.382850351836
0.531739907028	0.701388392503	-0.54330071438	0.569814378887
-0.27623286583	0.906469973997	0.751171283406	1.07108030821
-0.414372134365	0.742748654617	0.0514031158488	-0.0952482041134
-0.420219201837	-0.505915945387	0.971258387835	0.841147522802
-0.0749729463867	0.614142240446	0.112771096371	0.0415517033825
0.8177374291	0.0504863741432	-0.71453390955	1.18446358235
0.851289371623	-0.294466476467	0.92183122411	1.05234182581
-0.285766836129	0.518623828493	0.457634487986	0.380226668826
-0.460668620641	0.0797132301347	0.901524697822	1.06010442076
0.662481821218	-0.507707220157	-0.857371457411	1.27291485486
0.758623681351	-0.546256899253	0.828616550408	0.395074350146
0.63045544856	-0.758651324301	-0.275112545334	0.203579621105
0.950528387311	0.976884441331	0.144433384453	1.99401633632
-0.405446726586	0.495014828688	-0.0206203572115	-0.046097277265
0.558549328624	-0.817943033405	0.0210196542521	-0.16163523355
0.854014799199	-0.16884802851	-0.880529033413	1.50914953211
-0.233862246707	0.716722189412	0.206390178564	0.0775986154152
-0.417216945651	0.824487186248	0.0957228678422	-0.0818349004416
-0.52009506761	0.0261597058325	0.109952144545	0.271859135226
0.963288795371	-0.682041756163	-0.541483359687	0.933440611992
0.278397129343	0.791974633668	-0.219946548266	0.172172823257
0.147996758881	-0.816836082117	0.469791450219	-0.262024652961
-0.304241652785	-0.280182156547	0.593195264166	0.36348395874
-0.149453275478	-0.415232382658	0.990224767889	0.653765822428
0.301227077479	-0.267084160469	-0.238112232455	0.130578212055
-0.737834435945	-0.922080557718	-0.0359559246178	1.2591895306
-0.323159150055	-0.25835149716	-0.711183576459	0.877437907661
0.506664411807	0.00584522476744	0.868821258976	1.01959922915
-0.936559855964	0.252494543396	-0.869387825063	1.17698761905
0.454333482417	0.716478374192	-0.2229317494	0.421911815593
0.448314584664	0.57064772278	-0.907949235881	0.763068314732
0.43588477369	-0.345216460623	0.147958292709	0.0103349553747
0.873098963933	0.518711703605	-0.373271716985	1.16089981829
0.263549703488	0.0881977594194	-0.936996075772	0.888023631096
-0.775974555425	-0.835038706631	0.736369274892	1.1774481619
0.771049942763	-0.0684076375003	0.576999254628	0.835229293249
-0.265297465075	0.604355492032	0.456364963728	0.394124417253
0.0686532705556	-0.50776325064	-0.505349116958	0.481829104079
0.625801765458	-0.136728798833	-0.567440104251	0.705636401728
-0.587437246195	-0.912020624241	-0.190717863456	1.09114933052
0.294161442594	-0.567185329288	0.823712836949	0.130991900718
0.60645455752	-0.495235315067	-0.857020910402	1.22636127792
-0.32760067595	-0.122033395201	-0.678849084725	0.69097876411
0.825670123769	0.881269621842	-0.356205563064	1.22233841232
0.21989180241	-0.68303838233	-0.739747750525	0.950660705019
-0.677093381882	0.351999372344	-0.61736975629	0.383950651611
-0.667978184582	0.138891176607	0.614007848288	0.815704489327
-0.43607755158	-0.509624177892	-0.335911056333	0.696423928408
0.382123264009	-0.405809168062	0.484528276698	0.0290906990831
-0.204256292624	-0.0530309852488	0.59644558312	0.37666978222
-0.780233670663	-0.580622697862	0.804249362741	1.24163756238
0.264639691805	0.693064778815	0.915872628338	1.72702834787
-0.795795277954	-0.0455633331342	0.223151143075	0.709178132555
0.143739757817	0.385047028022	0.335788765688	0.318056245967
-0.411979295856	0.405957458201	-0.415690870916	0.00652696324563
-0.971643459828	-0.93341798793	-0.256756448813	2.15662545813
-0.890931797185	-0.283595144225	0.0566516103288	1.0335666821
0.106706640021	-0.29520823145	0.147690775521	-0.0419013389289
-0.863289430868	-0.409059980623	-0.637958959072	1.76636091221
0.396440739051	0.819052481367	0.603258810621	1.33989284895
-0.38092867438	0.253669874018	0.844644641128	0.976161995617
0.605655281535	0.612535999535	-0.091707123158	0.690040265389
0.539552272237	0.199163373948	-0.33999229783	0.446456454868
0.787863587185	-0.806973701872	-0.170012244893	0.151043410529
0.174857389325	0.316326359725	-0.791852720155	0.46243395005
0.254602572202	-0.145183583566	-0.962735434551	1.09449125331
-0.593994882893	0.455013909318	-0.585293348152	0.158805676073
0.408053846171	-0.390866885189	0.446386974022	0.031796649984
-0.152040007975	-0.369791521065	0.838419999451	0.472246758428
-0.773706331327	-0.37946544458	0.81335475139	1.2451222334
0.571524039159	-0.854949412263	0.304623134404	-0.329626529743
-0.572888770699	0.888701249596	-0.519859940774	-0.372671243766
-0.203093793024	0.819207583589	0.833748111661	1.25301980291
0.747221694578	0.246311103619	0.289286932043	0.897330773632
0.128883639611	-0.740919594309	0.261612815725	-0.204274217355
0.619363655014	0.215837353086	-0.034619203011	0.511019521122
-0.762652242037	-0.204462026899	0.747072557235	1.14294130199
-0.00939690169731	0.595599581362	-0.220973123569	-0.0882908675056
0.923908208385	-0.504179281679	0.050427344849	0.364909495286
-0.453577284159	-0.452599778538	0.0085149316074	0.407239978966
0.193617380485	-0.046826275738	-0.995605256417	1.06627162205
0.959194284352	-0.750954013354	-0.910199898404	1.71172499943
0.161419726481	-0.877814109056	-0.126239629982	0.0111111872103
-0.160180739601	0.177510302379	0.174076851737	0.0584273227172
