-0.0434983845043	0.0108487367743	0.709262459732	0.512168045446
0.813259690178	0.992405532735	-0.859501247344	1.35424334068
0.401524349552	-0.733858707455	0.728749002388	-0.137164029361
-0.470130442922	0.0978298705413	0.869083663099	1.01535858871
0.170655012261	0.638663095448	-0.292587614121	0.0368567922069
-0.802820850649	-0.221761092308	0.480153219044	0.946623558433
0.803526922767	0.747755606752	-0.520531982458	1.12822011367
-0.669691332509	-0.814256559759	-0.719387430788	2.09707125145
-0.157596198426	0.358305711669	-0.918306626605	0.482621494816
0.42814445543	0.57050214801	-0.743519489198	0.55620677134
-0.2335360493	-0.544060126828	0.178586659722	0.116328053216
-0.75614229521	0.212302929425	0.0550002343653	0.425921682925
0.229065295612	0.945166044626	0.45614582313	0.908178204449
0.851972726639	-0.202624153913	0.880626045814	1.15029339916
-0.584871087546	0.535740472938	-0.356338879403	-0.0351926868057
-0.821477698533	0.427877366746	0.418163616614	0.677117452105
-0.444143023043	-0.315843293051	-0.28905277142	0.512389503758
-0.784147774586	0.15893043942	-0.903669741865	1.1632611552
-0.896565138319	-0.811623019922	-0.386645865123	1.99480766207
-0.884069725653	-0.271994355651	0.459076291391	1.10792613644
-0.328778150157	0.0600808464399	0.143291221164	0.117483234386
0.698899269199	0.863351266661	0.305257689366	1.44858262751
-0.653309829459	-0.479629261128	0.644043890682	0.846050481761
0.294326766787	0.536208691258	-0.739849821034	0.395112669488
-0.150285948265	-0.22063888692	0.12361837273	0.0437512725054
0.0364568990255	-0.677488202563	0.774284489854	0.0515778504197
0.451940228976	0.943109880691	0.34840968278	1.08045718741
0.893607577011	-0.765870593097	0.476568760787	-0.023725479028
-0.902870101739	-0.770110831937	-0.784392571535	2.7298253879
-0.540643240744	0.181319183533	0.673744336344	0.7703603265
-0.531863585632	0.685609240876	-0.255059720865	-0.191587555866
0.0809328101059	0.0602161561971	0.169309595444	0.0502844946409
0.446172751678	-0.386409158458	-0.714426910243	0.813131798083
-0.755261088418	0.434619993229	-0.791295723926	0.524403723074
0.370574587968	-0.992624592733	0.464410051771	-0.475824066525
0.353453428716	0.84861980841	0.127593134468	0.549434976521
-0.542738353179	0.298300944223	0.945250764899	1.30813376103
0.500362708598	-0.514277784899	0.384114771756	-0.0569601213528
0.673561562981	-0.343085770517	-0.0670198039532	0.2500809865
-0.0270005689299	0.890803653462	-0.288728102864	-0.197159306231
-0.982537495239	0.433866392323	0.644947871511	1.23486889438
-0.466012894302	-0.479324548421	-0.191970881407	0.569408613124
-0.341861904492	-0.668583481656	-0.876964901172	1.7008244689
0.756318241963	0.479660388486	-0.492597724204	0.941166087017
-0.672767662668	0.0764636689531	0.811088781918	1.12105788036
-0.94608396968	-0.568562838892	0.308588066192	1.35275795295
0.389323667613	0.10838845779	0.622651811009	0.648954657365
-0.815270371398	0.536494411495	0.985800820719	1.72795766966
0.799147768528	-0.0905623029631	-0.518807009706	0.882409564531
0.40198678152	0.439355528115	-0.383402963243	0.316756108034
0.385927583638	-0.724791831763	0.602143708801	-0.204628856098
-0.726701158451	0.00662851293787	-0.8264069199	1.20074817396
0.331364046172	0.851449981977	0.553166641576	1.16892910259
-0.0717757780028	-0.837900385359	-0.543868528431	0.816793340131
-0.283551437867	0.142480304315	-0.734554443696	0.474911612841
0.341793223367	0.644932314419	0.133186013007	0.440890579816
-0.671859832861	-0.44739144574	-0.650618616288	1.4663657642
0.316680697253	-0.07286357073	-0.612719688069	0.497282538107
0.0718819699489	0.181019194229	-0.296989226386	0.052620884018
-0.190871945533	-0.53767374797	-0.943972752682	1.53769285965
0.115058781761	0.865867367888	0.372910175717	0.574816919236
-0.802989098913	-0.0714730103812	0.863205762078	1.38561181447
-0.827372058523	0.712454657352	-0.511981019668	-0.00755925067209
0.686318104186	-0.0842132560636	-0.138906232672	0.444228145501
0.969110311463	-0.457712326874	0.216096272955	0.443388731389
-0.501974711874	0.587505751071	-0.664414472549	0.00816484885839
-0.7013883934	0.899611146596	-0.531142341053	-0.334740522381
0.159032190442	0.41837027447	-0.456824470924	0.109392396711
-0.45390771027	0.160768362166	-0.470306073083	0.278635675581
-0.513360351398	0.934813337807	0.561271851677	0.623353251368
-0.781930123982	0.683542130513	0.972074298958	1.68631471595
-0.099162926144	-0.96938672415	0.0331817698532	0.0748955727243
-0.170930704931	-0.0815850867132	0.443696075614	0.203829926984
0.163134866009	0.394676647284	-0.221832063678	0.0526560358025
0.835878593027	-0.190435259759	-0.535664564165	0.928458211013
-0.587213287028	-0.688118798516	0.924959566998	0.967960080667
0.426659112849	0.135677001556	-0.847369204357	0.84299188333
-0.201378290854	-0.989205819433	-0.748576950594	1.54062192003
0.52178443157	0.891346846805	0.696483433251	1.84324738569
0.698989784328	0.905939593236	0.80835967867	2.50759964807
-0.0269785340248	-0.138193390242	-0.484139514863	0.305752047139
-0.814222681407	0.828882149141	0.390750542538	0.464636064845
-0.435534523922	0.580233003267	-0.0677943222857	-0.0977616164037
-0.861894708497	0.387807526152	-0.213658945212	0.371404831716
0.872626744685	-0.151515071979	0.0137274076499	0.62736986407
-0.0335741695369	0.150063329936	-0.213286410473	0.00957359708631
-0.899710897433	0.519363187889	-0.332529144482	0.280075214476
-0.479331465288	0.668366994029	-0.0574718672261	-0.125719960599
-0.81205059539	0.866130126699	-0.76043430192	-0.124290046329
0.620268328841	0.513725404806	-0.346164767021	0.645376808945
-0.418612108306	-0.332076385722	0.295807865369	0.303518779581
0.605409120818	-0.220223388298	-0.336819556587	0.420817913373
0.401322856671	0.986890084094	0.255467570083	0.874503674141
0.0339890796935	-0.726618506144	0.687364641056	-0.0505235556598
0.648741996965	0.700820783606	0.970242557011	2.49685482183
-0.702749542421	0.732750527309	0.512778110922	0.617596643809
-0.417716158499	0.625905222551	0.66842359191	0.778195979198
0.0196899682573	0.283457853105	0.945585693365	1.16813496504
0.167000725997	0.873205794088	0.83283922563	1.59457645715
0.192502945687	0.054040626605	0.456739869045	0.2807541806
0.00348307828053	-0.349167626408	0.28339921898	-0.0198427616402
0.594782406447	-0.130408061636	-0.971890072963	1.34751430476
0.202501779478	-0.930831269871	0.961325679295	-0.118172958997
-0.870770931734	0.570960354617	-0.324265591274	0.18107171228
-0.0874279404574	-0.160358668136	0.15650183123	0.0210598708238
0.866874995341	0.626513993798	0.244874065856	1.50796191011
-0.219848158483	-0.579439105249	-0.884297777148	1.47010110446
0.639113852889	-0.240401960153	0.114801449836	0.240403173274
0.598339847756	-0.223914962538	-0.11826794688	0.264502598972
-0.540268039795	0.788012571354	-0.411688132125	-0.288776757894
-0.0270520393371	-0.17633335754	0.444693893032	0.124840281021
0.163683624104	0.496119843359	0.0142591797063	0.115276608959
-0.978499947566	-0.466722714415	0.840379433884	1.72816372134
-0.538833440499	0.0475418852309	0.756399397246	0.8728250205
-0.24439349611	-0.211067423096	-0.855339829544	1.02345228408
0.32863143598	-0.938210994918	0.505472493901	-0.419064415114
-0.363483440733	-0.0472564737743	-0.294404898596	0.249883939058
0.794789481867	-0.768201098787	0.292092165027	-0.117935522039
-0.609677723833	0.0974081145781	0.399544359799	0.510873927585
0.678669316826	0.355844054379	-0.574722402675	0.827886773109
-0.538707784422	-0.583286752879	0.799801780981	0.777596296409
0.605729098558	0.500521636817	-0.570640031261	0.710100623515
0.705613695376	-0.391343475815	-0.371397599669	0.505033575575
0.49407269087	-0.319213299765	-0.683313556238	0.771433441087
0.913633001348	0.7758666652	0.874022800038	2.98562366129
-0.395275676493	0.617948994749	0.242567790106	0.120716308341
-0.20717844531	-0.110984266546	-0.0375158025556	0.0714875552702
-0.197844478916	0.0385035924137	-0.71796376747	0.51935250179
-0.988498023958	0.865567282581	-0.237517568443	-0.0276560460296
-0.233247936317	0.439756319212	-0.153412299106	-0.092096348602
-0.933082882624	-0.313984709063	0.500884495129	1.25723262826
-0.392364658953	-0.797737185767	0.68669372657	0.390701057616
0.5407995295	0.101617829254	-0.0091050644444	0.346576670672
0.897746491408	-0.967764573286	0.531152607496	-0.294766071434
-0.344804864414	-0.723512811692	0.646530683733	0.318589823637
-0.160175376991	0.225492212126	0.575571573717	0.450607395173
0.951817010888	-0.277084540118	0.235461608982	0.632421241141
0.120570935762	-0.377800307863	-0.0236426959203	-0.021523191232
0.510914040722	-0.748726210463	0.939855358205	0.0581321770389
-0.633284987322	0.0304618277832	-0.833150259858	1.05051893271
0.894056456014	-0.372455578598	0.154655550233	0.432656648688
-0.137125842204	0.893642280384	-0.95053085986	-0.0496636033613
0.963305347564	0.691887952104	-0.384937470978	1.4762998149
0.585881973734	-0.254451929183	0.0226386746306	0.188930943811
0.151000035783	-0.748677228946	0.322877867407	-0.227730467351
-0.206193417018	0.0560273561874	-0.831846611451	0.676325871792
-0.0349593528857	-0.573116359658	0.449108377386	-0.0344350902852
-0.439648778197	0.204227807101	-0.760155483852	0.526094014412
-0.278774977545	-0.619390454131	0.573168170379	0.223892906238
-0.937056163792	-0.945008904923	0.0999023181361	1.67917256621
-0.343037684081	-0.152517371326	-0.954700977534	1.22705649854
0.435633313736	0.93330516689	-0.331969562133	0.39673008921
-0.497875712938	-0.235500387502	-0.89371225861	1.37432133327
0.344172344909	-0.772587717555	-0.26684674293	0.129920976871
0.539850225299	-0.178756277025	-0.910310801972	1.18632617541
0.55000884512	0.708679649564	-0.540601085788	0.601426351252
-0.79056895419	0.330338052643	-0.133824284188	0.337545948125
0.138260587521	0.805108674806	0.712907149592	1.21263512287
-0.786158980422	0.00222743653803	-0.560975201072	0.929738462819
-0.15631423952	0.293794678635	0.334041831996	0.188233507916
-0.467870431819	-0.878753908643	-0.251464847924	0.914255999411
0.0190131214044	-0.98184962871	0.527739250656	-0.257958398035
-0.71265453753	0.421705252841	-0.667675535838	0.371574668425
0.647989615929	0.0213922573992	0.727815580152	0.979037639949
0.349915562626	-0.877886178921	0.254320941287	-0.34333083344
-0.0912119651803	0.957133615391	0.876248576251	1.52751611974
-0.207510046664	-0.510066498278	-0.538892456079	0.714180409566
-0.60970871055	0.0419856604064	0.0862472261679	0.357205419623
0.302903684596	-0.257263910356	0.850539578012	0.518428891794
0.190406022594	0.572977867699	-0.953615543389	0.508334894199
0.60144680616	-0.0368298347224	-0.480145739847	0.587810693909
-0.433679457222	-0.477250903211	-0.131220729894	0.474895876095
-0.628695516085	0.147595864953	0.110258434228	0.330895804743
0.888590702783	-0.120999361247	0.0582979790256	0.678419165759
-0.068815706363	0.0786457769426	-0.81268681721	0.595869013466
-0.585915035305	-0.45518039321	-0.380992549143	0.928569125586
-0.403976494074	0.495572064724	0.845532252243	1.09694449611
0.723946826912	0.68421949816	-0.194673043412	0.924136044564
-0.522592438263	0.844620828818	0.452234561728	0.418193227359
-0.125002945147	0.0135574035259	-0.943713538959	0.89173195928
-0.140529017163	-0.110246498419	0.793514616207	0.577424474986
-0.429684338136	0.219334083726	0.810099876891	0.924328534605
0.109299780523	-0.662156094103	0.756640032966	0.011063256881
0.05046156906	-0.946423767484	-0.754823219641	1.23892906987
-0.945243197117	0.300348521221	0.0592975427934	0.630908433118
0.59834192245	0.728428449283	0.273075159834	1.06734809301
0.314008049748	0.250410823425	0.287303302909	0.331719114123
0.48501954239	0.701911405666	0.497085588594	1.17168883189
0.159129356842	0.0231948421386	0.355241355607	0.163449320419
-0.127749782823	-0.293498679594	0.618977362265	0.255278336061
-0.0254203739269	0.647635422271	-0.755002860755	0.0652457840159
-0.0365622862059	0.859980472577	0.0365096627358	0.00262450108901
0.391710410017	0.425269397187	-0.85053520452	0.68172303567
0.478784946681	-0.147352832728	-0.253370631784	0.260216264381
-0.204383270014	0.54034567915	0.616777159078	0.645021841086
-0.68313553771	-0.477507906349	-0.330557882922	1.05998929981
0.308716106302	0.375838890636	-0.888764639854	0.66720342198
-0.317468989692	-0.921272787365	-0.485525638878	1.07629880513
0.033525211998	0.644264297568	-0.521003283431	-0.0414963560863
-0.352757563248	-0.97446996382	0.223915176224	0.300128940793
0.259757944521	-0.595262413017	0.304843450537	-0.175682269738
0.490080731205	-0.152991577406	0.421358059575	0.278279279157
0.642682480636	0.124953194074	0.587885244343	0.912413199194
-0.259811490103	-0.812536607874	0.941161315166	0.399664955923
0.370542287347	0.147208248429	0.879877256554	1.09555764417
-0.336897901342	0.0910040953879	0.343976237172	0.232464005216
-0.851321479027	0.465802047466	0.327979708767	0.588545281903
-0.23780376392	0.0468301805224	-0.744981350694	0.565523838685
-0.309427985284	-0.617679005316	0.643416908828	0.303433050561
-0.375728814453	-0.796867133346	-0.236261644493	0.684666789324
-0.811207296574	0.116970245986	0.0186269744981	0.565695926957
0.588455694983	0.152681826001	0.15059501044	0.481798573339
0.339962154547	-0.0458319756111	0.268504640947	0.159781773403
-0.522866892057	-0.654993780297	0.906945464064	0.844370785787
0.664216047391	0.52846467778	-0.566552438974	0.813776391072
0.593341846697	-0.959837323835	0.25512197921	-0.397245476712
-0.536335719464	0.00902318448387	0.694713163897	0.771711452963
-0.183078565988	-0.12163447439	0.84178997284	0.662006103951
0.0590597320054	0.609025677966	0.339561577278	0.361560729847
0.991272761507	-0.579042698352	-0.0484383915783	0.439026607821
-0.886367132062	-0.98656120513	-0.992868904721	3.62541672393
0.0861346780973	0.318731975198	0.668310328085	0.694523624395
0.18489826082	0.459890190899	0.427613557799	0.49872889886
-0.25122991138	0.542626606717	0.408681148565	0.315573980122
0.612608452679	-0.840793280683	0.0871633959085	-0.205476894424
-0.0610102087107	0.395316445903	0.319347949399	0.207830515844
0.371745979132	-0.834531097772	-0.205695478875	0.0419313967651
0.185464164969	0.735448701466	0.718675956182	1.21584076452
0.0774247505813	-0.346449945206	0.532810627703	0.0784657436265
0.989493912023	-0.330128388414	-0.343317876161	0.883644312671
0.151710681068	-0.000360037106009	0.684352923458	0.491054040675
-0.442361025805	-0.0701913001853	0.15261272815	0.239311731684
-0.386142225273	-0.792339228768	-0.142301687839	0.588062431062
-0.581263578821	0.826949160952	-0.714213610074	-0.223325345511
-0.814698605838	-0.256824784854	0.71128667499	1.19622129927
-0.46039313814	-0.060743250375	-0.56148767524	0.589302613193
0.390557380729	-0.69766290431	0.216965107162	-0.224236977968
0.504631001291	0.308662322004	-0.271398678732	0.400299720529
-0.0792679175465	-0.81493316904	-0.41748082041	0.585390661401
-0.0859518127211	-0.342022010073	-0.736931889447	0.831900661666
0.240366040408	-0.328185590044	-0.437918098928	0.31438183364
-0.797987272418	-0.798950499973	-0.733331276263	2.39800616777
-0.74465738444	-0.216478930719	-0.440012448666	1.00458163391
-0.490751222331	-0.68970601363	0.426391308897	0.467035729854
-0.950216920873	-0.770189697828	0.908296489866	1.76020139431
0.328514795296	0.0252830892995	0.485098630623	0.363813313063
0.921729782198	0.585038492204	-0.75096268718	1.51343607271
0.412891399883	-0.907627457298	-0.96239047414	1.59541518037
0.817552004504	0.00405903526917	0.801739152932	1.31774970933
-0.445134185989	-0.353099559696	-0.0467624493871	0.374019655575
-0.0152954180524	0.513317786695	-0.991458316107	0.466438943826
0.840591086588	-0.700850333126	0.404477835329	-0.00241127456728
-0.318382859212	0.753625483961	0.318592508472	0.20302682852
-0.587685700996	-0.605383482594	0.605708804712	0.701346749965
0.667385647041	-0.188815497213	0.230281246501	0.32893963353
-0.362322527156	0.548186313693	0.320879165703	0.211522369125
0.11167927569	-0.607202679922	0.989987979942	0.323613151046
-0.581202051744	-0.179441532119	-0.188487047575	0.511437383293
0.276269455011	0.191432872521	0.119126828405	0.166207859336
-0.792668289006	-0.461221845985	-0.980710859791	2.40803801155
-0.325143000682	-0.108483740816	-0.527168103799	0.476086077508
0.860873610387	-0.516769413545	-0.836540631165	1.42832906125
0.119952782476	-0.988300169731	-0.862395245839	1.49187024263
0.109969626532	0.128815071	0.443870805911	0.280457605727
-0.759406984376	0.00180790985067	0.0333912162235	0.576501370181
0.340365682121	0.227880667473	-0.755940175441	0.592592953489
-0.331039966562	-0.671225276362	0.0310330156556	0.311922756055
-0.541944947083	0.289510881027	-0.160355485316	0.116094590411
0.200442980781	-0.600850945367	-0.697316755979	0.82497512427
0.133919016509	0.342105429462	0.338181348157	0.293809025227
0.968534246478	-0.380593342947	-0.951421787829	1.83674911711
-0.201487830431	-0.671093150947	0.875768037833	0.355062172895
0.985719536505	-0.280694647609	-0.739763340958	1.44985421764
-0.0236435202548	-0.0669302044593	0.501912348605	0.220464391264
-0.891009014084	0.517032427316	0.246206744064	0.521131141194
-0.915579497096	-0.887526684186	-0.69071168073	2.74099472429
-0.724428963742	-0.127420016116	-0.66563199077	1.14498485987
0.463793725869	0.0789305613453	0.519587425979	0.562694539723
0.54515744523	0.723807765238	0.448689273454	1.21787267664
0.130842546034	0.452102514746	-0.765007937432	0.31564914797
0.42198403574	-0.229190158346	0.924989516452	0.724963050251
-0.348433444729	-0.933043109059	0.691743331031	0.279591777746
-0.90226076364	-0.487713107763	-0.498345456588	1.74551669213
-0.679051783018	0.228716794721	-0.407568132606	0.378694882554
0.244817210364	0.821433708698	0.320891067934	0.627598393054
0.980510202439	-0.81880769358	-0.19578734739	0.357195831443
0.516261311853	-0.976481010703	-0.734253888635	1.01852012679
-0.353634937975	0.688559770998	-0.975173984119	0.161057601561
-0.0558621165053	0.747549220326	-0.0195357353719	-0.0528613843681
-0.975385441606	0.744082470663	0.184876064187	0.397351748174
0.531300699029	-0.179783131095	-0.420051515741	0.438722982162
-0.299327461994	0.964077839617	-0.645506485425	-0.404617918595
0.405998139046	0.179397345372	0.426472762949	0.496056576364
-0.956860095924	0.686058182168	-0.904613150296	0.456827243403
-0.705972495443	-0.0186981483699	-0.603020626429	0.886506787828
0.932022603885	0.677943706441	-0.734759840965	1.54227120668
0.942023751547	0.970513207435	-0.499062783822	1.56637188023
0.239336036433	0.238038365577	0.743694175986	0.844361670808
-0.115917132173	0.407374448601	-0.861206881815	0.357058718404
0.305730347132	-0.283339971071	-0.659296633505	0.628322557461
-0.220919630075	-0.239058430962	-0.224168816256	0.205459286753
0.597242079676	0.724056032967	-0.225383782312	0.676742194681
0.231381042193	-0.730562455692	0.286178909721	-0.242674314383
-0.0542104023704	-0.438985292214	-0.618503339517	0.680796587277
-0.825721778373	0.907974271168	-0.352620801033	-0.263746860122
-0.145948998911	-0.778019216409	-0.0649981505157	0.189646805754
-0.127566927694	0.88522116324	-0.275753903708	-0.264714599081
0.783689018224	0.452380280585	0.0373561432311	0.986988599233
-0.431641305875	-0.638996817733	0.689703020607	0.49710385908
-0.379852463331	0.640145421984	0.232723612986	0.104264313949
-0.811378964248	0.300906375771	-0.450503679149	0.481580855678
-0.5078640397	-0.12136196177	-0.113023974117	0.346052488941
-0.481355231778	0.273058435012	0.454926620681	0.431444534179
-0.492120206735	-0.485501051485	-0.048038956158	0.50673788074
0.535365025099	0.986596382808	0.488683120998	1.53574909961
0.994805427914	0.267768761963	0.134286209635	1.31000609543
0.370935748562	0.449938067199	0.161625918373	0.403336034136
-0.92350681518	0.729473309622	-0.783023588006	0.221122395874
0.916602659702	0.431224860287	0.979228611821	2.61657868517
0.269619711208	0.511718413092	-0.788002993118	0.428377235443
-0.91981091434	-0.689887964263	-0.433844752053	1.96814413902
-0.428483178927	-0.15331345389	-0.223619124296	0.33357940377
-0.144727431929	0.0666218134199	-0.207835767756	0.0406533362034
-0.797974145766	-0.632753029078	0.382640335881	1.04598009024
0.302582275413	0.639526408092	0.971004141118	1.84889722182
-0.541281444068	0.0303208069603	0.000188465163724	0.276579261451
-0.327516130056	-0.614786811716	-0.716440788459	1.26236516432
-0.147350838811	-0.000747364315856	-0.197905844996	0.061137025707
0.521925342709	0.587617496128	-0.624661723235	0.602238637151
0.947194414128	0.80777827094	0.0228672484843	1.68129490174
0.406968214305	-0.140978290413	0.128994153229	0.106703560721
-0.806716385292	0.850998818566	0.0219156710947	-0.0165928576532
-0.159726773766	0.265358710372	-0.456074440038	0.0701083211734
-0.177391491257	0.983561727758	-0.119752296013	-0.246450903229
-0.983317913239	-0.280926455321	-0.671179313073	1.88218782992
-0.714109552179	0.477227741672	-0.628104380946	0.263925841732
0.670950025161	-0.641721151763	0.836280508657	0.182317311289
-0.955191121898	0.256634998106	-0.0371904495947	0.659093366173
-0.461070637045	-0.92156523248	-0.0634548982626	0.699997153345
-0.590201143878	-0.228368482707	0.309335326885	0.508166635165
-0.803430196597	-0.190607561768	0.429223054269	0.901059222115
0.176565744544	-0.719299481603	0.765946667961	-0.060098929412
0.0455197760959	0.817611979661	0.294423775611	0.366699329945
0.99395788787	-0.143021553091	-0.290260751826	0.971559729606
0.537023513159	0.766345414004	0.325942609103	1.05596296835
-0.786119752501	-0.177110730049	-0.0839570238029	0.779132980168
-0.0297668399817	-0.662351678255	0.208709177718	-0.0740771720843
-0.985859768926	-0.53597877268	0.625185862102	1.55609040408
-0.700968651303	0.574186885884	0.374174463	0.443722641564
0.352838471993	0.439479901448	-0.914776358483	0.714350366383
0.305929051765	-0.948431975504	0.0888729010652	-0.272951818798
-0.0153179616364	0.170739067273	0.921086759463	1.00328557811
0.0614735336519	0.568221043616	-0.254741200003	-0.0411466807526
0.715472425841	-0.126350638243	-0.763638542818	1.10113043584
0.23609544619	0.803220277718	-0.823282058165	0.261894213465
-0.804043501841	0.12823808018	0.188357017351	0.603009866074
0.153845867798	0.625362646707	0.665476115656	0.978900375625
-0.0778734465314	0.182494141621	0.292628237918	0.130887050615
0.804097719223	-0.342010605676	-0.997406925546	1.70750751592
0.0771381045608	0.134015474614	-0.335565622173	0.0839212875337
-0.103276078532	0.309808375178	0.0110613689298	-0.0177805870699
0.679536066748	0.764317131008	-0.175343951073	0.877877438518
-0.684202018165	0.864018242664	0.638636954067	0.836620514153
-0.35481734147	-0.191831951727	0.849421973492	0.752532062965
0.711436087322	-0.805451894593	-0.0238068892163	-0.0471441660731
0.739379480111	0.771750461103	-0.0336656238939	1.09245038378
0.494874028856	-0.739419594432	0.5905357988	-0.208940460457
0.341383428607	-0.282435861638	0.0114624013217	0.0170177159705
-0.59000553807	-0.435098721178	-0.560645292507	1.16307638387
0.252889499323	-0.180821983015	0.593197824161	0.26284556982
0.236606862149	-0.39458441897	-0.529687176176	0.452196237243
-0.424222945216	0.536883503394	-0.00673554479618	-0.0513640291236
0.790148732253	-0.759106557387	-0.421221919192	0.521708161299
-0.160828402076	-0.664709558471	0.918536484915	0.365919243841
0.338305620757	-0.308532365033	-0.0165599996333	0.0154559891991
-0.539148836717	0.468498633772	0.461600614517	0.467425359304
-0.033287750375	0.441536662027	-0.118976884115	-0.0519668451788
-0.326243259274	-0.374728489342	-0.859977186926	1.29050602209
0.0826451953464	0.712559975542	0.138482121179	0.183574001455
0.646620222521	-0.559838681188	-0.224011736822	0.231706393114
0.302248373331	0.396350516984	-0.144344647983	0.174774679758
0.142590632323	0.104309623333	-0.858887950136	0.683303895899
0.128173173993	0.696238132522	0.606896968239	0.89653615569
0.703177122767	-0.365209672123	0.956643927042	0.803442967746
0.520244186601	-0.473157208705	-0.188960394794	0.149610730272
-0.366346062657	0.129884522801	0.474494724546	0.373401518588
-0.381466912505	-0.783222903601	-0.549449428544	1.17652667951
-0.2915503672	-0.513977395385	-0.614421629215	0.92816468207
-0.102290781786	-0.544843646552	-0.53845490872	0.64950331129
0.925502813126	-0.670415853354	-0.0984691818043	0.311795179175
-0.486893816776	0.292048934545	0.192267515225	0.187987088769
-0.130252238727	-0.328230635505	-0.977343449304	1.33571270016
-0.391422358846	0.949621681927	-0.507428478062	-0.442873120193
-0.881199064996	-0.743813980775	-0.945217430954	3.02846190833
-0.75228821303	0.0783779132725	-0.256536842251	0.552679104207
-0.419660183398	0.396529654672	-0.598719624162	0.130762064469
0.635565626199	0.142428223638	-0.490833708098	0.665475304209
-0.976949798799	-0.00131765897943	0.918775680062	1.7986563133
0.512251880782	0.0587778298644	0.462017357152	0.533127459184
-0.139846638454	0.988594084179	-0.771703268006	-0.286069828821
0.84720075963	-0.272223841401	0.152207614783	0.468853498305
0.882796033155	0.555918585476	0.308980689274	1.53732873224
0.626338640978	0.201750067508	0.16741685622	0.580468722074
-0.379407626963	0.236960479695	-0.77529607251	0.471415004914
-0.368388565478	-0.292277721616	-0.591491373591	0.766123701824
0.200019254415	-0.921267499345	-0.953206134586	1.64249623078
0.400429591978	-0.091919409958	-0.739938089166	0.739059654667
0.605824507851	0.155728360529	-0.567232511428	0.694785924667
0.0829702221885	-0.122738548148	-0.926970405931	0.969749548432
-0.145758988928	-0.570602941784	0.219615899984	0.0273338556596
-0.395361605591	-0.407480190378	0.936376165267	0.812658406281
-0.306952141252	0.287811744108	-0.476891035521	0.0960454049658
-0.0795916777768	0.98710023183	0.661873478121	1.01918183632
-0.028012144739	-0.551313851329	0.204482145287	-0.0546927276521
-0.318917127675	0.18252676278	-0.198120274505	0.0465866142383
-0.0254244437709	-0.670244746057	-0.83642373209	1.27790027371
0.877974815449	-0.251824273931	-0.217100024351	0.651547882709
0.133034221442	-0.458489329826	-0.284898919124	0.168493841657
-0.241338647474	-0.533286942204	0.794196643098	0.394160700713
-0.897768299616	0.780278854528	0.571053551824	0.877161469682
0.315311167091	0.945731201569	-0.0354765455924	0.36532805021
-0.375627787376	0.426404180285	0.773582053177	0.909214790146
0.470439798669	-0.526175717003	-0.377236046356	0.314579087641
0.806316806202	-0.27209279526	-0.599979086258	0.953978688925
0.501177555557	-0.505696174995	0.178220886435	-0.0606275668568
0.857367765084	0.965751887108	-0.0157758476158	1.54809734444
0.936517462559	-0.756006063819	0.904341573918	0.303198045782
-0.45069521255	0.0976806599763	0.793759277746	0.866690689926
0.0964246740104	0.079380949105	0.867853860486	0.839013386189
-0.782983712472	-0.737341375915	0.39664646972	1.05525435008
-0.725814894272	-0.05286473108	-0.834657269024	1.30595395875
0.102437762753	0.234427704339	0.0134905347915	0.0378522944278
0.419266177708	-0.798104368987	0.671400365672	-0.243903154585
0.5283673948	0.535233879698	-0.313834544092	0.492489474961
0.0542098178706	-0.452788277874	0.723332818801	0.174086879676
0.858898671477	-0.424819759361	0.379909779559	0.355768060405
0.61189862822	-0.428891463852	-0.309866801084	0.340898493162
-0.106786390367	-0.262237126041	0.0495432709802	0.0288691399809
0.139335406046	0.238629024535	-0.383355437103	0.108145484556
-0.509255157896	0.990729228581	0.647916802238	0.816513142398
0.201254977502	0.191507269877	0.936833410975	1.13611260604
0.732809211636	-0.767390144473	-0.403791376546	0.447571772427
-0.606501857321	-0.786556603324	0.474503496912	0.696822253523
-0.510532775913	0.609316668423	-0.245961861928	-0.139803839604
0.165395974341	-0.882129449859	0.623216179513	-0.279903770696
0.975805376086	0.943430254785	0.580666196119	2.75779173525
-0.174909770145	0.326168653047	-0.0645300076169	-0.0433402002232
0.0191089360423	-0.858036444496	-0.947130773681	1.69369841187
0.940406606129	0.628213571818	-0.488316015028	1.4068265604
-0.0399399823879	0.70370675572	-0.52664325975	-0.119760129937
0.0681287701528	-0.13439533045	0.371019897502	0.0832777633584
0.712378877209	0.110658561382	0.505257494048	0.897510689115
0.880473545644	-0.264646784482	-0.049026132709	0.557597341968
0.970391945974	0.416872138049	-0.00273336486964	1.3450579017
0.208888497113	0.344896307754	0.243471970101	0.258930459367
-0.0952749595236	-0.124105340334	-0.345662553254	0.183282618723
-0.993257820339	0.413366461864	0.185966711879	0.687437646394
-0.477063500115	-0.418835011507	0.621249407166	0.553150303007
-0.524759333513	-0.641319237659	0.889075317315	0.83218442897
0.595186293506	-0.608487542469	0.559520110747	-0.0353149838888
0.928506314629	0.272487646171	-0.621722610807	1.33225775043
-0.793944189841	-0.200953253218	0.46493122348	0.91262464509
0.95215973578	0.740362967021	0.968920292027	3.26771120402
-0.689977556319	0.407704875008	-0.900396435872	0.638379540253
-0.237869032601	0.666738583676	-0.0070793562952	-0.10668474793
0.761967245592	0.0201598370806	0.745373743085	1.16656384899
-0.0952893455336	-0.87912043122	-0.704750060603	1.20908369501
0.437396594873	0.410385135285	0.135363980743	0.444691614799
0.371588159792	-0.160492376737	-0.459196747736	0.36299992413
0.483461319381	0.449140929148	0.813415936643	1.47786098908
0.885659828837	0.644210197434	0.56464231941	2.03751371455
-0.314068174408	-0.607108197617	-0.973902549999	1.82906258015
-0.0648193533691	-0.988806201339	0.147915612051	-0.0560855190332
-0.366706094646	0.0664663507496	-0.784179294903	0.67291537443
-0.199535090255	0.015597840232	-0.676630636412	0.483976977353
0.0520214774014	-0.651915897805	0.974168363586	0.282720763217
-0.851379232276	0.501100628204	-0.171401211509	0.241709049563
-0.688698906165	0.638613985933	-0.847951027524	0.212000989295
0.155678187885	-0.734116905051	-0.513116345397	0.549925476036
0.719162177609	0.634100982555	0.757212119316	2.02673482364
0.821145771391	0.785779759779	0.376560390572	1.75721136585
0.215865873377	0.714305686427	0.147631387333	0.328041262141
-0.104507975807	-0.0287301082136	-0.895450814845	0.841483003078
-0.0493029525651	0.954199815619	-0.971129858708	-0.0281728167623
-0.489421271564	0.0601135568994	0.187312312355	0.25645823931
-0.774911214396	0.380139984945	-0.0409564318252	0.292020904752
-0.387999608309	0.744760743626	0.230216199936	0.0860323062089
0.476335735847	-0.737533751619	0.800421486809	-0.0740812545418
0.643291504008	0.798272476705	0.553226135033	1.67503021475
-0.698470208975	-0.48551915915	-0.989865111628	2.28741271727
-0.267285143631	0.537174218876	0.393529517041	0.294122051462
0.93813049222	-0.0664537743417	-0.699947911897	1.35418776836
0.000989657362226	-0.826737632533	-0.849083852946	1.42209575618
-0.878741813546	-0.423013275245	0.598727216883	1.24911134676
0.296013012235	0.900133401604	-0.572131918957	0.166414785347
0.0356383681571	-0.952653522754	-0.840962664991	1.47568332553
0.779244033952	0.120492860519	0.831321160249	1.49237774323
-0.750693179605	-0.191342356286	-0.776639686757	1.45895292243
-0.129205169016	-0.524726192154	-0.532785805111	0.647918692923
0.797288383278	-0.378992577801	0.46788689753	0.375094873946
-0.0581781622419	0.600825813298	0.0395388926215	-0.00625093173738
-0.103383781172	-0.114031915904	0.513075830447	0.227217044689
0.87420693227	-0.854734772574	-0.501488757141	0.697153549314
0.156941736625	0.37917798258	-0.772091617389	0.387504883565
-0.999604612285	-0.593297778326	-0.215168538579	1.76622909247
0.701366863149	0.565127991108	0.0294304571954	0.905775650087
-0.527051058687	-0.184850537524	0.968915448294	1.13490109447
-0.274127517146	0.472513486483	0.238721427649	0.115403960884
-0.118345841397	-0.32877072018	-0.313400938637	0.254171586322
-0.774886034195	-0.378044832156	-0.990393957106	2.24868353428
0.762215130411	-0.149354982777	-0.272036104435	0.581764867162
0.969242615635	0.125957221999	0.890970609661	1.96756716543
