-0.491392437801	-0.83327422483	-0.428909031705	1.19229297902
-0.250777508731	0.592172965001	0.955474706615	1.39312390297
-0.124863455077	-0.91777308236	-0.244135698585	0.413850612382
-0.573033657212	-0.490347339891	-0.477738234357	1.07184459473
-0.221659419137	-0.482809946863	0.700366743291	0.308521815462
-0.841078907817	0.597104516151	0.456040361069	0.685478284942
0.785712494496	0.566265068547	-0.208792766508	0.987628032668
-0.345743347772	-0.158919468448	-0.96979753217	1.26911077329
0.870131146772	0.116710493589	0.538575629166	1.21160278406
-0.413883915905	-0.917521215404	-0.785086102638	1.88774051305
-0.516620899267	-0.0312796556555	0.0661754516662	0.285366122455
0.264385409269	0.284204430532	-0.876506487901	0.664195745398
-0.993040294986	-0.69064903206	-0.492027560971	2.25388082548
0.83852051194	0.792889664848	0.934981713689	2.98349903916
-0.589283530444	-0.441527934178	0.620399448579	0.718412007997
-0.211847855472	0.518890816931	0.601478221403	0.608831183569
-0.164891183275	-0.574134077797	-0.543169709099	0.728744322673
-0.0667237262742	-0.556014070967	0.144366520453	-0.0178767381968
0.031117116019	0.0432722951648	0.468596274194	0.242174488417
-0.137413416864	-0.339248950624	-0.289553334265	0.24757160279
0.0728685800943	0.344296834271	0.940893174357	1.23962475828
0.780303711321	-0.112447654296	0.0652098814073	0.518050190357
-0.596854664598	0.56711735888	0.762783044168	1.03217432751
-0.843667387432	-0.799189073333	-0.249868569404	1.64815095059
0.275604050166	0.263169205002	-0.97436513225	0.841452604955
0.0849432464227	0.189376904288	0.768144807708	0.758816975498
-0.493125811174	0.55567205881	-0.952207590539	0.346740974129
0.657330732161	-0.659213928127	-0.324811212774	0.318384516833
-0.269597216159	0.800874239346	0.174711383138	0.027215107013
-0.906327431046	0.786060426848	-0.403877541913	-0.0453537991749
0.200096601151	0.901458158701	0.43210941261	0.796664463343
-0.907875340151	-0.367806948995	-0.961725704736	2.43680622056
0.739130528445	0.906578662501	-0.276503979756	1.04217574665
-0.793069451514	-0.567518236666	0.706228025593	1.17700127197
0.326646298606	0.855866068802	0.736058734501	1.55801344401
0.650740843741	-0.383520016653	-0.127153061248	0.238825151637
-0.0935241652032	-0.900076371052	-0.0956077968847	0.188120830388
-0.545224048382	0.969189102312	-0.865506676935	-0.32089377452
-0.958371088165	-0.560644573467	-0.457851471774	1.92210060589
0.298328750256	-0.743763459355	0.352386085203	-0.270801920801
-0.498505103736	0.912006817804	0.0695910325018	-0.137822306962
-0.357544571356	0.141338467006	0.183377693026	0.136849019219
-0.731026786257	0.444590118656	-0.33639482632	0.172996540009
0.520411263924	-0.732232857366	0.906634400867	0.0478840957327
-0.234988120014	-0.329310286405	0.0967479928499	0.110103486538
-0.221024920751	-0.54888244398	-0.456519480335	0.629154278292
0.320360993548	-0.864801697725	0.213728718723	-0.313570558515
-0.506058839614	0.115273930812	-0.125370880033	0.199026020896
0.669119911877	0.0919053739383	0.391865230411	0.698790051521
-0.199492904406	-0.439793434541	0.789754853367	0.403916817512
0.817645765265	-0.679656324298	0.843233463602	0.250760199799
-0.497863235836	-0.094345805015	0.197381968578	0.315176590168
0.314608447956	0.612648460858	-0.327896997012	0.198353707049
0.186822278551	-0.518653958695	-0.699837059181	0.790751620009
0.784130985919	0.233745251658	-0.369745197819	0.848433624711
0.912701400701	-0.26723953309	-0.295788099044	0.755650823685
-0.400653948685	0.63158460909	0.519128427399	0.504844568056
0.131692931726	0.525468079955	0.359612768112	0.40482983402
-0.914117512859	0.557495059368	-0.840205035392	0.563529175626
0.296765727826	0.893156762973	0.79351873667	1.69153682569
-0.791070138398	-0.838305062621	0.217541971724	1.15390803901
-0.086766860779	-0.961464880415	0.97772321192	0.106847925651
0.355128749347	0.446448852758	0.626082459314	0.956156292892
0.306778371276	0.48002945882	0.191493973075	0.369968314611
0.348676469506	-0.406156987078	0.595294963637	0.0925507809456
-0.915990275438	0.0282554460231	-0.44988988878	1.00284554347
0.535075234235	-0.804438122578	0.989136029934	0.0385619442446
0.307941950549	-0.05447207308	0.192429887568	0.104601215204
-0.332736943027	-0.54958046771	0.783400326208	0.476754151449
-0.433678360269	0.75599195381	-0.0394050313743	-0.1680175609
0.634614940862	0.698603440016	-0.351612331608	0.724073951262
-0.614044399618	0.616358970445	0.354786341573	0.343127843133
-0.660794637138	-0.371340800747	-0.816895326168	1.65269410061
0.430407208137	0.0544538206033	-0.607916898721	0.54514723972
-0.108084246271	0.963680879761	0.127796395555	0.047010344373
-0.962589341956	-0.601747940216	0.382983641179	1.42203124724
0.0338176733773	0.0204620085305	-0.603021415539	0.353131410804
-0.605019645179	0.0310552926631	-0.043852577944	0.347820902855
-0.855554023684	0.884525075651	0.742521730992	1.18333131119
-0.169750118745	-0.114660993487	0.56386527545	0.301569516256
0.939798614666	0.430134100361	-0.362328119924	1.26289285436
-0.106999768939	-0.668092683797	-0.99464423795	1.73676641179
0.636315989152	-0.724900117647	0.278627866982	-0.180711382642
0.470834034723	-0.535754140506	0.155882342838	-0.0897819011391
0.877373094435	-0.977431251507	-0.970437839131	1.80249753634
0.575484681327	-0.550036031627	0.100706615293	-0.0306051366076
-0.945633750395	-0.700489622314	0.918793148183	1.75720560234
-0.966050758234	0.0188918472299	-0.81641823905	1.56611867655
0.143619796274	-0.980005662822	0.967651251064	-0.132076329754
0.405668234874	-0.532008528244	-0.958462200438	1.37730761049
0.595851646666	0.315349903567	-0.00569870638479	0.541176332897
-0.00520974225003	0.484574454785	-0.776030699591	0.223681626961
0.446336725431	-0.776278161286	-0.575535138842	0.630751075313
0.329899243118	-0.439159201274	0.0834684980539	-0.0657337462682
-0.89416508946	0.939780627578	0.175333986729	0.154729669264
0.983703807239	0.0147748073201	-0.297780025633	1.06648051575
-0.749529204756	0.922722326596	-0.295248061459	-0.315073863279
0.989246292364	0.670151010488	-0.252389377308	1.53611403094
0.377169261495	0.651079363186	-0.15885634705	0.309631024127
0.62187986914	0.802488571984	0.656421635805	1.84344628486
0.235088135629	-0.701051457063	0.769035165396	-0.0572605861245
0.576418788158	-0.319186779396	0.745638822229	0.466252561722
0.0396076304968	0.753550488598	-0.129984382385	-0.0496387414858
0.21644588509	-0.407497777017	0.555760454076	0.0410461368786
0.0944179431493	-0.0563441463624	0.268072048545	0.0603531820527
0.293504101453	0.251458832202	0.656611991781	0.756199048582
-0.710426767836	0.202151594552	0.398173717719	0.600126049956
-0.989804814565	0.621953556776	0.724554804003	1.33972004744
0.802786106765	-0.36762264721	-0.425421888032	0.686721682979
-0.494726705872	-0.117621027039	0.492484368641	0.487559112867
-0.89846727159	0.650758234964	0.250643541832	0.448488996235
-0.982830844263	-0.78515265657	-0.326733952817	2.10091982374
0.676848518354	0.555017299254	0.257376366442	1.04287748326
-0.0965700212466	-0.261383518671	-0.39958425906	0.298679900682
0.169584049686	0.229424360622	0.605614101157	0.573376529542
-0.819135561017	-0.0721919731159	0.443491459012	0.894786230453
-0.149477598173	0.899319563977	0.679576252995	0.96089552711
0.205590620813	0.990264431065	0.342819150964	0.702863164273
0.789733572166	-0.776547072448	0.749573326228	-0.00980497914732
0.764357506507	-0.642959966725	-0.117723991851	0.182341872945
0.863507287109	0.00161905037988	0.791556674438	1.37488643567
0.287149789787	0.82241027318	0.0860788310186	0.39681161892
0.145880066474	0.103571687644	-0.290285185267	0.0905902007222
0.678564944972	-0.695561392705	-0.469549689511	0.53554435328
-0.517662765522	-0.346466439012	-0.108304570385	0.496581292584
0.0715651110812	-0.974220080585	-0.641248255662	0.971317649534
0.156564680569	0.0744221261769	-0.37895023891	0.151565376689
0.237812212693	-0.0271280938654	0.772754500788	0.626289418334
0.838617169615	-0.702224428564	-0.0582155528577	0.15865072839
0.275525814699	-0.654993367502	-0.406402874318	0.326801376827
0.167313061307	0.365227423612	0.851152804478	1.12442642125
-0.0854344026363	-0.842225566055	0.604128894947	-0.0645870035321
0.752892113576	-0.907313022334	-0.508938895178	0.604523401817
0.989435608743	-0.813086517633	0.269687269325	0.0279382108846
-0.44529503864	0.209010728108	0.862381518387	1.02916510351
0.776684454635	-0.0810018123437	0.421795603125	0.684071216152
-0.636719520233	0.74298030424	-0.197337666238	-0.175334160196
0.441989724957	-0.604336898599	-0.803780770181	1.06006212169
-0.927688838332	-0.485778651839	-0.346600502614	1.59976104728
-0.680459419531	-0.167319529782	-0.985591315544	1.71317808849
0.703832097559	-0.0432734998825	-0.321573038338	0.582247153185
-0.837463782336	0.230052202654	0.900851918726	1.5274623466
-0.172768402589	0.534057763734	-0.0340299996324	-0.079435330426
0.514353990027	0.381536240361	-0.886187708098	0.908020642209
0.191001585969	-0.315071158201	-0.315106396274	0.174875493136
-0.514404131213	0.375730937257	0.523099200586	0.541511390428
0.690781462768	0.485017356945	0.942034547288	2.15655222316
-0.45748543599	0.435845456844	-0.689469011162	0.184765556498
-0.355183539116	-0.117983382776	-0.0755540300493	0.182683633414
-0.904178459717	-0.944440266622	-0.976742776142	3.54798289125
-0.195659088623	-0.393171206365	0.489281555024	0.162235019717
0.895906547212	0.554854700767	-0.948380030503	1.67295806473
-0.749644426732	0.545149527907	0.68651435863	0.998853404312
0.721923292867	-0.145170065006	0.774586519841	0.90390909071
0.87330889144	-0.372325077796	0.703737688739	0.670741163767
-0.741983727736	0.253237137214	0.236379723142	0.47837751505
-0.612322267544	-0.620419613248	-0.378916341691	1.13350002791
-0.526279550011	0.762378903588	0.613518954573	0.71988515398
-0.856800109069	0.676627001815	0.530509873539	0.794770369035
-0.634538353104	0.48435107292	0.511278314397	0.604343304336
0.79858008616	0.166055239277	-0.243597360372	0.789227617317
-0.241520262353	-0.136632843535	-0.910104328454	1.04397166832
-0.83754497723	-0.633150736635	0.473527619986	1.15618785366
-0.922372410911	0.640640071848	0.100813732533	0.334610862333
-0.0126134282413	-0.285629516998	0.932749579112	0.60736283156
-0.936604652244	-0.54988866501	0.0532901341454	1.36579275414
0.323202304473	-0.0382167442812	0.450665518212	0.277984430235
0.332086211262	0.875020714401	-0.330715938827	0.22085330067
-0.203845235234	-0.439462068095	-0.0879677377764	0.177531935433
0.57263012509	-0.312545512563	0.124547870958	0.125517578198
0.525440025733	-0.606206949019	-0.641495131518	0.757956636
0.746580589966	0.209777865678	0.142585542843	0.764240587916
-0.700374603598	0.830782920302	0.944356480661	1.58502972426
0.735856770598	0.371519616994	-0.413518413853	0.832237688271
-0.842983860986	0.79169256427	-0.330903334338	-0.109238957271
-0.747597203916	0.481130800989	0.336679018552	0.474548945171
0.645003491325	4.25081961675e-06	0.901618217537	1.22895148842
0.0422589617466	-0.375702568213	-0.534764348362	0.472794266738
0.214881196692	-0.234372167971	0.446137884564	0.0902884655907
-0.0958143982972	-0.516295032647	-0.128691688554	0.141653327065
0.837422329559	-0.369492805066	-0.660598697924	1.07233173809
-0.69951550067	-0.297430924303	-0.64257758768	1.30140787964
-0.0690939661463	0.00499576850328	0.742125505738	0.558886552191
-0.626827273405	0.120033893442	-0.471160187032	0.483108642701
-0.78766523946	-0.897010811036	0.172828982957	1.2018011559
-0.924152295299	-0.421812764285	0.195192427593	1.19964212555
0.230394702684	0.354647505422	0.552006926002	0.635270151231
-0.708738373338	-0.269047604295	0.914632762915	1.28346778058
-0.674687013286	0.461086803413	-0.514807189076	0.171768928376
-0.975943779537	-0.50661155449	0.891091939164	1.78949802761
-0.900102689873	0.180898654852	-0.499965031913	0.80687951788
-0.926249352344	-0.434538318624	-0.971601622163	2.62663654637
0.607463711439	-0.197177929748	-0.548649338884	0.658431361553
-0.919461549787	0.135896892702	-0.84571694995	1.32076442779
0.35295627348	0.558300801263	0.939842215944	1.72965195438
-0.607390599522	0.658191974637	0.252501126979	0.199094756802
-0.442025974012	-0.619318850235	-0.898572333236	1.83307700203
0.361916004718	-0.919811595741	0.200179407312	-0.345966888315
0.0406533974941	-0.369043817214	0.612852385053	0.13606847603
0.0495031187109	-0.268673413745	-0.167177957404	0.0620151288275
0.889536023319	0.0381388836396	-0.985071552907	1.75799668268
-0.0884041605977	-0.0461531933691	-0.156131180146	0.0434783278918
-0.854414142659	-0.278203892276	0.649599723971	1.20898349703
0.429904716732	-0.399469789116	-0.246045596389	0.171910336941
-0.605616104837	-0.998896741894	-0.282570061143	1.33382297329
-0.500897793111	-0.925601707753	0.87084099698	0.666842579892
-0.274425352927	-0.0807557014388	-0.880844336302	0.94449063323
-0.356758134885	0.167424142037	0.443568357688	0.338563381822
-0.786149959435	0.261055426133	0.461995497914	0.746849317726
0.188476352319	-0.461195270268	0.0911475438911	-0.0851300082452
0.842936187554	-0.493738202817	-0.981470822035	1.74222623225
0.722238728653	-0.0288434551172	-0.0399444173342	0.503544612297
-0.820959975948	-0.36250692574	-0.245952823703	1.12123135263
-0.91257067899	-0.721157163174	0.5759892007	1.40727694754
-0.714057768061	0.304586713726	0.254499122364	0.434672841755
0.59197329186	0.582198869695	-0.206463828133	0.617502864642
-0.905691164565	0.614740262711	0.711544825323	1.20722295243
0.601094298351	0.178771985113	0.413119604829	0.713295196204
0.447983140095	0.620247015251	0.419144023865	0.91420364184
-0.42326615944	-0.664198722373	0.489193212731	0.374675576544
-0.794491874002	-0.289097099457	0.0874501034264	0.843268583513
0.745815985222	-0.298017276455	0.766815923566	0.693457702712
0.391937896404	-0.46939155093	0.514905130565	-0.00692184675934
-0.794260359375	-0.657901527627	0.796685089228	1.2639614164
0.497497537581	-0.453956922134	-0.501272585085	0.500491713402
0.204919105503	-0.417529267888	0.379446198785	-0.0580183601057
-0.697602836951	0.820852590835	0.871538518041	1.38900466101
-0.891919957848	-0.199369299982	0.539524721953	1.1568649283
-0.781229605718	0.254980027961	0.551913272565	0.856456872243
0.829054842115	-0.500330566088	0.701013010543	0.413211457312
0.796473427267	-0.734570241104	-0.382322718278	0.476317795099
0.918374997636	0.86780489578	0.609046815248	2.53985478659
-0.40430797952	-0.77877984137	-0.906995981958	2.0073237447
-0.474931034877	-0.27068716498	-0.399969934542	0.622359899477
0.656921010555	-0.74209218659	-0.650987193991	0.85092610194
0.37329437169	0.377683271041	0.06367908609	0.308441278833
-0.502762090477	-0.154047316421	-0.0909568820901	0.352503688453
-0.851466515188	0.0775597761893	0.924050240025	1.58449365003
-0.404836843892	-0.285731599611	-0.85594650648	1.25678293559
0.644876414184	-0.510344577922	0.427383405109	0.0513001796332
0.680655845007	-0.704961576671	0.655650545795	-0.0488746426321
0.166564407602	-0.540895042335	-0.648400592796	0.708789834408
0.851031982579	0.611617906286	0.449456905586	1.72166923628
-0.536279800848	-0.562749175565	-0.651956165715	1.38132167737
-0.891282122199	0.514962945779	0.722349425425	1.22917843459
-0.81710595347	-0.121777716123	-0.420122369646	0.994831784184
0.328308204471	-0.33304948803	0.930839646626	0.55489017769
-0.31295059565	0.644191023745	0.217250457191	0.083486666301
0.0194000813596	-0.499059593906	0.0528550391069	-0.0328895927619
0.894253291221	0.836779701816	0.763781063042	2.77045995368
0.604063935604	0.563029765869	0.241079797244	0.898853784967
0.425534637993	-0.740613718868	0.836258905321	-0.0540929236968
0.127311578399	-0.246909728833	0.412800445543	0.053253532464
0.845529741327	0.607620806869	-0.681862383949	1.27930454586
0.819273432277	0.805850650446	-0.0888041935411	1.26774425279
0.0222213649194	-0.614809152994	-0.526736680852	0.588125954075
-0.647175837925	-0.691414800095	0.313048449329	0.747856518413
0.978752832569	-0.657230072134	0.0851645662339	0.265971601844
-0.101041036858	-0.726780924061	-0.154906632067	0.220223239121
0.297586017282	-0.707179182283	-0.126264751984	-0.0166546070258
-0.646248277424	-0.183176037936	0.612266393928	0.798731639989
0.229114326609	-0.954494992752	-0.832292428105	1.32093453815
-0.680374588293	0.0287297069981	-0.843800544818	1.13111983484
-0.193684648681	0.0591986040733	-0.0989818447735	0.0299857008579
0.71905083117	0.336860806044	0.701345056116	1.48739468904
-0.437547216085	-0.770024334958	0.591156713944	0.422630775312
-0.527780716977	0.335893422025	-0.466937166763	0.162463608999
-0.968460986707	0.215931946289	-0.0202561779606	0.724831373823
-0.622908187662	-0.848057961631	-0.440401420755	1.48371620076
0.0679541825803	0.874517592321	-0.367181402779	-0.122239514688
-0.101391395632	-0.852963093631	0.0843964701284	0.0318990235119
0.777482805663	0.534854654305	-0.922465168391	1.3778770085
-0.896112805774	-0.227504237793	0.760086030316	1.41169560202
-0.526315766622	0.701689324662	-0.11757432061	-0.160978793404
0.128326655414	0.545881559683	0.389136957846	0.450369146737
-0.646032199005	0.485938448722	-0.349622294345	0.0557665508933
0.186049302543	0.788677177812	0.107330762107	0.277516396885
-0.243470552427	0.765823093891	0.725148452862	0.953998248556
-0.148339901377	0.403642096069	-0.983862185501	0.532985102878
-0.641853001195	-0.751748099371	-0.127351214292	1.00644141394
0.359326131548	0.629988442184	0.401514809225	0.769650409868
0.148142872909	0.126550399429	-0.861621277793	0.674046560017
0.601754809045	0.821380500091	0.959156210879	2.56419136122
0.993210416317	0.517852693472	-0.839784328773	1.77115676262
0.301836932587	0.948744526517	0.179553860555	0.580062002824
0.140365617734	-0.852422954658	0.713035756582	-0.199336424197
-0.48749717006	-0.756688980671	0.499335784524	0.478031567412
0.556827065424	-0.578386833884	0.964306638985	0.360139967572
0.667400282887	0.433040996231	-0.842857264881	1.07985144028
0.755306196605	0.390856476181	-0.039774828481	0.851739556752
0.664365784773	0.321807159817	-0.773592550778	1.00467737525
0.845297783856	0.00548697561026	-0.50753938056	0.973977838333
0.664867929862	0.832916803584	-0.507831654722	0.830740506033
-0.785828455808	-0.0887126912548	-0.1176944907	0.711532307294
0.70761457556	-0.816805960008	0.74582102904	-0.130207469422
-0.165113053001	-0.351258826032	-0.247318578139	0.233299049937
-0.365821568793	0.0544424651317	0.37764744369	0.277086841701
0.326650105821	-0.516687590494	0.388821470309	-0.111792857332
-0.670618904961	0.819624966109	0.113426971635	0.00590697411684
0.441244762762	-0.372306993333	-0.553949478619	0.543517719423
0.783336971789	-0.753771823055	-0.637260706866	0.909609847371
0.653860570729	0.800642450033	-0.894184177939	1.03468570835
-0.990562720589	0.940714072667	0.812329059233	1.47342609044
0.968251896831	0.380286786812	0.967731108658	2.61024399086
0.133622182512	-0.475115175423	-0.54465781405	0.509796288249
0.357389202596	0.863829975549	0.591393336299	1.29705991773
-0.759666488506	-0.474816048048	0.522550000027	0.962738390274
0.573288375657	-0.248759283156	-0.368119051306	0.413133423547
-0.37335131363	0.114969738617	-0.801348410047	0.646495557489
-0.883868901903	-0.135486735936	-0.265307995878	1.00731079532
0.663709459463	0.401540291894	0.617494879735	1.33626533742
-0.687873233009	-0.81949426605	-0.581150871591	1.85086389744
-0.0839291826794	-0.37506730988	0.793538399573	0.370596079256
0.857135152693	-0.417005369906	-0.279536160504	0.571959253616
-0.735596986255	-0.29999287779	-0.38995499053	1.03082539744
-0.118198688222	-0.0192412346693	0.970378797897	0.939208943835
-0.478363759188	0.315366073597	0.307169632917	0.269196250066
-0.523566257646	-0.413374625233	-0.296672085078	0.701201669736
-0.699255692863	0.813181938252	-0.639118844847	-0.190910578841
-0.351638301344	-0.803542171552	0.563597399794	0.270973449779
0.593574252254	0.630793902352	0.781909351758	1.8313592975
-0.498010860797	0.848383762084	-0.0298199103828	-0.19889901087
-0.0939706904233	-0.988189428319	-0.648176006504	1.16234414623
-0.142855801662	-0.595576530451	0.599297934489	0.107719572531
0.894716637408	0.446025859889	0.424707296151	1.56939134318
-0.759712077369	-0.890391503574	-0.0192522813856	1.27111633746
-0.799821797103	0.943058968695	-0.794384236941	-0.232669075332
-0.49690084837	-0.39200863293	-0.718848368013	1.24023761761
0.712643227157	0.637758391145	0.949648225062	2.46983244276
0.709823027582	-0.133283335006	-0.45074271019	0.672486632539
0.175007853718	0.383060140859	-0.708120461146	0.327848145861
0.342926003065	-0.913282296466	0.558873920201	-0.393659602614
-0.400091312127	0.899276122428	0.439652519208	0.388943844587
-0.971318007138	0.2085371472	0.0397004102951	0.750757917642
0.236742005418	0.411767762389	-0.105636345254	0.12119089889
0.625216053128	0.0123759611791	0.856411970843	1.1426731478
0.799840283896	-0.601713887941	-0.90817284088	1.52970759271
-0.41233032702	0.54772764619	0.944569097832	1.35374896831
-0.622514616108	0.944871271967	-0.5956862778	-0.408676439311
-0.727736392825	-0.711125085634	0.894918222315	1.21159168926
-0.396743981556	0.703635940019	0.913181912606	1.35469128149
-0.629702911806	0.318222938559	-0.258796653797	0.180760522479
-0.978383256195	0.32407369958	-0.654068244267	0.856004467023
0.381938865914	0.048166525125	-0.0397583050596	0.163939668699
-0.445634816613	-0.48284642642	0.522366987169	0.434407804718
-0.323562207356	-0.754345776013	-0.262806707422	0.616084781543
0.893476948172	0.679297191191	-0.177517470763	1.31616277135
-0.956882167059	-0.041903563603	-0.673396744218	1.43740115281
-0.559266048017	-0.962413534881	0.348684168521	0.63702601287
0.557880654306	-0.34140639185	-0.716985268308	0.879618031612
-0.242588686237	0.531792657387	0.244336122729	0.119478685456
-0.390600829917	-0.936147620515	0.0437957634898	0.479147814951
-0.629880469248	-0.265737782727	-0.804774312797	1.42565308084
-0.535097666366	0.625292086659	0.336950190024	0.275964894159
-0.733581763969	-0.895914592459	0.452116284959	0.994720369472
0.418378179111	0.215042360581	-0.314070800605	0.296111273449
0.777849365372	0.58336797927	0.57371317089	1.7226547433
-0.10876233008	-0.998330698802	-0.421043082515	0.718027529564
0.720139361077	0.558955264168	0.347314412742	1.2358869068
0.443997054047	-0.0189395161275	0.353543487814	0.307021349823
-0.273664873405	-0.813550520596	-0.574378724224	1.09472969212
0.241665361599	-0.0720722182867	-0.857220658757	0.837593840541
0.562279566532	0.29555973022	-0.621113638105	0.684551480058
0.236297751949	-0.890405381899	0.560341228754	-0.339512715631
0.804448005206	-0.859697386589	0.614440418163	-0.19514104888
0.616217836685	0.343114634045	-0.388058313081	0.608598548045
-0.919084185582	0.202008583696	0.557537349822	1.0825280724
-0.118043418156	0.966183523745	-0.848604262565	-0.199895619365
0.142085340405	0.304306224334	-0.264706775454	0.0529434550072
0.761293864339	-0.23230600799	-0.616984451638	0.926714217864
-0.768689674576	0.995122313589	-0.364771478654	-0.403990437726
-0.16926806781	0.555190091346	-0.0213105195963	-0.076701526325
0.615644661539	-0.388688759215	-0.0378456966418	0.155866683294
-0.0584668472554	0.426182241811	0.623541398725	0.633046987288
0.494042495445	-0.0799661598962	0.627785189294	0.548483979188
0.235969194948	-0.920244626951	0.364643232755	-0.364064211315
0.695736468066	-0.541367672992	0.738328005983	0.25282133018
-0.0386355507013	0.27122440436	0.263508768976	0.131920681789
0.516700105855	-0.595395004079	-0.0765862829871	0.0108028867707
-0.508971722926	-0.789528740983	-0.567283754738	1.43059770538
0.0465194730451	-0.824764609587	0.0691550698287	-0.088457784137
0.688934717225	0.944127658332	-0.499330896985	0.902972600097
0.900597328182	0.489916778984	-0.200796828261	1.19423892062
0.283094794034	0.914713227971	0.062900825578	0.400585946347
-0.845216563802	-0.702798402626	0.761800141717	1.35335542384
-0.902908561797	-0.493886596396	0.921454221499	1.65516230054
-0.988424311644	-0.543381009247	-0.353405171522	1.83100249391
0.213810261774	-0.991797758499	-0.151033643917	0.00626428075876
0.371907063679	-0.731035274929	0.0388145213241	-0.160430535732
0.275399657833	-0.57721206795	-0.814039928575	1.0494156414
-0.461442378913	0.653777477461	-0.556136582198	-0.143053239197
-0.696502310831	0.916223410833	0.178762853421	0.0427066151646
-0.395701355726	-0.385361241474	0.96871863441	0.874176705677
-0.632141089038	-0.116655494185	-0.482613031396	0.762559887337
0.422752651998	0.663091372549	-0.993048747865	0.78670719944
0.639168819051	0.168351502439	0.841081197955	1.36515667515
0.730086960209	0.537390728853	0.156421642749	1.03389620407
-0.708064357206	-0.751409675683	-0.826459456438	2.33744640822
-0.863189916284	-0.345158788625	0.539257917644	1.14770390956
-0.39870456326	0.653675262731	-0.70594052248	-0.0647618166017
-0.674759918927	0.317288047439	-0.824461525435	0.659352710352
-0.763399145496	-0.812613926054	-0.910916357759	2.77311896073
0.655530926736	-0.737330159857	-0.672521741509	0.894534128883
-0.958739090032	-0.555795069087	-0.212853532485	1.61565267162
-0.0585741812357	-0.399090514098	0.933362275797	0.525476442204
0.890796565219	-0.254315055766	-0.412130912312	0.841638527276
-0.0556981282006	0.133722474222	0.0544881653299	0.00590944241728
-0.99176705812	0.626518410868	-0.293326263699	0.264507568745
-0.336330275815	-0.0754427405681	0.494544211926	0.345755939044
0.32460567405	0.10891204286	-0.0122809090141	0.139535592547
0.976902165294	0.00374535605424	-0.538651564957	1.24612475353
-0.1344707862	0.154083421141	-0.592992880838	0.257632858493
0.215116741409	-0.896466226772	0.771113692576	-0.243230736569
0.539742741484	0.298312281045	-0.593946310203	0.627924856162
0.163985994811	0.236188549894	-0.970077815705	0.777552716758
0.313598029117	0.750872427467	0.641640990217	1.22730952545
0.0192168692838	-0.0997545238064	0.958144738778	0.820914386713
-0.464688662443	0.245989950621	-0.228530776531	0.0976368532621
0.554908656086	-0.838159914215	-0.531686740651	0.571150728134
0.856452078311	0.92817742515	0.259343960256	1.83642614624
0.975660690759	0.760752416332	-0.334168901896	1.55159906692
0.516494419486	0.696255005811	-0.976496483622	0.900033128047
0.957766356324	0.0578977315467	-0.881000844687	1.69792343063
0.33434448706	-0.459509194814	-0.133501826303	0.037319924325
0.463430738696	-0.684451794767	-0.409408902868	0.345408356827
-0.906613277983	0.505271637202	0.549066240016	0.942762994489
0.392366865513	-0.884790339063	0.772000219109	-0.280284652139
-0.837617003578	-0.3858389541	0.452306233758	1.05485107821
0.382961007308	-0.675793066433	-0.356910034812	0.256438839482
0.6712923517	0.244024924278	0.153336045874	0.67537524669
0.308004255537	0.257839578413	0.633036790965	0.738239826843
-0.608352072852	0.950304205133	-0.646566748416	-0.404413828251
-0.922627089912	-0.64079223088	0.84121965917	1.61105651117
0.0234174124893	0.376590174663	0.79516248056	0.941100890598
0.77100966932	-0.197369725259	0.379020871043	0.51113151908
0.192857475729	-0.943387940015	-0.17131985644	0.0462261688611
0.18565887939	0.122322058784	0.0875000956754	0.075538854445
0.878828222184	0.901711821956	-0.0836159070812	1.49638300952
0.732995070138	0.915694155921	0.710176408758	2.36313599362
0.454036272379	-0.57760657803	-0.0437566514289	-0.0289166267123
-0.100699879138	-0.855492155718	0.0725682529245	0.0394730025442
-0.564688535995	-0.618738076768	-0.343449958433	0.998730882113
0.894179761381	0.091750155394	0.539828420316	1.22254264255
0.709862822864	0.078084087374	0.181391081223	0.606400699351
-0.0827338819482	-0.651360748813	0.972042061283	0.372450222508
0.83271534526	0.901352860781	0.264831245685	1.75282719451
-0.625884109703	-0.350291698747	0.901461498244	1.10783128003
0.16409846563	0.797882227997	-0.718217434169	0.100642911973
-0.773250931529	0.581502422172	0.339177484117	0.460543607772
-0.789577150244	-0.358625402943	0.490263498576	0.971131853159
0.761895440381	0.556843414549	0.739280326236	1.96293990255
0.35376495453	0.790276197512	-0.66162503568	0.319602836595
-0.936632075832	-0.195791651624	0.136300621833	1.05255572222
-0.974435472897	0.975783042973	-0.0941455121779	-0.0843153369765
-0.85055801381	-0.362905421089	0.316335478793	1.01738932402
-0.255057742727	0.224287196042	0.170584433463	0.0752072193897
0.0488821778252	-0.54793320084	-0.902516713746	1.28466058951
0.635493037752	-0.676917121394	0.858997838862	0.130082226054
0.816339177649	-0.382152028983	0.216471298928	0.318578857045
-0.152744643762	0.839486697657	-0.232183248502	-0.24590185803
-0.191827904638	0.275264199735	0.553939973308	0.443323927823
-0.0268051227427	0.706597177353	-0.428895989563	-0.137326835204
0.671481501198	0.122511312775	-0.820036373253	1.10514740751
-0.738413297192	0.592580140273	0.18244756351	0.249087058448
0.32365799526	0.0835463176475	-0.147216216977	0.141168173291
0.927791602011	-0.619800153524	-0.428497966023	0.734945491408
-0.487703152289	-0.0454997518459	0.0816267505485	0.262993666668
0.891536303977	0.504617448409	-0.445575754052	1.2184142087
0.419019455396	0.52977260317	-0.951014968677	0.798170126703
0.450663199439	0.142421110598	-0.545030417929	0.486715591735
0.671896222087	-0.617865208267	-0.20011246634	0.199990763938
-0.181952824857	0.239918408356	0.820926325754	0.860328368107
0.87046032909	-0.797903362719	-0.865450948304	1.50270952666
0.598345755031	-0.250541245904	-0.13543652734	0.260382840856
-0.513781730426	0.814053268236	0.0578468358636	-0.103837368083
0.298180706377	0.656940095767	0.430111467867	0.752351939141
0.0010554857344	-0.840195380098	0.595151154237	-0.146724054048
-0.763935396097	0.0869493260812	0.192765680491	0.571093075135
-0.258424632636	-0.691592489761	0.362620533451	0.126215839566
0.60341154294	0.999752161226	-0.838107743743	0.83189204629
0.454955689326	-0.0364197913149	-0.806394742065	0.870056496241
-0.366813916271	0.299689001548	-0.871050798676	0.52230750257
-0.116608853258	0.0170033408433	-0.424723056771	0.184782848636
0.126054595183	0.672878191139	-0.038040370207	0.0765596832287
0.0167178347242	0.232526595804	-0.56504338384	0.192053238291
0.454216872354	0.815440297322	-0.745015997987	0.52423247892
0.373621937881	-0.695546453227	0.101309522023	-0.180479920744
0.69963797979	0.469607091948	0.293972172762	1.04251931539
-0.312581708642	0.0412963141937	0.0756476223267	0.0936453828697
-0.178884101701	-0.343975467594	0.773429643134	0.4256838541
-0.737520157168	0.428221876715	-0.153399038514	0.18595615727
-0.0823359556904	0.0256236982083	-0.389849013615	0.146662337864
-0.532424977662	-0.249047398634	0.583512248573	0.611239749149
0.0511302215391	-0.415981023631	0.487903532724	0.016436343929
-0.321676806072	0.625544502981	0.592154186225	0.623318186163
0.602677713022	0.515097220035	-0.995534352306	1.15194970963
0.951374337706	-0.609751323273	-0.195092391032	0.482030253732
-0.130372410768	0.613555027961	0.828846087837	1.13253483928
0.209368824257	0.276751344135	-0.132911067762	0.0826604433836
0.800265857434	0.196912212619	-0.948966324528	1.51168158967
-0.243846128184	0.852899447902	0.321268812447	0.228708348744
0.479720285471	-0.39257063493	0.0871903567197	0.0151812398439
0.458631020308	-0.274145146614	-0.468953186976	0.433089276258
-0.428925250609	0.880191654866	-0.372815839019	-0.38271729602
-0.989853868228	-0.261118788933	0.138468325461	1.22129691945
0.532933033668	0.284093354558	-0.855681687941	0.92451802158
-0.414571328013	-0.139065835031	-0.569377732322	0.632894085778
-0.838250290124	-0.81678392992	-0.739063600211	2.53720319212
0.513127410373	0.848243874642	0.273015276615	1.00467779937
-0.766739978634	0.321020246639	0.68865790429	1.03707397721
0.108931270872	-0.329247193265	0.53945638167	0.0893993947512
0.153486292462	0.71393478611	-0.244792145367	0.0182948118426
