-0.764383592997	0.760335503308	-0.442068330627	-0.137601544379
0.13370282387	0.214917458185	-0.710526188242	0.398754497995
0.393671531096	-0.963220728579	-0.458049123667	0.426796105708
-0.109718540948	0.658537016232	0.00196297582224	-0.0589190168383
0.914848534779	-0.798224555289	0.226819728996	-0.0229126110901
0.998249580766	-0.180137438172	0.689952451551	1.16842822168
-0.110911603694	-0.537708057642	-0.341705465182	0.37243985373
-0.0522410985824	0.732038241712	-0.867806222319	0.0823069487928
-0.979169808012	-0.314570578385	0.719835486468	1.55851558802
-0.867744802186	0.475728851109	-0.101991276918	0.302051831497
-0.606631056188	0.407624680064	-0.707339203992	0.332723280917
0.686624712343	0.253756326498	0.612310443857	1.17599058885
0.776164621684	-0.758249680815	-0.899905111973	1.50608691778
0.708782362413	0.366194933384	0.18450012095	0.863528251387
0.437924491865	0.647198660857	-0.290471409162	0.371582937781
0.740628218338	0.346156963786	-0.0290053299305	0.795704685375
-0.966004291936	-0.0246408381201	0.63935310761	1.3499856472
-0.505639319535	0.209595425222	0.365388855942	0.359784281952
-0.285087020287	-0.0646907976408	0.782881436121	0.661975234338
-0.278793261457	0.835419753001	0.382711875646	0.311009725392
-0.55998178548	0.536536749314	0.0357298712863	0.0335758059085
-0.126463421157	0.634588053212	0.08937397403	0.000444184077666
-0.364948674243	-0.929957641745	0.438072497663	0.257092989658
-0.813027725344	-0.120967483771	-0.178166663682	0.812659733394
0.22159607398	-0.197588196282	-0.567609955851	0.439654140792
0.277509616179	-0.952617079342	-0.273442681614	0.147908255872
0.842656670537	0.803120936676	0.904186392514	2.93054953383
-0.605099950829	-0.8277591082	0.169911204823	0.755247216311
0.450979612221	-0.474122064724	-0.62055551865	0.66887144125
-0.0132754192978	-0.0521292576601	0.901917079784	0.767306425476
-0.980106546439	-0.152907441563	-0.661488790495	1.64918840538
0.304893322095	0.339400271533	-0.621815509288	0.372050989062
0.420764855836	-0.622474173302	0.104067193822	-0.138821351497
0.461466707669	0.538073211863	0.673202710929	1.27668863076
-0.311944099228	0.818951630102	0.991798035434	1.63773995342
0.815003126435	-0.83098896055	-0.307497173903	0.33705276409
-0.0839201908953	-0.252539018827	0.0123029421489	0.0252801105549
0.318356912522	-0.0812972381302	-0.700309139584	0.622835675894
-0.678396092111	0.693582836769	0.683959845967	0.931881252869
0.70968757353	0.751041254074	0.148044678348	1.16976598492
-0.82688520307	0.130872408738	-0.290026083289	0.621681397652
-0.37265561114	0.723034101856	0.905562623577	1.34422581285
0.591512402512	-0.730559774796	-0.899625286903	1.38430745859
-0.355637941771	0.994572247994	-0.561843093177	-0.470355168442
-0.729542641337	-0.211029491945	0.197816562108	0.683573742126
0.818957031444	-0.404590394822	0.475705846374	0.373178506728
0.31848079818	0.112041989702	0.313436938794	0.270474053988
-0.694404095808	0.395321191033	0.126463993656	0.273671432349
-0.868571126109	0.558726911082	0.500576576299	0.799384251739
0.0443749998508	-0.306504199575	0.769426369078	0.344552540848
0.766052397261	-0.0891030461205	-0.582945392689	0.910346214334
0.166909223295	-0.516708404388	-0.57697877418	0.572649578001
-0.64594452225	0.68688993651	-0.892346944497	0.15689046725
0.614382106194	0.329340050438	0.548247575075	1.06094129386
0.314579588252	-0.973328171665	-0.725672031287	1.0256880703
0.306285540465	-0.273384969299	0.426389174247	0.0753163058254
-0.887890682463	0.392736222664	0.611181941745	1.05321968431
-0.0913487334449	-0.361806851486	0.283484150945	0.0191919444744
0.740132776233	-0.385462745368	0.9705845305	0.830413067698
0.120591377438	0.411906152461	0.405525870644	0.395704443475
-0.481770003896	-0.290108011594	-0.918792531636	1.48259646514
-0.21139287465	-0.271435584123	0.448953857894	0.181764009719
0.791477868985	-0.0197487304448	-0.369890855705	0.754930653942
0.907315401957	-0.0601411097166	0.458428802363	0.951240833428
-0.849370271979	-0.566588498031	0.412063924756	1.13899928346
0.694412562705	0.712762806136	0.0918603268561	1.05107319804
0.665812645336	-0.626684682011	0.627299789734	0.026437749714
0.317082008732	-0.312102161238	-0.442825419814	0.335880143055
0.163191532472	-0.00772313836826	0.908312636112	0.843387946236
-0.492906110792	0.612695279338	-0.734707967698	0.0305988811152
-0.153494285351	0.874493740044	-0.816412377929	-0.158087638995
-0.613545456181	0.0795122834693	0.191413967303	0.379512695074
-0.0857945982612	0.510748866418	0.235697660548	0.139476919414
0.20847295487	-0.396230165185	-0.731446741925	0.785693299218
-0.160939541538	-0.376747530767	-0.641799864737	0.74023869157
-0.974416844473	-0.425706001471	-0.0326628673782	1.37927492699
-0.773457622632	0.947003744218	0.790498063857	1.23926124461
-0.538855842656	-0.194922514236	-0.760415292925	1.1218542333
0.0495182385146	0.588634614223	0.669571880064	0.874059893059
-0.265722203993	-0.541416430043	0.500002458869	0.193767569345
0.0938940138005	-0.509252289742	0.777663134115	0.169733562772
-0.684304985095	0.566297322491	-0.395035209361	0.0130986670839
-0.299192181588	-0.783865709442	-0.795692180658	1.58088431525
-0.491460430265	-0.15381257896	-0.00817383533372	0.318450201029
-0.0274405505331	0.434263414623	-0.669149244746	0.146010232468
0.764851491273	0.181321590146	0.0306047654866	0.73016784874
0.717106451291	-0.231356985762	0.848917815975	0.872592466658
0.0807963228857	-0.987995799851	-0.340258076992	0.37865072803
0.960291614325	0.0432243514944	-0.377348683712	1.08974934378
0.801954755597	0.290819506292	-0.194320560309	0.857603786863
0.200844629601	0.867877138503	-0.365700138295	0.0310008292364
-0.304143040517	-0.824383624148	-0.119477699602	0.456003910801
-0.522282551148	-0.156267332922	0.103634162162	0.34894016998
-0.948973278807	-0.233890047764	-0.811081851337	1.97006343192
0.915030178374	-0.546296338022	0.6668080879	0.417760801216
0.974555274985	0.0738709056934	0.00264890123505	1.02195195822
0.707169520324	-0.0466309916947	-0.428027536837	0.670279635253
0.424740108113	-0.180557086536	-0.564557272206	0.524374052837
0.234589538475	-0.672363766605	0.569574250367	-0.16124351579
-0.655177978207	0.50093651776	0.152754547945	0.200909891448
0.126192055703	-0.42016042548	0.572462454963	0.0500907208002
-0.22544002809	-0.89767330851	-0.481231424205	0.916766990519
0.608689489828	-0.165969755808	-0.490785834464	0.591805189449
0.367260465727	0.297324364943	-0.611884446199	0.436550155542
-0.593251935638	-0.268847185461	0.361683729928	0.54501943998
-0.384889385478	-0.567480695796	-0.797578943325	1.45529995987
-0.145612512547	0.817213806765	0.692768341581	0.948274276846
-0.645389379566	0.41649863534	-0.698047968393	0.344258595345
0.969663691354	0.282202859969	0.898790166877	2.27535446092
-0.340719488339	-0.736959407727	-0.813476098831	1.62842842943
0.204065902201	-0.784456122343	-0.534126573144	0.585852202645
0.411366144398	-0.221394628858	0.822284274529	0.572249956256
-0.112808600383	-0.458276552698	-0.852603118004	1.18208341139
0.761123280778	-0.249208051785	-0.0886546351249	0.419583691801
0.743846345344	0.727500591039	-0.264094374014	0.972073066562
0.439227671958	-0.689013959235	0.743735067354	-0.0690150424151
0.998047001327	0.659224687275	-0.880528023767	1.84889882873
-0.100770798973	0.874824659348	0.238148858487	0.18705134684
-0.387003753178	0.510657269313	-0.632418821659	0.0291499226207
-0.731081855864	0.909125148558	0.897270495408	1.49066129352
-0.764335928774	-0.803838471129	0.441377300593	1.03862990341
-0.533496049598	-0.21868834646	-0.097609500494	0.432161078714
0.203207033888	0.349614001798	0.873947943144	1.18166656802
-0.924650795041	0.616003976106	-0.615457782303	0.285054367288
0.788543789614	0.986029538277	0.611309022941	2.37579625209
0.1893101607	0.167919836228	0.854564425139	0.941405943155
0.635839687356	-0.096265465043	-0.594607607721	0.753881089856
0.201473421673	-0.49119562276	-0.20490926267	0.0842670156271
0.915781307411	0.31440630981	0.296091477324	1.30734601616
-0.104723658683	0.296082822113	-0.818568420513	0.407650379305
0.22960595904	0.307296877813	0.729057680735	0.87883834164
0.080941413649	0.786484871981	-0.718038845838	0.0210638041813
-0.0682487329699	-0.442048689663	0.6879570851	0.204001575459
-0.384848263061	0.133336691325	0.221414523885	0.175340862936
0.941462760215	0.559031929795	-0.0781624010272	1.3750739556
0.0983432737156	0.493213813697	0.430765124261	0.456193562589
-0.276994668807	0.179930118899	-0.67366287307	0.359495788558
0.0413914994732	0.821321089751	-0.559123097515	-0.110891985899
-0.0934786722163	0.0873619512819	0.203049000593	0.0595394364906
0.471076652874	-0.642699273335	0.638340741852	-0.0836296378251
-0.809905064084	0.970356406806	0.573936227819	0.756375134355
0.736909320451	-0.911306738361	-0.111259473166	-0.0147449047482
-0.116560487727	-0.792118326542	0.842388626762	0.148263174948
0.166595591315	0.582058188057	0.939675642063	1.55465863293
-0.27451068101	-0.624590300909	0.836208246338	0.423769493885
-0.0771320930669	0.957733575406	0.980758919685	1.83327116981
-0.494526509106	-0.352308660763	-0.481474784154	0.820228144516
-0.162522921003	-0.664396947237	-0.419975226029	0.589802880989
0.810615520111	-0.52178810645	-0.392754078958	0.593318157845
0.503847840755	0.751614018108	-0.0341287822558	0.608074849351
0.54708952076	-0.661304735214	-0.43003547738	0.406829062367
0.159297653689	-0.776520863903	0.709080254715	-0.146143013531
0.761547353117	0.120243351654	-0.92157840233	1.41001845296
0.286342778228	-0.45697749959	0.842795338217	0.276305455619
0.0665027827586	-0.0681262257983	-0.0223487482045	0.00191403893301
0.825190825152	-0.825842107621	0.799996722306	-0.0212136558573
0.115253932734	-0.714316613806	-0.731709313786	0.989026309248
-0.94131910026	0.0777569271553	-0.464485861351	0.992517689915
-0.262598291178	0.564384256006	-0.436873229158	-0.134954632718
-0.313252698696	0.0593353700241	-0.541739566579	0.34087772881
0.575453133152	0.784648609247	0.952012603971	2.43599817288
0.314811472234	-0.422581247545	0.420735657961	-0.034703666976
-0.0871138028984	0.736799414918	-0.628813952387	-0.124499349846
0.237500359562	-0.661418917268	0.136361962953	-0.172278606832
0.689932005924	0.36922640703	0.97103301987	2.03218344715
-0.236735820573	-0.325336091511	0.683657578411	0.378031755355
0.325593713032	0.453775331135	-0.31937794539	0.210834099988
-0.692639967155	0.816238659455	0.0608345640005	-0.0322530270294
-0.753330520776	0.346086710946	-0.884684497594	0.783278303629
0.253665071567	0.588033662556	-0.387170486262	0.135741275991
0.518946169666	-0.240507334268	-0.795769474642	0.969132218925
0.0640308382601	0.518955269146	0.454882470229	0.48031080564
0.347475587317	0.62519195899	-0.638027203951	0.346167462372
0.759285453205	0.830262584465	-0.627931302151	1.0798705566
-0.475840475462	-0.14295708468	0.236305011745	0.316507508234
0.225653916656	0.140499740439	0.0273838637985	0.0872213085739
-0.634382302924	-0.91676951851	-0.91989519268	2.67356230305
0.981075908005	-0.14122137964	-0.334401862809	0.983010342277
0.212213678837	0.507429403085	-0.750632068139	0.33527382531
-0.342622348658	0.483821888347	0.0500721225055	-0.0216449116014
-0.282115192947	-0.287000570923	-0.342168367891	0.375837912455
0.766311023839	-0.433073095069	-0.0687799465388	0.28988132375
0.244656236087	0.241196585914	0.489930217872	0.477068036994
0.767169708223	-0.305049877664	-0.436746439358	0.678501235762
-0.36788228129	-0.290556994805	0.00226777175007	0.241574368825
-0.0223892448633	-0.919354096182	0.100036911599	-0.0608770385046
0.386568769384	-0.105339895557	-0.337121130462	0.257877260947
-0.266446785776	-0.0110461717834	0.929078070513	0.926860411758
-0.977902551415	-0.752652289236	-0.00050116423766	1.69269144761
0.885718206743	0.542614726302	0.00351061445108	1.2670177196
0.274356893958	-0.984839318773	0.573773439576	-0.430784434684
-0.425966776317	-0.272269213876	0.943414689277	0.930593833985
0.805133231891	-0.658710309849	-0.0805319769039	0.177422603209
0.876180484571	0.703146289498	-0.036415588756	1.35949590719
-0.0150948834127	0.230779966926	0.0323153487694	0.0052462756968
0.304486788965	0.897943769653	0.237448903994	0.635721965707
-0.846686207105	0.102832981536	0.222141410695	0.70200053613
-0.0114706494886	-0.181454079461	0.986204157735	0.795860845076
0.21578195001	-0.881514374926	-0.381220188714	0.337726867813
-0.0919353641824	0.469430187014	-0.141501971013	-0.081107612929
0.42742903449	-0.621914644019	-0.586484421097	0.625578429855
-0.221819495345	0.411137766711	0.5209882692	0.443632246712
-0.714677080309	0.261326432826	-0.827478111104	0.79247743844
0.347246427976	0.180542155036	-0.394161021555	0.267472930828
0.609553834806	0.569161606499	0.207689983559	0.879834811361
0.110960959227	-0.473483620459	0.400820903374	-0.0693505981355
-0.672879345975	-0.413145445128	0.242373420019	0.689373051381
-0.990039074726	-0.0629191933081	0.286450347816	1.10650040637
-0.795460826895	0.229949687521	-0.214606940944	0.446549298637
-0.33031136201	-0.987565395621	-0.510884151948	1.20084379312
-0.101197719818	-0.0387284610402	0.042548976632	0.0143227694744
-0.832467409434	-0.932779062365	0.738256075963	1.32590238077
-0.660585847015	-0.769198924188	-0.359800650408	1.35071036539
0.921127981179	0.899093663052	0.748144999842	2.90903045764
0.619665453675	0.674300915605	0.883002295129	2.17692856655
-0.249007764457	0.485827979115	0.334526390977	0.215460114519
0.616202375365	-0.799143167129	0.807104188307	-0.1063031769
0.125779588009	0.74728186953	-0.436670809993	-0.0258214725248
0.790565371004	-0.711160477052	-0.20061663666	0.245692417383
-0.903563612424	0.502641072441	0.378437495025	0.69569218452
0.395895119347	0.548415541047	-0.376272116573	0.309075210917
-0.610551752327	-0.151868044403	-0.147469609826	0.509639949977
0.675184832149	0.979698259576	0.420034815758	1.70528858692
0.470795653132	-0.505663173233	-0.749856780561	0.925044673584
0.241395472008	0.884224162361	-0.981019636677	0.366677743985
0.0762073998933	0.326044754134	-0.791040366466	0.398484890344
-0.725745862312	0.154125779919	-0.238273130835	0.434900962366
-0.512293443141	0.737817550233	-0.62841039861	-0.184287113096
-0.716167493033	0.54273813226	0.706068667954	1.00594782448
0.317953170071	0.408862153611	0.702405643853	1.01165400899
0.0966295472775	0.531330548444	0.318035989899	0.330808627567
-0.114492636582	0.847746750494	0.760260086625	1.1385512205
0.647816508505	-0.204904357188	-0.197629744186	0.366478514921
0.111994840372	-0.251327322239	0.068017992162	-0.0280728516417
0.857552768854	-0.71704752815	-0.282033739291	0.402265283917
0.216886377235	0.429551528085	0.16136469331	0.23555659023
0.481030684051	0.555212035767	-0.379160913601	0.431712840035
-0.0943629721134	0.45187220689	0.521343565214	0.473644146399
-0.521791607145	0.216697448001	-0.391741270799	0.227767461219
0.989369168479	0.506868932669	0.538408775222	2.04311853645
0.975545225252	0.42759022866	0.16741267096	1.4684331171
0.313932235754	0.892720561094	0.182384095482	0.574889200632
0.464846678783	0.520598657974	0.334530439754	0.744147705023
0.054878846437	0.720271987713	-0.532139840972	-0.0575732270557
0.818625671927	-0.387208321768	-0.695278273151	1.10579872858
0.964559753114	-0.0093495626954	0.767433227385	1.50313589886
-0.560171288756	0.551510758098	0.509938962191	0.546125949402
0.928298500988	0.464431835067	0.461461744499	1.72013394969
0.225236197916	0.0462772259869	-0.106769695768	0.0676134138778
-0.486367555392	0.264405738286	-0.946545086639	0.753630674961
-0.970990506927	-0.313093023922	0.188734902095	1.22336220061
0.67798461495	-0.602675697903	0.910475475011	0.331302435396
-0.105014437382	0.764423542445	0.386394122793	0.375421706081
0.842156376069	0.762751945921	-0.658627027843	1.28300429105
-0.1097699466	0.717502437064	0.932310108561	1.47142615049
0.641062218198	0.999020716904	-0.754790185073	0.867052396085
-0.068648860225	0.739334706057	0.268223476052	0.224208939044
-0.310592010572	0.302093479863	0.493450420943	0.395201048471
0.626747259794	0.570353538461	-0.950548143626	1.11167292116
-0.963029762877	-0.20134579756	0.720129628466	1.49491992727
-0.0823959281252	-0.883153659958	0.909924297609	0.103916608122
-0.128884963408	-0.642483587116	-0.262163216125	0.336582922804
-0.544278620042	0.615954420337	-0.73525916976	0.0487083053337
-0.0424435894052	0.943700725535	0.925752565439	1.69239859225
0.599477299018	-0.329282803755	0.635995112342	0.357042995386
-0.470792971881	-0.539125671791	0.608704894732	0.517815813189
0.461034216754	-0.157047376786	0.647804033185	0.458062475996
-0.297050415288	-0.196900305047	-0.156463689068	0.20201690071
-0.469770347204	-0.0893040997207	-0.275121483765	0.362897904295
-0.585412619313	0.440631323797	0.0300367210284	0.0988941221949
-0.580789168878	-0.599278792286	-0.376175543886	1.05231275583
0.767504486621	-0.50130478484	-0.712183996619	1.06853675569
-0.698850609997	-0.630325341733	0.312778648616	0.829573599114
-0.972916630943	-0.81706887552	-0.655508023015	2.70679263988
-0.433961824381	-0.563272276474	-0.988268430926	1.96610023016
-0.294350662439	0.708165874098	-0.558554804038	-0.205372763599
0.292483007171	-0.899064675008	0.433185355417	-0.379226928942
0.158577946377	0.976934074987	0.895198089518	1.85599630142
-0.334606654368	-0.530134155411	0.317415298971	0.221827809842
-0.325250198551	-0.14347404427	0.235913146279	0.174260252437
-0.668083228057	-0.623546436397	0.823132975109	1.02720237708
0.344498841883	0.174549299076	-0.695410967365	0.54102440005
-0.986321492507	-0.22420291871	-0.0924859198496	1.22325550253
0.463299442667	0.973895338293	-0.304508264167	0.462017645024
0.871718495489	0.436353472065	0.54034425854	1.66802353861
-0.963482479534	-0.53271087206	-0.707700286061	2.31939541169
-0.995514920492	-0.274255402428	-0.372183282931	1.5046689742
0.873402635289	0.771864205278	0.564061607664	2.19052485607
-0.255941907688	0.235035300186	0.782164621793	0.800968669269
-0.914666661218	0.161717403374	-0.417075138374	0.795200946398
-0.668056676289	-0.382067728879	0.10404294295	0.672616102866
-0.747000622379	0.504623766423	0.199632008852	0.321647657413
0.404119920612	-0.78689283336	-0.614017498792	0.705497299068
0.0989161811109	-0.525678443119	-0.63049199371	0.686742510585
-0.967497979282	-0.330973721577	0.587624908053	1.40708337659
-0.560504634066	0.509328396029	0.0912574722301	0.0834924667686
0.525166976335	-0.367786727381	-0.781413098251	0.980650705734
0.910355583306	-0.412977228103	0.831046364337	0.800225998384
-0.0531985461792	0.751251539226	-0.925648916477	0.124295338903
0.337909825402	-0.995512012995	-0.113929177221	-0.095812518417
0.419481025444	-0.641958047038	0.135260259493	-0.161860963384
-0.897956412424	-0.45298141377	-0.825188485765	2.26781436776
-0.298327803881	0.271732052222	0.0186852618144	0.0133607757332
-0.691237864841	0.522832911652	0.977007257516	1.58176261066
0.418007029476	-0.979918699938	-0.474709312619	0.455642435759
-0.677892730748	-0.388971493757	-0.385743140164	1.02206035811
0.208443815144	0.774599118213	-0.479108704513	0.0633371901752
-0.381747597158	0.530803977584	0.890051223028	1.20773199398
0.611293311105	-0.652112549218	0.932439286195	0.236435135305
0.438978973982	-0.201808591765	0.957500618825	0.827688394596
-0.566385153082	0.0135752133363	0.152784541966	0.338520541363
0.416027317117	0.92868513628	-0.561072101613	0.353179696339
-0.672825536268	-0.868268578537	0.697011767045	0.917519461435
-0.955124443951	0.782152229904	-0.583379039723	0.0492498769498
0.178441942346	0.963538704594	0.075073401517	0.281749388424
0.983825418555	0.591020395625	-0.650186588749	1.58784240757
-0.480082321739	0.165861499342	0.558583995875	0.555515521466
-0.906918484223	-0.35949004023	-0.879468812837	2.23815497106
0.458560089275	-0.828547878245	-0.66362594349	0.820583626759
-0.893176667639	-0.772768057046	-0.148892272082	1.62521105816
0.189759566879	-0.346535790871	0.721977122714	0.24131026415
0.466519131243	-0.457912627259	0.248051659476	-0.0480412625561
0.726771176801	0.873036173305	-0.311731538571	0.987717513099
-0.078219635356	0.785310571319	0.929263611424	1.53798300193
0.058812655884	0.405213924079	0.565955454474	0.576929242579
0.936891598937	-0.593873553776	-0.4502502104	0.791487669298
0.421185522337	0.263002341022	-0.0194874677041	0.283424534376
-0.361090883723	0.859841931184	0.837807450926	1.24220884491
-0.337990378996	-0.466600096884	-0.423999752672	0.649557955821
-0.805530250727	-0.00275646912978	0.411081866956	0.81895457097
0.170838877734	0.348358647907	-0.894760416825	0.577597797114
0.604048119048	0.769982505284	0.139891968172	0.957264745024
-0.611276581385	0.572529902894	-0.664076715283	0.0844790436336
0.788505254845	0.750242898015	-0.163844920488	1.11723267441
-0.379246839836	0.645736612012	0.181304815963	0.0488811899466
0.231910784729	0.127143889744	-0.737036164955	0.532781314874
-0.929395205123	-0.790242634784	0.104074296313	1.52681067598
-0.534583779995	-0.285325603254	0.611819276884	0.638065380659
0.633534913967	0.822831521735	-0.52840570402	0.767082703055
-0.457871815123	0.917427954602	-0.584030493707	-0.405132087421
0.356782231709	-0.398810065662	0.642307945334	0.141405838394
-0.403468008469	0.853854600544	-0.544983201324	-0.35004630529
0.384505814419	0.119455724884	0.549820417986	0.561757830726
-0.119571967882	-0.229930317549	0.137463351548	0.0290798569944
0.428265263266	-0.661183420556	-0.23345391436	0.109105831817
0.658221443717	0.349506122588	0.929441499377	1.85201488895
0.731401995529	0.697788601308	-0.748874619326	1.08356987681
-0.137240292105	-0.194665814524	0.104322194119	0.0361260463197
-0.665699895251	-0.739642838399	-0.100901626977	1.02034881469
-0.952686554142	0.387443154075	0.288077829559	0.733102405848
-0.720679847166	-0.369608568118	0.134951296478	0.754081585457
-0.311417386924	-0.190054144662	-0.12595059191	0.195967937601
0.901660410402	-0.0363310387792	0.671818315989	1.20716522876
0.487827792275	-0.553982183341	-0.504209066896	0.501277672336
0.245591390882	-0.678414169976	0.0933767577949	-0.160926445062
0.609962850312	-0.450779359932	-0.127732438066	0.170990737923
0.926621352508	-0.259983866221	0.845248883661	1.11241513181
0.644014598741	-0.717744609614	0.0866421552792	-0.102163280213
0.853825981309	0.238143718168	0.587052034818	1.41678494613
0.515324732522	0.963270509984	0.945393863086	2.56639628284
-0.0350699707388	0.00607797165554	0.849733478466	0.728228388982
-0.352453251417	-0.71985905626	-0.841095345921	1.69085144224
0.978246309466	0.497047894268	-0.321162479797	1.38671331431
-0.438036829302	-0.184401803881	-0.423165778286	0.529752854083
-0.684134536591	0.782329632298	0.518431361749	0.607176637157
-0.0269183501959	0.133227433244	-0.329763517512	0.0619487653394
0.864904374387	-0.637770789091	0.820867800539	0.346747272566
0.535043567146	-0.24217382387	-0.0210245686939	0.162231704836
0.0156477535102	0.931376283215	-0.544296204608	-0.19586741897
0.2503901102	0.0788218054198	-0.325422952321	0.162681081101
-0.302750319638	0.822304248745	-0.715119322168	-0.233945130147
0.461906776081	-0.112702441869	-0.520226765937	0.490566563054
-0.0272939256745	0.529021696397	0.421726357073	0.387261392602
-0.80162477128	-0.805066077116	-0.9778205065	3.03130624609
-0.62851255424	-0.0889436375206	-0.0942766085887	0.468203607067
0.51191183628	0.210501837083	0.664000968516	0.950482819972
-0.923557244899	-0.131813664003	-0.803920892395	1.7269520086
-0.475539547543	-0.718347171951	0.784521277103	0.61965534389
0.702194806518	0.623864834085	-0.0336740665939	0.911278069557
-0.433720192477	0.790191145926	-0.256480787092	-0.291495103455
0.392133403691	-0.804942142187	-0.351599057493	0.244762700059
0.455514273519	0.786956278617	0.719138025717	1.64905275549
0.21227072412	0.989010254413	0.711152168093	1.46407097606
0.196353481097	-0.818203572362	0.818517853459	-0.121845185451
0.385617485007	0.775209037859	-0.961298456667	0.626522475379
-0.737772744076	0.243542389194	0.226440087783	0.47105255847
-0.660065796085	-0.608237285633	0.0838729044375	0.793183519677
-0.203676162075	-0.856690557536	-0.758751785976	1.44169118712
0.70418552021	-0.898844947406	-0.244670158468	0.142707672161
0.274300736384	0.916197787153	-0.0513561570428	0.282139679097
0.394554874998	0.458390332034	0.559997898923	0.906828959164
-0.551675332504	-0.773092045094	-0.105408715815	0.823443120578
0.0533201178782	0.782063893916	0.579831712399	0.8342130355
0.150069241759	0.289685471916	0.460136753585	0.411014421049
0.446160138915	-0.193465752317	-0.350922723682	0.303780449367
-0.131740334173	-0.605657615814	0.268496686244	0.00661846002919
0.118669020824	-0.369768926692	0.785841149913	0.297168894384
0.639987964652	-0.760275159208	0.745721451019	-0.0878353692061
0.136155466242	-0.246941712818	-0.0454620391039	-0.00179088225171
0.0168690422552	0.542058035234	0.0309866669776	0.0271853098385
0.361100081601	0.286063371265	0.146055170685	0.29680392304
0.632352034447	0.182943024145	0.767127248765	1.24437828357
0.839518959854	-0.411701438654	0.454572391021	0.378648871728
0.815067728469	-0.157613947962	-0.587058416121	0.973035538039
-0.5041335916	0.969508382458	-0.0088435107383	-0.243106714864
-0.666314304733	0.78159158619	0.270138870314	0.207302375749
0.436873508327	-0.365058907103	0.0565377824217	0.0139307965661
-0.560335026989	0.934163884567	-0.583372829966	-0.414111373249
0.339522436241	0.614355752688	0.674352295337	1.19290627679
-0.385741174608	-0.855567208643	0.72761941963	0.385726457821
-0.0448652941804	-0.597998069421	-0.449194386562	0.499235226803
-0.243854145308	0.830587849051	0.184495648701	0.0442010425537
0.129287275334	-0.220525202629	0.885828474477	0.57754867934
0.769004244896	0.655205949784	-0.894660260675	1.30945394153
0.556688600893	-0.75697440031	0.847641605293	-0.0346435262766
0.314829227393	-0.709741429557	-0.862304943761	1.23125345604
0.986825260844	0.715341569249	0.630174017317	2.52765018866
0.920815992524	-0.618289335627	-0.820270254211	1.45857902429
-0.81520036041	-0.637147698642	-0.839961266686	2.42466897873
-0.949521953153	-0.307211589114	0.408663020881	1.23475553623
0.20363041131	-0.547541995767	-0.144238381112	0.0297504242486
0.0859442957515	0.1314834487	0.58378953356	0.436255555055
-0.188979121902	0.527017591495	0.936552374934	1.30682771479
0.457908527324	0.596751860916	-0.383693659138	0.401188904156
-0.579381325356	0.104013118234	0.396737866948	0.474086339607
0.402894169233	0.820782418954	0.212139391351	0.712135566559
0.956549282735	-0.553703895888	0.833267610279	0.618292854054
-0.764711354369	-0.456865241247	0.791944056851	1.19951716949
-0.765730809487	-0.899085618682	0.783842607401	1.18446884874
0.960168608974	-0.675356612608	-0.685260641686	1.20584499114
0.106960427025	0.410953617402	-0.938654198429	0.550724673249
-0.0317527072897	-0.0615374523435	-0.315661357863	0.122029303746
-0.251815273938	-0.376216943051	-0.359283743608	0.422401544893
-0.640149006932	0.82388478794	0.997902471244	1.70034773027
-0.903357049934	-0.190181528098	-0.833694051972	1.8414547649
0.0781488986361	-0.204085986865	-0.736285818193	0.68254057915
-0.0102121981168	0.111450259524	-0.172625520605	0.00952654815237
-0.499721995501	-0.277025524495	-0.123983194473	0.437876162683
-0.901683809051	0.246537084686	0.615488265121	1.12130168096
0.072098194042	0.268290385469	0.383716544498	0.274727248011
0.777156716651	-0.932036413791	-0.134434041023	0.0230041359674
0.317029312313	-0.866122756569	0.523221837504	-0.353491965983
0.413805414022	0.0779941667494	0.136425901708	0.232761780321
-0.859671513411	0.0260572185575	-0.853598546907	1.42302253784
0.197642274662	0.172328528581	-0.777027734081	0.542989924562
0.694378346295	-0.87219829236	0.187642570692	-0.251926115483
0.221038261293	-0.974635629415	0.298621004982	-0.368446018495
0.421755618373	-0.918654746449	-0.518651385247	0.535890817197
-0.569845897442	0.853753640784	0.305839836636	0.192866216903
-0.202310579666	-0.051604305395	0.129001379933	0.0613539970007
-0.0941359316958	-0.608489241969	-0.108171962857	0.143664924585
-0.510179337722	-0.365769060233	0.227407546053	0.415426321139
-0.320449755256	0.946559943116	0.812823702294	1.22943187195
0.8757600693	0.499279317003	-0.823047040034	1.47068065434
-0.197135085859	0.603205658683	0.184544216154	0.0653239259383
-0.621493564556	0.801980917871	0.83031605361	1.24315065111
-0.0727803820265	0.460767199663	0.0564464593558	0.000957050973238
-0.327048430349	-0.161952417243	0.20542197596	0.16885656229
0.328988622516	-0.845917234492	0.520221644864	-0.339497527354
-0.210993974365	0.0741417699126	0.160251307686	0.0664367877155
0.956786500589	-0.588807860764	-0.302031831723	0.621138939183
-0.926859291052	0.933583949068	-0.762170600317	-0.13687902668
-0.457869615605	0.609388960034	0.961879095567	1.44199379223
0.11003578978	-0.19732908205	-0.635229521412	0.519260416867
-0.430807499351	0.846085555462	0.563709387532	0.615809742972
0.202326372592	-0.880127264176	-0.411569317088	0.394485684103
0.100025172542	-0.125046467016	-0.654220741125	0.507310011147
-0.129256881514	0.54046200433	0.432112340872	0.36711028514
-0.127466154856	0.901325242492	-0.520839316033	-0.296812871998
0.39580348364	-0.299746447029	0.371315980291	0.0645946211211
0.276339938826	0.822909130486	-0.210449594508	0.174874559568
0.738980015439	-0.0570181066086	0.578735035272	0.805892087029
-0.925843587991	-0.712963332959	-0.454885713147	2.0485167259
-0.0720301522836	0.106981883113	-0.943582649887	0.786884389917
0.837287869528	0.203565431918	0.551860760719	1.28838391659
-0.953232308722	0.365186472436	-0.411314828101	0.579517566838
0.777583796311	0.247346990506	-0.207991718673	0.788784001542
-0.888330441447	0.362362128215	-0.058539691971	0.449447992049
-0.223392097261	-0.019406987157	0.582232640542	0.381934863016
-0.628439682791	0.620678976898	0.993514250759	1.60860111071
0.731515473425	-0.752826395529	0.163338304042	-0.111875254389
0.985090697636	0.0131344084675	-0.457986823957	1.18707881107
0.663671675508	0.411093929101	-0.739508873599	0.956157255268
0.463103169408	0.725119238971	0.394421293308	0.991840187934
-0.316459284245	0.2738819392	0.071523466939	0.0381785882843
-0.581587530648	-0.404527475149	0.564723262515	0.663978478839
0.982269527741	-0.376530785085	0.00782093260608	0.592115053776
0.735446761901	-0.298381698993	-0.743201499378	1.09554428001
0.882364835898	0.451357438394	0.347886866188	1.45487623213
-0.31767961056	0.668879357552	0.975304386003	1.49201061763
0.212054966308	-0.449241906735	-0.852387510884	1.05919599072
0.169460702637	-0.372244773762	-0.443834774862	0.327840551557
-0.409083080261	0.913134129039	0.169553858216	-0.0226248301593
-0.524858839133	0.215012175273	0.423914978334	0.433476550781
0.800952637394	0.837365857668	-0.921968663526	1.39021665536
0.867079967938	0.300189802577	0.166178684501	1.08961673687
-0.79972665637	-0.0945295248288	0.995190256946	1.61148929114
0.5879254841	0.777675115242	-0.661726960927	0.726145373675
0.922486241299	0.293164406972	-0.928304973475	1.711025144
0.32169329085	0.211088246588	-0.253271900813	0.182076180371
-0.368760806562	-0.743437486607	0.953516576277	0.610449033975
0.313325382386	-0.94817905022	0.731306110124	-0.357516274446
-0.677366065031	-0.266253507336	-0.200470837398	0.732740496844
-0.951850371603	0.359745245476	-0.885110791828	1.02860219906
-0.16371082076	0.278087092065	0.105176434965	0.0215856581744
-0.765197455413	0.263983792529	-0.757332307797	0.757156189074
0.781627959706	-0.124374412971	-0.835846000837	1.31632414155
-0.351300172806	0.71436755819	-0.97517516165	0.126787461639
-0.323361574495	-0.901688752693	-0.662819160529	1.43312002432
0.360264215205	-0.00221530374086	0.172924716303	0.158512086831
0.310092659847	-0.00514834107463	0.82219392098	0.766330903875
0.704032322413	0.644072110169	-0.775938964617	1.05142972503
