-0.554423040712	-0.232087768932	0.0120821402892	0.433401575766
-0.583383765463	0.18157152226	0.748918105084	0.931271267961
0.937607049475	-0.138530463822	-0.843294025275	1.5771865653
0.0308901383034	-0.919718294245	0.754681605682	-0.152006177786
-0.0841816460659	-0.391949623901	-0.838806127448	1.07244697967
0.850735863295	-0.316194164351	-0.59710492592	1.00008917936
-0.344253227639	0.803499875602	-0.00150530048973	-0.15930438367
0.409937751221	-0.441321346822	0.906346910681	0.408609162586
0.0913415674893	-0.832455171325	0.978819608678	0.0755699030325
-0.21893312011	-0.97090496819	0.253054549704	0.0788396506921
-0.521481666239	-0.989723840712	0.529063388411	0.544347385992
-0.881317326338	-0.198223742353	-0.826362874208	1.79809858967
0.843463227368	0.248175106959	-0.97814107817	1.6347664947
0.581457155198	0.0958489902077	-0.385815402801	0.505698012779
0.333244457182	0.700858503892	-0.029426344243	0.324851286067
-0.247828504565	0.411858521308	-0.237999593323	-0.0820296679093
-0.0315341433306	0.539600937374	-0.467698206797	-0.0496502292595
-0.932302500958	0.528824507347	0.844632732078	1.53623048305
0.219639205621	0.680970853677	0.319191896881	0.517053123539
-0.858452842341	-0.452347675059	-0.584162014775	1.73075001865
-0.52266794608	-0.871039078513	-0.862317134136	2.22314874971
-0.559379479062	0.705412557645	0.691445851511	0.884164044736
-0.0366519598146	-0.270391519374	-0.356462668473	0.234703861804
0.212254382712	-0.371661412833	-0.619569924501	0.580302284057
0.0818548665512	0.312194151349	0.9605672934	1.2548278459
0.676921463783	0.870746449583	-0.223667987802	0.90291889187
-0.333481022636	0.353524493285	0.231800740696	0.128994705696
0.448241078965	-0.557309157923	0.551286426605	-0.052209043419
0.693606151316	-0.261781140703	-0.00322795927946	0.300371922237
0.952690826451	0.926427261289	0.270770799582	2.11438484021
-0.535878591868	-0.154848443106	-0.841198305761	1.20801866847
0.724533693928	-0.482826676939	-0.774108011118	1.14812808934
0.0829020013444	0.294478498502	-0.561956175032	0.181596330715
0.706490348311	-0.101209127894	0.742489413472	0.903769163349
0.325616100998	-0.562721318814	-0.589777809892	0.60251313548
-0.78854318796	-0.410530979673	-0.0499012657377	0.968497918579
0.0996291201476	-0.0928539491981	0.113388416757	0.00300337508595
-0.332329366109	0.834572021334	0.643074217864	0.783326216307
-0.549100107607	0.318988674301	-0.455787123714	0.188705184576
0.402768037203	-0.121413818467	0.448811335251	0.260260203105
-0.0392182260116	-0.487120139567	0.829429545645	0.304563592133
0.380647907113	0.231622423122	0.18586604371	0.310656349416
-0.236037595591	-0.957344823147	-0.959546068691	2.12102823611
0.357361335128	0.676599511546	-0.193492337704	0.276020092209
-0.980316331642	-0.98639906424	0.552304023813	1.68825078473
-0.229436760689	-0.85774736907	0.950285922325	0.337378089435
0.408819194831	0.0195402576454	-0.0808964252183	0.180085061082
-0.178360161728	-0.876536045982	0.89279391712	0.202666386671
0.740046384908	-0.885358804216	0.828704637784	-0.154487501063
0.850678029757	-0.867346303953	0.494228857945	-0.198584743873
-0.597191002306	0.891329580417	-0.668386858448	-0.32466889783
-0.534601591758	-0.486198817791	0.342166620609	0.496438513644
0.633261314011	0.704820945683	0.425722415672	1.32865338085
0.755158207185	0.649456798038	-0.458589742121	0.973176875176
0.498253302641	0.485940632297	0.779634200117	1.47706330068
0.762475625807	0.864697295562	-0.4015112727	1.05470528198
0.10614572579	0.467977836714	-0.724739032629	0.247025622979
0.355830629306	-0.331123359933	0.801423759219	0.385701517167
-0.218128093976	0.134544600438	-0.637460202878	0.338820590095
-0.0669830142415	-0.265046744413	0.829385361075	0.490294541401
-0.948242805379	-0.77970824286	0.918035154529	1.76550611727
-0.381089219882	0.909605667078	-0.685558014974	-0.355009584192
0.463118113763	0.0391459053602	0.0810628763639	0.242352034758
0.669456687774	-0.065385969	-0.646214342489	0.864245509976
0.999843532841	0.313780045768	0.454287722267	1.66234179655
-0.696401857708	-0.446935604168	0.336134833089	0.758978333744
-0.914843560644	0.41507903732	-0.238040800334	0.415064032379
-0.435176112583	-0.717638648167	-0.972066945348	2.14418440094
0.871322005903	0.519253527117	-0.741301568333	1.37624362399
0.944319278289	-0.262757230336	0.922684387788	1.25251666649
0.180543448509	-0.451788954823	-0.198011816676	0.0796966321392
0.279027684243	0.000275341923649	-0.873760685886	0.841150429845
-0.908134159717	0.981200742876	0.826894860797	1.42875070241
-0.133133263572	0.0916815573437	-0.782397932931	0.545933665432
0.740741184399	0.9063251712	0.981247881999	3.0722269436
-0.110456040589	-0.818300202141	0.274385643684	-0.0466556089868
-0.677039978225	0.227422719048	-0.548327776155	0.480370015683
-0.304944243262	-0.942321566265	-0.833956772677	1.86168587935
-0.677567329293	-0.269239814524	0.482187622434	0.74420638499
-0.947211824203	0.247833711101	0.569790445601	1.1283336509
0.566566097	-0.337884968308	-0.875592091615	1.19207389157
-0.105814945518	-0.643759736907	-0.253320807036	0.306565371551
0.511323140495	-0.00311489375589	-0.829122783763	0.949885856685
0.586266877247	-0.20278683794	0.351937906957	0.277313560181
-0.549349800519	-0.573734265563	0.515783098411	0.587075775118
-0.246335418098	0.361308557156	-0.0676391560282	-0.0481855067233
-0.246570539476	0.479008808404	-0.987096458998	0.444219091398
-0.0648166511138	-0.459961193927	0.893730700057	0.421687466872
-0.827627670282	0.47008753576	-0.943052277425	0.741940585336
-0.530635809095	-0.305318043696	-0.0321604922259	0.454440524873
-0.777129126234	0.132612027048	-0.281665043247	0.542856034387
0.61989383531	-0.408305561248	0.21207339286	0.0895466449767
0.0540548661353	-0.815150602399	0.184899647416	-0.1576741075
-0.854624044066	-0.470307155854	0.00520780246616	1.12989591462
-0.12207337689	-0.810299841696	0.490546126229	-0.0430359991551
-0.738970826764	0.284509754864	0.831468831335	1.2637348849
-0.723987600678	-0.788814556991	-0.82877061475	2.43585706162
0.777008136295	0.96557691412	0.592293369088	2.276719001
0.972097293563	-0.464659865566	0.570258899829	0.553497339511
-0.749562995525	0.479502970529	-0.215903094753	0.145514972351
-0.0627040311117	0.422836846869	0.719187263567	0.798747415628
-0.839919614465	-0.804410892711	0.555790136691	1.24292448167
-0.996655837684	-0.230404542471	-0.306701867568	1.38768843011
-0.207377705933	-0.413252678057	0.933132910985	0.61382226038
0.925374458791	-0.492426139089	0.45200009547	0.382366741454
-0.0385996715399	-0.783348009299	-0.645500098872	0.954048505602
0.871421186142	-0.568786975575	-0.425382250477	0.686623805472
-0.778422015292	0.319959501314	-0.620949612528	0.543777006999
-0.0354912707596	0.422753185759	0.55287587998	0.525657360774
0.531286937525	-0.806741616778	-0.00507349174368	-0.142226735717
0.639393138996	0.858610344761	-0.612785514433	0.807175254594
-0.394338227708	0.398735528651	0.339094309517	0.248459875654
-0.808733578329	-0.585547043759	0.346905754167	1.04481552015
-0.433319769115	0.803560506969	0.372253490618	0.277268233876
-0.43609102603	0.830596417999	0.566304925023	0.619031849166
0.863794925205	0.770572310409	-0.384235455571	1.26331380662
-0.256648910119	0.831720615467	-0.465149892448	-0.318101858805
-0.905070331217	0.787037128138	0.0734547777885	0.170035591944
0.835309436102	0.00677749536083	-0.593798289164	1.05197510293
0.737310007057	-0.389942735699	0.498284916396	0.310102639748
0.607143761769	-0.704457397247	-0.465442547677	0.485437844177
-0.768217847184	0.40111242682	-0.0598034271597	0.261605487821
0.687150975748	-0.301845354037	0.346617300295	0.280281865061
-0.0870822859314	0.178784924859	-0.681101140455	0.334142471888
-0.41309621467	0.000334239616757	0.610053614422	0.54287972601
0.0218362574497	-0.802037913432	0.457069957905	-0.174711173134
-0.109708423959	-0.535291642307	0.760590479291	0.242122091128
0.373392641243	-0.750566644149	0.772687764027	-0.123741278497
-0.715381808025	0.0498466313467	-0.49708800508	0.698430080255
-0.796079807523	0.316788711754	0.563170295027	0.877120736727
-0.861551300854	-0.787176713726	0.449124741274	1.26863626105
-0.251673107535	-0.134184205158	0.283774543357	0.139559838864
-0.306612337119	0.887751453121	-0.942054758238	-0.127027735575
-0.354069887948	-0.300081761178	-0.930483798762	1.37663671795
-0.997878440471	0.970968243397	-0.962301101914	0.0185127056894
-0.375684052233	0.786429205879	-0.0384854464505	-0.183095353258
0.285491313578	0.359176810641	0.512619365166	0.630946751802
0.222013576829	-0.388446447388	0.22379814011	-0.073798341836
-0.872635418391	-0.853961438579	-0.344354453636	1.91933498502
0.867007841523	0.0499149429764	-0.406952194616	0.940276337346
0.241132605628	0.435137436076	0.0526761277737	0.188766886884
0.642289494449	0.397409300747	-0.523932973389	0.734077537558
0.677553371615	0.187806612374	-0.136743075458	0.579344989731
-0.831489938084	0.652271104961	-0.537176199213	0.0871924124377
-0.166978018084	-0.306390478794	-0.652100749861	0.704074982373
0.0399804732391	-0.754295998688	0.466176127036	-0.162873278638
-0.603563579997	-0.125069578563	-0.241110275874	0.528066163407
0.349344840443	-0.316190925689	0.398941508624	0.0445947914553
-0.986017844833	0.54785242	0.508060595194	0.968506722846
-0.962859970182	-0.424874319751	-0.943582787404	2.62744636864
-0.696589563521	0.428463879526	0.387334641312	0.502760580634
-0.420377210841	0.965375049004	0.0285708507102	-0.200706791207
0.799782586926	0.59738795549	0.623611935053	1.87886277523
-0.733266546024	0.92765250164	0.862627259625	1.40180740615
-0.131622124869	0.670223654629	-0.867711031655	0.100470097853
0.434742562545	-0.288355828285	-0.265883920049	0.211003980908
-0.158087736191	-0.0163035434739	-0.843474159269	0.752769397593
0.121748959439	0.713455819166	-0.136121315056	0.0230977807863
0.0948312845272	-0.421424537701	-0.176364416294	0.0744574422222
0.0609270489813	-0.731886621608	-0.296064170426	0.263459811736
-0.246697942084	0.0777846499266	0.746136440419	0.656428111102
0.14986895541	-0.999388737191	0.709196707277	-0.333119874389
-0.903103286444	-0.403083204502	0.951264056111	1.70108605307
0.350952758985	0.462063787972	-0.796088423211	0.551243545437
0.794205811531	0.415980355296	-0.625739506314	1.09239147433
0.488243131702	0.231786581521	-0.208197007847	0.346638283447
0.158210938694	0.165153921476	0.20540703784	0.127275687061
0.939459519476	-0.910940042415	-0.899636589483	1.65565388033
-0.922200152642	-0.950958330933	-0.909047368569	3.41826032613
-0.783650669636	-0.229398851402	-0.0103449073103	0.796357062499
0.801942664555	-0.694676559678	0.157301796023	0.00149125050094
0.0270862783915	-0.258587946372	-0.980950240768	1.20965476449
-0.0815504861687	0.0952964028066	0.929269366014	0.950976596247
0.390042556112	-0.39352198391	0.17486765822	-0.039592694805
-0.864359637441	-0.449802015689	-0.307615668544	1.36890183734
-0.703061611092	0.912673135682	0.324466870699	0.254041130306
-0.605606229685	-0.364385759063	-0.56969232529	1.11957030701
-0.248432352271	-0.308885818775	-0.947296991058	1.32843406017
-0.403721568562	0.378032664153	0.780871939021	0.915327249404
-0.620262146305	0.0477112486983	-0.369155002081	0.473794218067
-0.909427233244	0.636402125313	0.335111862112	0.573862329906
-0.295131132073	-0.29533675522	-0.997609113602	1.46412003816
-0.526028409116	0.423391593575	-0.903124107138	0.487247878772
-0.443840274271	0.159312275084	-0.36377732767	0.200664735629
-0.684849126915	-0.880437354201	-0.0101073816664	1.0809861555
0.173428278716	0.584895096175	0.494001178012	0.664490748019
0.497001030773	0.600401176364	0.920993238353	1.94660399694
0.523984098751	0.802909981295	-0.775288851102	0.673857044378
-0.430355358675	-0.674869299084	0.147352408729	0.397908469568
0.960160330146	-0.633516849545	0.97910383841	0.651995659475
-0.323014731532	-0.417051154722	-0.867312387337	1.35299659344
0.746604861764	-0.828879831394	0.570807211255	-0.208736604929
-0.794970103118	0.0997007524119	-0.994389876928	1.44238815584
0.927114376566	0.366118593359	0.483170852727	1.60932678455
-0.425436783565	0.668752850592	0.256958183495	0.134353420814
-0.200854540009	0.865655795952	-0.998110548637	-0.00132386458698
0.164857269657	-0.225372338095	-0.136703909536	0.0395208896454
-0.33493608763	-0.246153717737	0.276100149303	0.202896160197
0.150388291299	0.838938981266	0.650668752382	1.11802444365
0.108221003844	-0.139574276736	-0.173356864482	0.050855678774
0.638466467686	0.214157131995	-0.906119789152	1.17137263496
0.833432776262	0.239018283201	0.180436377221	0.969500743228
-0.303504699748	0.927554895363	0.409559689789	0.35822606746
0.57344256847	0.812862388415	0.809483026839	2.10822735248
0.405679198206	0.0242402934575	-0.756195484666	0.727910605241
0.628819659303	-0.321227470177	-0.581096347315	0.717757090011
0.0630382291717	0.147846565542	-0.206927067321	0.0255191589869
-0.537921651646	-0.0519240535327	-0.480323449612	0.572941732704
0.635513020731	-0.0605692470486	0.0910525897989	0.368159841667
-0.0669901701096	-0.608611123114	-0.187167489048	0.194202530236
-0.982925747976	-0.937020551808	-0.352970899836	2.34249409625
0.583879392273	-0.639582825851	0.638506735451	-0.033211177914
0.293326674904	-0.243250370036	-0.451929909882	0.328861477253
-0.39795412385	-0.51901019557	0.681983078942	0.476054481122
-0.724596160989	0.0881161954293	0.807523311896	1.18444072081
0.085759599166	0.0855953108689	0.861241171891	0.830149890402
-0.915857288924	-0.347625149092	-0.868138030218	2.21261985198
0.484756617173	-0.109114335573	-0.0727710195745	0.195331064436
-0.633358959751	-0.665269235209	0.971823910395	1.12041496585
0.203749281619	0.18654703693	0.890807249015	1.0392376022
0.195603692937	-0.764331084032	0.315491701076	-0.252850278411
-0.927234892071	0.119296618618	0.748816879802	1.39920659899
-0.915496773068	-0.496561731036	0.498209047409	1.29355571181
0.838204929123	0.598618001226	-0.439887329981	1.13452845133
0.302167541283	0.640003951163	-0.367834703474	0.18458034882
-0.222341390906	0.345260554119	0.440752841651	0.319107620043
-0.973080029738	-0.0567315300048	-0.552130783927	1.33826068987
-0.692990805953	-0.00465133744643	0.618896832623	0.863614182639
0.490954270763	0.880124689146	0.314483003024	1.04882088539
-0.98441234086	0.155155022402	0.386027125397	1.02524212687
0.601098013806	0.80278709965	-0.592739121959	0.719368899445
0.972595795625	0.741565507204	0.617314379036	2.50604216931
0.234298898442	0.181415498603	0.787245330754	0.85997514029
0.906804446489	-0.822336068963	-0.305616485401	0.421317195692
0.69309199965	0.96918252229	-0.0154676996722	1.13735739793
0.00394128041161	-0.42219609128	-0.590495703472	0.59634169425
-0.41641932125	-0.148450128087	0.257579237773	0.26333194558
-0.982032572974	0.999987003933	0.831052216134	1.50405736563
-0.811920666292	0.0484616417314	-0.194508554025	0.648275533638
-0.871386870946	-0.0413731264166	-0.432806511645	1.00059511307
-0.932870112698	0.58749524189	0.993976011631	1.89413438374
0.528422341786	-0.681457624105	0.522245902739	-0.164014931411
-0.704488124279	0.942133931033	-0.389166130402	-0.382614987851
-0.445382686246	-0.185268455048	0.342501075336	0.33473344092
0.736368099701	-0.969201903166	0.490032577351	-0.406259965121
0.655082629601	-0.86267076509	0.996172561573	-0.00299655509363
-0.636925243036	0.881877003766	-0.358929920724	-0.343717314794
0.433025111242	-0.067875334119	-0.590318018819	0.546662418965
0.436627798289	-0.262975298715	-0.410056721123	0.351802811822
0.477539484467	-0.305713418084	-0.114828188103	0.130343761819
-0.877408533955	0.523028614432	0.870253063866	1.52344361502
-0.535692887094	-0.431125280974	-0.0685870000878	0.552191382012
-0.762476261138	-0.532769917213	-0.719660403031	1.88891897236
0.080576649456	0.733367650163	-0.688705292963	0.0348257027076
0.15824376347	-0.270631648007	0.95183124431	0.630602377554
0.468951338778	0.356046756961	-0.563474818374	0.503764450716
0.0794426117184	0.414086744575	0.964052036386	1.36780475923
-0.326980216773	-0.831302398053	-0.460485356231	0.973584844686
0.741994751096	-0.652421311554	0.716752476173	0.112572543514
0.162523512628	-0.686058710702	-0.992853185104	1.58182624388
-0.161812187603	0.511427498423	0.531538412492	0.497804426308
0.181741662157	0.309770240451	0.797595279637	0.972557701805
0.14328606548	0.282012963474	-0.573822219315	0.228386059314
-0.947727087505	0.548712794206	0.986793259053	1.89338367665
0.878582806959	-0.99891960217	-0.469709558853	0.584103316026
-0.872517981186	0.429512077236	-0.361718842497	0.362008526569
-0.704699503829	0.793242248441	0.333317157742	0.313105551101
-0.783616975217	0.320609688086	-0.85702504625	0.822541766984
-0.30330042249	-0.319928915145	0.695264203654	0.449982911881
-0.162918666551	0.904194717274	0.473157495768	0.530936818184
-0.565773731057	0.367045675704	-0.725506069978	0.372500305235
0.321932596236	0.32764843902	-0.677867988513	0.446523930698
-0.71722854543	0.910585400463	0.68954363918	0.96467774527
-0.0409868180782	0.332821541561	0.773960773843	0.844644720586
0.0218384002577	-0.991345115283	-0.683944064999	1.12463161632
0.23606313652	0.983675308579	-0.367920823039	0.0613863859736
-0.0201553083257	-0.995024679796	-0.157500531806	0.201984599414
-0.701769758107	-0.779339059033	0.446769590271	0.89081545104
0.927404552133	0.409669425331	-0.476297118716	1.27174307163
0.0862837012778	-0.0751988151881	-0.653747790119	0.477503677334
-0.917403682199	-0.0298289574993	0.0590334336269	0.870718752061
0.719381917852	-0.00268596991871	-0.524589648349	0.792181436711
0.93043237799	0.619445106261	0.611241690494	2.19430327138
-0.22535799701	-0.547377504453	-0.660571389155	0.972078603507
0.850377050147	-0.639726034356	-0.84060060853	1.42349626625
0.0367781831902	-0.189641646382	-0.913691037199	1.00248314358
-0.477004685128	0.902738372303	0.360981566054	0.253102639003
0.716859314792	0.018080352033	-0.627941694271	0.909805710489
0.644275493765	0.0403718528643	-0.538116776585	0.708946401219
0.353558409687	0.259144496425	0.927742322806	1.31775139968
-0.586757205731	0.638600581298	0.368891149315	0.341235308247
-0.225061343014	0.0415110667154	0.52268097073	0.336202513504
-0.0572242678828	0.597433454079	0.712435359443	0.902283783801
0.453460487285	-0.579429561558	-0.299138282131	0.205691277694
-0.882530578605	-0.378831036862	0.494321133102	1.17027939156
0.805890615194	-0.647021496122	0.991648814714	0.469780404103
0.0895130354931	-0.0487451269234	0.883322220257	0.740849750305
0.813829259571	0.640585537323	0.391616219839	1.58787226752
0.707154124259	0.0107210260015	0.755485224069	1.08650587373
-0.0511244283838	0.499403081633	0.93396671703	1.31580169524
-0.930172787427	0.511735638398	0.66704070343	1.17551064952
0.256935849433	-0.191892737177	0.00208297704412	0.0163165379244
-0.59747172741	-0.725796095247	-0.184285597987	0.958330060884
0.0710068057447	0.796843953099	-0.93135186639	0.186897506337
0.950856174291	0.615372071536	0.429890333897	1.93860600238
0.175043572033	-0.0501945438693	-0.659687711537	0.490154620384
0.787366064134	-0.728201368345	-0.598794079953	0.841181292224
0.149417494987	-0.659521601553	0.947597227812	0.196761187057
0.946950612146	0.807691255704	-0.780952552134	1.64067753206
-0.133326637685	0.604566384028	-0.603501453547	-0.0634714980163
-0.12729281724	0.12695070551	0.592811802167	0.426727257675
-0.871984342025	0.388472700764	0.0666363710548	0.451941397346
-0.766043392997	0.858384284202	0.125936617457	0.0532249152366
0.378411151977	-0.336079937419	0.343799806147	0.0186726930375
0.919220510006	-0.885555915844	0.360357078746	-0.158313933283
-0.0575612597274	0.364694897389	0.644319027508	0.632447871744
-0.714071949949	0.910191665922	-0.53168640978	-0.341289688729
0.281834767995	-0.961708434073	0.993449999949	-0.160078378326
-0.97963524021	-0.0609410725864	0.453401005705	1.19732695452
0.195147695624	-0.629481180551	-0.0214030001508	-0.0708283044981
-0.454830327798	-0.68125754144	-0.967920972445	2.11300168887
-0.618955731115	0.881274838584	-0.355026261696	-0.349195979924
-0.7446054514	-0.964677521886	0.520354652291	1.04153594758
-0.194448450439	0.341036467724	-0.867924729587	0.428795539386
-0.0737234677414	0.577349876526	-0.808385917372	0.149637196523
-0.110569734944	0.0353863052948	-0.864692678957	0.725408161807
-0.216288804383	-0.452062761614	0.167674755641	0.0968722717084
0.0877929081263	-0.208588841465	0.411864956682	0.0731172821108
-0.605440823874	0.732094591241	-0.910172045181	0.0853997591913
-0.337098602971	-0.90049496873	0.685811693386	0.26995876346
-0.0215858130722	-0.415608836475	-0.731064226716	0.847728858219
-0.49757843236	-0.864441436736	-0.994340305711	2.52597331734
-0.0490172392233	0.0338068007927	-0.0790503439891	0.00432209135221
0.891532131238	0.461027732295	0.90318129893	2.4379786626
-0.342924384782	-0.22082542927	0.746262532221	0.585437581125
0.223663633517	-0.258644977987	0.284189054171	-0.000564707758767
-0.153073209356	0.726513750984	0.925271894503	1.44057244943
0.652243158473	0.863516065226	-0.932154864132	1.05262557382
0.18527796226	0.106505361965	0.0250094885577	0.0573501388832
-0.632857672121	-0.677019566642	-0.00342927661355	0.831299307393
-0.374059630235	0.00513513961776	-0.715051413684	0.645626393914
0.488537414111	0.295455024004	-0.626418327275	0.590331117224
0.342041490713	-0.118267594545	0.791144079912	0.608882204938
-0.497917586592	0.760378698268	-0.0709731858286	-0.179613308846
0.676707547036	0.691294094141	0.564503434561	1.63463905301
0.786094657036	0.650870871522	-0.694774268978	1.16009387522
-0.367729566899	0.430677475449	0.0232239963663	-0.0126064010161
-0.263934536008	-0.305109162465	-0.678624725686	0.81777642452
0.0941524983325	0.561390509238	-0.804320705805	0.257114799091
-0.481856061947	0.0679422223691	-0.781428830778	0.75698589891
-0.448501331257	-0.721722370205	0.254209974686	0.406000573745
-0.344762491145	-0.407844488683	0.647671468366	0.414799749303
0.918997284479	-0.115265002929	-0.723521099189	1.34550722678
-0.0395089953444	0.5776699865	0.0568307098758	0.0147969248976
0.226309435659	-0.990275862969	0.168229935883	-0.311185544634
-0.885567630879	-0.441854926578	0.956021583562	1.66707687101
0.545850119057	-0.549864052917	-0.748701084777	0.97004612097
-0.344092374285	0.133237252574	0.81726811496	0.849371369443
-0.400781452204	-0.13243621675	-0.706734130505	0.806774077418
0.866905174393	0.336764339934	0.160092564951	1.12301042655
0.392960607946	-0.161367698268	-0.263091048283	0.202678187166
-0.493832508808	0.568281135373	0.268789725691	0.188230895096
-0.808672236162	-0.524478652796	0.480175770778	1.05680893999
-0.0272346338097	0.516693808838	-0.868041911145	0.291654636806
0.749405507797	0.353128160009	-0.295697141029	0.809262615066
-0.0829195098268	0.623182274255	0.0492332963016	-0.011693088581
-0.35081046679	-0.849088889306	-0.604951644407	1.30056146512
-0.999833646365	0.172961351095	0.116043450776	0.860271856558
0.422984906401	-0.955812832314	0.743288615661	-0.38334500116
0.85954825598	0.245730326999	-0.518549279262	1.09151034944
0.718175891335	-0.0709989246286	0.578307270158	0.758166999347
0.297232382407	-0.194738709971	-0.108727036408	0.0634593696953
-0.905324388306	-0.808083536945	-0.241003041124	1.80402303756
0.706487259285	-0.843934686108	-0.245333757321	0.170129464086
0.0533593443787	-0.944458127337	0.315650007876	-0.246031734696
0.102636482182	-0.96735420894	0.167050828252	-0.222442928152
0.374997036518	-0.175965134259	0.294251598849	0.109442354848
-0.910543368569	-0.0448260359662	0.367527378889	0.988506854562
-0.853396043233	0.817646491787	0.760990519041	1.231836324
0.0754640329697	-0.553703825551	0.72465819566	0.0877935819083
0.624500349895	-0.403034316614	-0.176549664479	0.240630972674
0.126170023708	0.531788036472	-0.271858785055	0.0123505335612
0.196015615168	-0.477893423594	-0.206370314787	0.0859592710661
-0.67739862177	-0.179094427756	-0.5327451901	0.95941634384
-0.255153473036	0.633013619508	-0.864794439681	0.104030435815
-0.0744988998369	0.746678178321	-0.396723496438	-0.188911861731
0.109205631926	-0.520513946755	0.42661921233	-0.0849744820792
-0.231642981635	0.331150894306	-0.281488526084	-0.0370296964199
-0.256199844314	0.462449927736	0.467746612203	0.382255040977
-0.881490703528	-0.789899006071	-0.518382388711	2.15150452552
0.849182960279	0.0745664744612	-0.0902696313513	0.785849797733
0.687218938422	0.394161339966	0.999645138751	2.13645687775
-0.436824139908	0.362754234757	0.822399069785	1.00702449782
-0.683911389222	0.878375095717	-0.501053189783	-0.322054288206
-0.371080817896	0.00624407511819	-0.470450879628	0.353770416419
0.821790919895	0.0830491823711	-0.321189592459	0.820077601263
-0.775429437152	-0.835984386572	0.201309971739	1.12177142584
-0.00877313385444	-0.812952870962	-0.476973222707	0.622469318184
-0.0576957768642	0.176300213176	-0.641121995686	0.291164493748
0.797663593718	-0.301082748763	0.83894404657	0.847339995034
0.789754288856	-0.582064866312	-0.960925760602	1.64672305397
0.405021208049	0.925904019294	-0.500850073867	0.326164643437
0.446970039849	0.34330909336	0.210062888998	0.469474012967
0.503484383002	-0.76366548131	0.331978948606	-0.274307961005
0.295574232646	-0.700541790008	-0.760649865469	0.99175726115
0.0949752317774	-0.714986836015	0.779318877446	-0.0087505715047
0.37107785905	-0.561007822353	-0.830961347121	1.08619377206
-0.675051770419	0.816180296245	-0.820815046788	-0.0914647882307
0.356664950105	0.220689117973	-0.0681235702742	0.195528650073
0.754462008581	0.690797904936	-0.599884648604	1.03585623045
-0.379213852527	0.891922461015	0.716216323819	0.957349042017
-0.814327697572	0.667884970941	0.326032115114	0.443301258218
-0.436894884317	-0.674208206354	0.0851195296836	0.435292305163
-0.141278039692	0.0393183497988	-0.408897533565	0.165524681815
0.992442950891	0.472511925899	0.327496187816	1.71588374831
0.0269610976841	-0.11829841373	0.56285592884	0.24775927879
0.227640118346	0.336929145729	-0.204012080792	0.101401927098
0.707569868354	-0.417574035785	-0.64118366297	0.88405045256
0.758629499799	-0.22362061994	0.596655124528	0.628446467703
0.858994585523	0.35810919035	-0.907644265315	1.54426791288
-0.801334377634	-0.660819335235	-0.212235332435	1.35696708313
-0.641545883385	-0.130502547458	0.41295679483	0.611945893262
0.332616813992	0.914067458764	-0.600364847646	0.226332130528
0.761959136003	0.211645873893	0.7093173789	1.39510247268
0.0514816820901	0.114517426629	-0.625474073508	0.328136048652
-0.291936765253	0.909868102286	-0.0844791232704	-0.250125012986
-0.585782077634	0.0843003843092	-0.179333104663	0.310801500997
-0.797394335021	-0.249338157732	-0.889918658563	1.84850445772
-0.341133672644	-0.737786072955	-0.112888602199	0.464087330309
-0.0692990436412	-0.765897672277	-0.854476529793	1.44245005882
-0.376822698872	-0.256458096436	-0.694283267825	0.898718399667
-0.463212301715	0.813037013393	0.917035617507	1.42449511352
0.74786742108	0.367960227546	-0.266941721196	0.807525091991
0.522305298799	0.105640024093	-0.955897090881	1.14073742615
0.095359330428	-0.494322214888	0.0794947210498	-0.0710214294343
-0.356787641867	0.632368024111	0.027211592699	-0.0803754628403
0.306321498077	0.740502486675	-0.701715271763	0.293447110179
0.428723155149	0.701222011841	-0.0660898672265	0.442457858029
0.871238060657	0.469878593848	0.906521491615	2.41616813172
0.235227564458	0.251309146449	0.0466819314313	0.128357644591
-0.259799957477	-0.614841871403	-0.583358922517	0.92621303405
-0.0464711285633	0.0954859384454	-0.521097129754	0.21950699665
0.0540765324732	0.572817896602	-0.142817220136	-0.0275112243182
0.716677024034	0.20834997377	0.434888025865	0.94268209976
-0.993559022197	0.481049578808	-0.695787531143	0.658620371139
-0.964330838698	-0.789549863634	0.931392263374	1.82343216239
-0.531641822567	0.0869119493301	0.726171757406	0.826875424596
0.65282317789	-0.734396174825	0.931023694608	0.12981213684
-0.587564046795	-0.750597107151	0.366300773211	0.645487338613
-0.991178078391	0.900175160562	-0.627081597513	-0.0810518505662
0.78340649143	0.869274051753	-0.492607272948	1.10917187107
-0.635407638978	0.556228364342	-0.697042676385	0.148464700893
-0.671000621128	0.636459979521	-0.933596571101	0.30058249502
-0.562127798956	0.302933484483	0.433580190621	0.465038069143
0.0985329239801	-0.890062334093	-0.350222211411	0.356383489111
0.956754475857	-0.676836045978	-0.066982600322	0.317636117759
-0.152138012356	0.671477962253	0.679208672258	0.838386727949
-0.132560718647	-0.218949652613	0.430124640181	0.137428032969
0.377660340613	0.858041648871	-0.799972312441	0.420221772899
-0.546155695422	-0.0344550449261	0.367739863214	0.439665976153
-0.83229871679	0.500764401413	-0.415938948668	0.240653375625
-0.13581448184	0.811374740132	0.969594470833	1.63506703324
0.331833439211	0.642802925262	0.262980699492	0.56162054803
-0.75879979059	0.284000111878	-0.199057056455	0.3433693822
0.728740769012	0.852908929304	-0.688698094721	1.03952092855
0.684113523306	-0.715101754859	0.971435433551	0.227812150026
-0.0758047004196	0.907016369889	-0.408833089949	-0.266683561288
-0.297254944064	-0.505363935233	-0.134571509369	0.324699508749
-0.442516341267	0.2258705616	0.287541963965	0.243496943694
-0.407965197583	0.924589614297	0.963854898631	1.60942171234
-0.213328373933	-0.31588825908	-0.290375159076	0.288940760268
0.684344707199	-0.744399364566	-0.0262993040403	-0.0208292483026
0.784036104765	0.0454862273752	-0.440771862713	0.824606243899
-0.943268542181	0.78391867401	0.220209985576	0.371428875491
-0.0392434153705	0.651628816386	-0.457269056362	-0.11290679872
0.378793540343	0.0592382755432	-0.632476697765	0.528483566641
-0.876601438844	-0.504990765632	0.862815445079	1.5198423744
-0.377593531246	-0.462741069708	0.322530530526	0.272082729815
-0.729783739304	-0.931988418629	0.399809061686	0.999964169939
0.361298997479	0.802657862784	0.970399667146	2.14111088359
0.98128740593	0.743249050393	0.616145053225	2.52984985798
0.341554669026	0.849983111277	-0.845444227821	0.403137919365
0.378209639828	-0.137626961861	-0.961870132573	1.14856410397
0.687386154258	-0.670090028515	0.360064403705	-0.0997400743724
0.433869933053	0.801437666418	-0.811911145171	0.54446635961
0.554565381891	-0.239087639228	0.424624718703	0.253736665019
-0.46096074861	0.846810682867	-0.306128075002	-0.343379800479
-0.529599919396	0.678444462798	0.031574042075	-0.0564099040413
0.286835501403	-0.695479377665	0.129669962168	-0.190582056645
-0.733622074305	0.290490148824	-0.777604764463	0.703874008323
-0.384015984043	-0.178472341775	-0.644025565124	0.745714187256
0.75303864366	0.452055666781	0.629249938469	1.58789407059
0.160605741769	0.609369608319	0.485203889219	0.654753780287
-0.46355850968	0.944544812375	0.0106178048113	-0.212823563421
-0.144111008601	-0.458308148395	0.35438850184	0.0499873044609
0.547005697471	0.158791510628	0.56682308136	0.797370192999
0.34570604529	0.963506259051	0.393043448234	0.985785582831
-0.870086277815	0.96466125016	0.183248064084	0.128063773918
0.709812138191	-0.297498027827	-0.000624154218065	0.292851634501
-0.994100662945	-0.971976688988	-0.80989987394	3.39762040265
0.942578570472	0.261110487465	0.819215855765	2.0195919813
0.00724960986083	0.789490224275	0.806920965607	1.2939537118
0.201409156727	-0.558610284764	0.269784511478	-0.149864298128
0.244111452844	-0.756716063141	0.926491427578	0.0321627636114
0.640738286563	-0.548488415256	0.828244376363	0.290814326017
-0.165201272524	0.0067061005749	0.426581714172	0.21101626284
0.0871051086174	-0.325635609575	-0.121693654134	0.0336599075073
-0.0834277740998	0.92533786365	0.317132261932	0.323788676545
-0.450191860839	0.930765910896	0.323857492836	0.18996866412
-0.642024262231	0.269799944957	-0.539695238905	0.384638247828
0.606297037443	0.442951906224	-0.558403105583	0.70062483435
0.583923651252	0.772350393664	0.441021532516	1.3270836388
