-0.62838197483	0.974303552662	0.291399892016	0.15145496289
0.573238156593	0.0820134579776	0.683092505995	0.898253377922
0.974399563539	0.734992399086	0.827091301426	2.95761662309
0.703424874959	0.750562716338	0.502204404059	1.65191620472
-0.526640850768	-0.523768239913	-0.684367053517	1.37999632818
0.293640003952	-0.757243100186	0.509589318145	-0.262334136937
0.188063237143	-0.743259996919	0.109773001467	-0.173951868776
0.543242806368	0.575618778097	0.893976791602	1.92159783943
0.323988731919	0.109185706404	0.560824056809	0.516101230479
-0.246815552404	-0.620551551697	0.3691225312	0.121271574473
0.776833534114	-0.824287967892	-0.00276735660567	-0.034575438485
0.272673417456	-0.207771544757	0.396659189229	0.0926210353401
-0.862620958743	0.353539676956	0.0199830152904	0.446608293044
0.650541240547	-0.702609111368	0.0843449373871	-0.0860197503201
0.975086085852	-0.909318304849	0.340744780709	-0.129609212646
-0.806812666906	0.49329481057	-0.0294408050271	0.239293942455
-0.497402817476	0.708464900857	-0.747182629957	-0.0760536602809
-0.691237229368	-0.247916286255	-0.649013318284	1.231297133
0.683627645114	-0.922844971901	-0.334758855522	0.257458440185
0.0475359977496	0.462473309103	-0.963738412981	0.507332236957
-0.491533187034	-0.680763444879	0.324497190332	0.460615301024
0.804113580064	-0.309774696741	0.0381133072416	0.38715069523
0.265004673309	-0.606207807395	-0.0885773213421	-0.0288782194686
0.112362106475	0.0330889292005	0.47647860489	0.259141212498
-0.249132237888	0.710064710275	0.261449463679	0.139168721376
-0.0770237357001	-0.269229047436	-0.53337181316	0.454754359113
0.7445783548	0.906938248717	0.84923536082	2.72108824453
0.525632338549	-0.0506974995186	-0.579148229849	0.61441514934
-0.563949314835	0.159144010794	0.910738728225	1.20267331894
0.748790688564	-0.965167314465	-0.662323969096	0.9159056839
0.61473158878	0.752097546243	-0.668223130231	0.78418622095
0.858660349857	-0.0610664091098	-0.026433451768	0.687175215558
0.104701349576	0.13178933551	-0.630307556399	0.338980695519
-0.0133676870567	0.861541545621	-0.395868194769	-0.195683391465
0.533016046864	0.254563656295	0.545017594535	0.855578469931
0.211049304334	0.866841933049	0.0581817295822	0.281307672393
0.973189942487	-0.503362905159	-0.164540722445	0.567128292845
-0.346487246817	0.53716203288	-0.677408910515	0.0289381029213
-0.326663730845	0.232039083782	-0.0141492689653	0.0278274586447
-0.245871394631	0.804786608985	-0.0578023918473	-0.180598737656
-0.282906247174	0.654451554486	-0.0241753552207	-0.120349639551
0.795939355676	-0.244003270404	0.545113117038	0.603446579155
-0.562034246217	-0.535093709079	0.156159588272	0.557449287071
-0.831618879952	-0.526723663681	-0.569446089722	1.75383288447
0.875804151608	-0.0185426191937	-0.989450656338	1.74815281716
0.964112940695	0.905444484367	-0.950786723054	1.84557530541
-0.246323450957	-0.0651398610671	-0.274474769562	0.169936365346
0.901292179812	0.877880266427	0.0363139440828	1.63675220977
-0.0858515660818	-0.499496518256	0.778119759153	0.267055298845
-0.544978335804	-0.263719053536	0.81696781326	0.892708986832
0.872198117293	-0.720280299335	-0.110147734207	0.223972201123
-0.012695355647	0.818069803412	0.880356107212	1.48499510802
0.376165201759	0.945075605757	0.262161099475	0.8134953169
0.929457491429	0.464526321225	-0.775717168037	1.53704478001
0.151622099237	-0.969781713006	-0.47037899701	0.55337027216
0.571170944723	-0.220523220165	0.978883235426	0.942625697456
0.970697104447	-0.372069748216	-0.436939599673	0.934574061934
-0.876482680592	0.961956601218	0.156986844906	0.100742990164
0.119600615581	-0.0541304534983	0.52107727435	0.251145648363
0.356627021613	0.807936793905	0.599583353395	1.25924057489
-0.948361794534	-0.0347905804308	0.084241383891	0.936549954741
-0.531657284918	-0.401360473119	-0.502831543139	0.950701954848
-0.779561987522	-0.567294684484	-0.495801076639	1.57704228707
0.848834054265	-0.336836137821	0.389673367885	0.45519052858
-0.0812294635226	-0.172812343944	-0.402340886345	0.252043340191
-0.362360864881	-0.63805263412	0.615152196947	0.348423446498
-0.810310134748	-0.679345172998	-0.975852690615	2.82231208186
0.691009127634	-0.13069818417	-0.798528108192	1.12919328957
0.348481770056	0.942526664427	0.495605987114	1.16264005677
0.335295906822	-0.643449095724	0.460703201507	-0.187514121441
0.379319994466	-0.898711543149	-0.688063618984	0.894786661198
-0.98020401068	0.964791540042	0.722402692019	1.23394102073
0.740849759861	0.271772183883	0.810991928646	1.62831367974
-0.701071133945	0.99260849572	0.945564920319	1.62828036289
0.89847902036	-0.575229786333	-0.811424586687	1.41559810663
0.958781820022	-0.121757616964	-0.84861513265	1.62599658844
0.0384057399771	-0.148971086624	-0.0101093227243	-0.00263814875659
-0.323682930458	-0.854557281163	0.195812267696	0.25238588956
-0.340071298793	0.479851514323	-0.78751743248	0.194757034488
-0.0748859441211	0.725007937915	-0.24145404363	-0.165441042387
0.548170066273	-0.629195115608	0.123757982708	-0.106967386617
0.703247350477	-0.512539448656	0.781339753758	0.344139190869
0.273856184421	-0.893927672245	0.813170951215	-0.23547943138
0.447145827815	0.276946763522	0.851519476823	1.28468596376
0.562805536849	-0.521719752635	0.00020914459099	0.0230142357187
-0.906282106129	-0.897560685679	0.87754842998	1.61722872092
0.701438419038	-0.662303432766	-0.05629832055	0.0679068547562
-0.530278383334	-0.954369595283	-0.803258099498	2.19910541166
0.098881769385	0.429415348029	0.784260871627	1.00407772363
0.790896698353	0.269470011292	0.399378496536	1.10576424117
-0.325138439671	-0.798997769965	0.422976793784	0.206451746278
-0.293262091912	-0.650641493904	0.356977347187	0.171979692081
-0.561809256934	0.865830348806	-0.255883055056	-0.326877040665
-0.290915936291	-0.846316136243	0.647832419737	0.202254746819
0.712279834629	0.543045931242	0.776982916322	1.91978309253
-0.674760384215	0.00338954290367	0.795967837621	1.0892772125
-0.0530074939586	0.571933922162	-0.441684881693	-0.0850360215382
-0.158947233688	-0.360178780168	0.478226455725	0.138967165326
-0.504486732121	0.910068962805	-0.666148295968	-0.36709819073
0.381613312202	0.938222521398	-0.442346289339	0.2843179128
0.298093904942	0.325646413988	-0.0206106421173	0.179646204213
0.149401135501	-0.486387408007	0.865669943619	0.277987359458
-0.956708645723	0.430195959394	0.666669708682	1.23496635449
0.305256515566	0.679970923262	-0.0466669198051	0.271192747875
-0.195385380734	0.693767289999	0.453055016239	0.422197059484
-0.333895863274	-0.548335593213	0.616628710073	0.336684930327
0.634753550874	-0.865700807178	0.548241842893	-0.320638878626
0.59982719627	0.778737034065	-0.962493557073	1.00376478663
0.977615548179	-0.94962933577	-0.705458364764	1.19495521915
-0.658429556372	-0.595295830195	-0.417984040123	1.24902466406
-0.930870751396	0.635608970309	-0.42481154369	0.185301375811
0.034389187505	0.531165469848	-0.711502184979	0.147758932004
0.759516079943	0.210446748475	-0.692596160937	1.0706371972
0.265018877446	0.933817742876	0.730221891647	1.53283250506
-0.989138251225	-0.0434574910953	0.951771648266	1.88588760929
-0.792854628207	0.678368426271	0.495036441453	0.671649085172
-0.639339930725	0.707817879991	-0.000117500742315	-0.0438638426595
0.0546039352708	0.543144753951	-0.325714336774	-0.0381807733907
-0.7423477439	-0.843348503547	-0.219011747832	1.40980740729
-0.801000641666	-0.980020407577	0.476034101463	1.18668433488
0.70857777189	-0.386959560476	0.209430380308	0.190711511924
0.993289369627	0.469577774895	0.436472060405	1.84851582227
-0.97343275675	0.546333661545	-0.400505775147	0.357347338972
-0.120565786672	0.225949434177	0.705515154461	0.644456720764
-0.0810565042993	-0.385067974804	-0.247722932959	0.194539240465
-0.957331174632	-0.679461474976	0.167550378342	1.48118173196
-0.899064145429	-0.911063562072	0.102977087411	1.54420652892
0.765839496364	0.0514219549936	-0.792952546227	1.21388966873
0.362868689495	0.929714253434	-0.0936959171918	0.390706373762
0.293552187272	0.452373257544	0.895207519118	1.42533248975
-0.0700633687822	0.20112196172	-0.628148080076	0.259053229859
-0.337672084706	0.268064063241	-0.835019325879	0.496923286931
-0.0739594334651	-0.141644261113	0.736747794048	0.454387142223
-0.174236959227	-0.804104157383	0.268700712426	0.0265998941499
0.315805591653	0.340631445745	-0.223299872831	0.181106361667
0.163990222757	-0.604949795286	-0.646062388375	0.735918860736
-0.145364952912	0.145482710627	0.984419290358	1.11228020814
-0.667226937382	0.100028085943	-0.571473864172	0.647869293164
0.899035608609	0.937841403999	0.633842375475	2.64761762325
-0.307468823429	0.03815313233	-0.847018921138	0.767930806455
-0.389622614039	0.815356575294	0.996836256826	1.64058394055
0.863048948925	-0.982185963084	0.341484771734	-0.321610774927
0.986371710178	-0.261490761733	0.809586567811	1.15873306327
0.687535831731	0.474898694249	-0.0927399405124	0.763774008565
-0.106575776574	0.453224095175	-0.388826921426	-0.0619836685702
-0.148835699677	-0.501413888654	0.282833001541	0.0349584640621
-0.253178569183	-0.278704235283	0.635937432416	0.361839289566
0.784517119329	0.589320626733	0.851844201324	2.3054471329
-0.188677500566	0.175153708774	-0.484839663826	0.152699669573
-0.570920216051	-0.541605951461	-0.94054218054	2.02918651587
-0.484210582434	0.194048183129	-0.196693167106	0.141019954644
0.977323377749	0.806340839453	0.209455145808	1.95598043373
0.873939067693	-0.192178733093	-0.780182064531	1.35443544577
-0.421061129617	-0.106876418854	-0.850426738863	1.03641018305
-0.448659407945	-0.468133338867	0.306049865422	0.361722065758
0.0284330383323	0.329060028128	-0.739443394666	0.31361988373
-0.20060805822	-0.422496818383	0.442447360245	0.133826923945
0.318180851357	0.931090106946	0.945701795685	2.17237956954
-0.981412658588	-0.565236279229	0.140704423968	1.45816733582
-0.510740652614	0.754215001289	0.662800463601	0.814846259321
-0.950228525826	0.103283369481	-0.66444307864	1.17765013213
0.806879475142	-0.379199576925	-0.287063539427	0.536345980172
0.577167601287	-0.713124637062	-0.327642982736	0.262530211069
-0.0458326301845	0.146995896009	0.13757369201	0.0345127103068
0.548217026921	-0.103543376747	-0.0633688653034	0.254354705833
0.870789252007	-0.207667162634	-0.243330260011	0.687180908311
-0.0433804140697	0.907898508763	0.693368505783	1.07276496432
0.761071191467	0.95107034641	0.378194353757	1.80578200444
-0.0801315787457	-0.51425792412	0.398033360949	0.00136811575056
0.718721321765	0.00399176091285	-0.0748859010844	0.524738273607
0.527608439846	0.806490781193	-0.250772106223	0.564523266022
-0.247536533725	0.284412660245	-0.450746432685	0.065846166027
0.728518228823	0.0590765055066	-0.711560311441	1.03805870105
0.0122012522558	-0.914039981019	-0.763690031021	1.27026212312
0.0162663759242	0.150504391315	-0.170135236103	0.00605265440598
0.381060173902	-0.0113640768937	0.103122752615	0.150338866234
0.826151040007	0.736770814999	-0.793306129087	1.33605932714
-0.76810108017	0.61697891489	0.0572138201436	0.154650240274
0.00170454221835	-0.976922849044	-0.910666357363	1.71730168602
-0.918775759861	0.389822418005	0.755740412266	1.35173763422
0.370095861842	0.810499824168	0.442194240341	0.990867678136
0.816651283887	-0.146251576883	0.168209839062	0.551176377191
0.80486352688	-0.844791085022	0.563047776095	-0.190771178786
0.722443215446	-0.788302336816	-0.791064357094	1.20180122292
0.399039771792	-0.958833053694	-0.554122285769	0.614982487509
0.636552939097	0.204044412054	0.534379503462	0.92968331979
0.208309050159	0.792167207722	0.614265742823	1.07233184008
0.77524573283	-0.031195214687	-0.915101979552	1.44278042489
-0.308415315568	-0.452205886119	-0.323822688281	0.485882887091
0.531277352304	0.926345318797	-0.200580710517	0.628827532564
-0.760460915078	0.00858485193837	0.110992959982	0.585044654293
-0.603779453275	-0.54949127994	0.145297930772	0.637592715512
0.447309364784	0.350374493799	0.237965346864	0.496815954339
-0.204381493435	-0.262278862996	-0.967438297174	1.28505221601
0.110859188269	0.689923780982	0.950498175685	1.64799222712
0.792387032485	-0.818352305242	0.635257607447	-0.136886845085
0.668448656481	0.342056157077	0.232878818912	0.80936076315
-0.819615246846	0.263104181376	0.158304584535	0.522835893905
-0.469796331579	-0.98105022751	-0.430572326194	1.2894079978
0.168611151762	0.179256100757	0.920315144356	1.07060636728
0.802217653437	-0.707663991982	-0.512506919528	0.701198651573
0.412965182407	0.403173973332	0.606106915013	0.948769180936
0.050133049321	-0.00692260038707	0.58183492234	0.336670337763
0.650359202636	-0.213363123179	-0.585316610753	0.751684936733
-0.873060174862	-0.648783524039	-0.450210920998	1.82344042715
-0.288851771046	-0.742402780533	-0.20523135592	0.492363942363
0.117314159268	0.298387227036	0.759103403711	0.851512395832
0.470928717786	0.640074032987	0.416948601692	0.963927210364
0.934127997269	-0.162235807766	0.0141176451772	0.718955025423
0.091369571175	0.719556042009	0.421945722905	0.555745712925
-0.643054531701	-0.665733446711	0.449542666856	0.744435060827
0.65570506328	-0.902996602882	0.789339034547	-0.251864669883
0.383299999512	-0.529772287278	-0.723969698993	0.851528380585
0.260437155674	-0.13739957999	0.544740318603	0.253938479984
-0.388100790045	-0.693288550812	-0.0802186443533	0.481737756127
0.687006235079	0.684803994147	0.407406493331	1.38741582551
-0.629073503683	0.0334729105183	0.113515152573	0.391361924346
-0.143454323628	-0.25861627562	-0.960606113761	1.22887124714
-0.348721276908	-0.17334333897	0.591424194345	0.429318172538
-0.136141681809	-0.18876764665	0.269192882003	0.0658836033021
-0.488918194583	-0.993932945915	-0.518628809606	1.50945100517
0.508489296186	0.886493868241	-0.0921025610299	0.636168533616
-0.167061982566	-0.616411429973	-0.803139129939	1.27098522318
0.092636590749	-0.398594092526	0.378429181855	-0.0359738505263
0.401690868986	-0.998609697138	-0.000529606808489	-0.239247691816
-0.257082656499	0.0537175054517	-0.485942336571	0.262317997629
-0.64772349772	-0.271118758668	-0.0365163878768	0.606389444497
-0.852322943956	0.244152438978	-0.62808682843	0.759501808226
0.973660787117	0.538239665048	-0.0862225223079	1.43310412613
0.406239021991	0.646941092764	-0.526718143377	0.364519251106
0.481182153143	-0.270246027029	-0.0178560703538	0.106643070659
0.778388545997	0.954026660026	0.844592948264	2.86759359105
-0.271087251646	-0.126420732492	0.144230565793	0.110328069261
0.282573367534	0.255066910867	-0.972205611016	0.849129092151
0.68793788764	0.643377398864	-0.767151309223	1.01081554336
0.845074123587	0.245619065204	0.197050779748	1.00894502874
0.381104228077	0.132468314188	-0.135164739395	0.196089128892
-0.855400986771	-0.422883247674	0.302675069355	1.05706157681
-0.113246526288	0.0927760858141	-0.104185194127	0.00350686643969
-0.793455558718	-0.438413269112	0.248604393704	0.930245848662
0.0241988331641	0.017544275454	-0.400288669661	0.154218378898
-0.245352050045	0.262258129836	-0.539230565295	0.145204061609
0.686917276579	0.185205448751	0.555082950003	1.00999763556
-0.535653261455	-0.243721006023	-0.763863416273	1.18713124727
-0.358058540368	0.53445463723	-0.818239818251	0.169044205973
-0.612187050403	0.740636480561	-0.0334885835628	-0.102316459214
0.166672826131	-0.330697085178	0.0161085532607	-0.0324059529311
-0.332511029987	0.256664301704	0.375692701618	0.262791784707
0.985171972871	0.269191657969	-0.492348011204	1.3456344796
0.514945631591	0.194940117269	0.51664861612	0.733193899656
-0.826345828462	-0.96557496456	-0.831859983529	2.97596047856
-0.88132215778	-0.974834982016	-0.12345498072	1.7714617818
-0.368701180174	0.00327743432033	0.544248024872	0.432721816092
0.531999206785	0.329388363932	0.21927088671	0.578562504746
0.303764781761	-0.252567802106	0.93457258136	0.6529348064
0.324400712698	-0.458081237965	0.465252108408	-0.0400297950777
-0.934309065121	0.0183658720815	0.180751466122	0.891764779202
0.508332464412	0.0880120296365	0.861337829344	1.12085221312
-0.345427623564	0.295639874639	-0.482625263283	0.107441936218
0.638225723147	-0.197506960934	-0.453985503849	0.577046185596
0.318840549148	-0.432607682019	-0.798111141842	0.945976830678
-0.150210792635	0.848246562219	0.508692753446	0.585412690507
0.810864589664	-0.827527137604	-0.0182057110781	0.00188609779381
-0.659303821883	0.842789746013	-0.834847658936	-0.127603403844
-0.676321213577	0.341478024066	0.695073874769	0.946941697011
-0.935620927946	0.208379588956	-0.204483376434	0.679625505735
-0.670097824064	-0.30706618105	-0.399736327439	0.937330112548
0.504941271911	0.0386983089989	-0.544760410215	0.550188659299
0.623311164559	-0.0819066312531	-0.803100657046	1.04821342488
-0.155991450716	0.576211393413	0.0374369254033	-0.0425776121457
-0.706591503203	-0.522319236644	0.119616707191	0.820167936421
0.0519628767412	0.545132209462	-0.903828929355	0.355227250671
0.790500742761	-0.335430314704	0.76911887631	0.693291570559
-0.12763110069	-0.755974300028	-0.0416709777157	0.146014188463
-0.37576372838	0.219876486972	0.111791608497	0.095654480918
-0.44696958942	0.645950836781	0.273432073437	0.162450208988
-0.60192189899	0.0303898085099	-0.275534465866	0.411563483461
-0.464642748771	0.271308285015	-0.800521419559	0.513477906386
-0.804179254433	-0.324362193649	-0.57444943608	1.42387145415
-0.690281056457	0.972666194481	0.0438818421672	-0.150317110903
0.162652758642	-0.207701264788	-0.152651062843	0.0476809020134
-0.582526220802	0.91215020213	0.458944441996	0.437241654243
0.960720197641	-0.314126077025	-0.841481220045	1.59361786958
-0.406820076759	-0.493460510325	-0.846964317194	1.50154421633
0.0931029114482	-0.848846282932	-0.108202625086	0.0331932959902
-0.37632360675	-0.148750901708	-0.947033990467	1.23534347196
0.680838427081	0.0989726978464	0.60967129915	0.962965286001
0.693708274576	-0.403207963609	0.705867924813	0.415160428224
-0.937872841451	0.603927938965	0.0154888121289	0.322791884269
0.0335631924375	-0.663312622524	-0.492438618999	0.548000143973
0.807763192057	-0.943195657622	0.628618472768	-0.307146390204
0.132525226914	0.00970016046999	-0.435782112521	0.204527344908
-0.0327858670734	0.291581276493	0.0426738549273	0.0057791230945
0.836088532466	0.508638592773	-0.659852764215	1.22409001772
0.483135803847	-0.726662850366	0.414588574164	-0.247039064582
0.110490498227	-0.0585036365846	-0.528718845831	0.316219647393
0.762387897732	0.72851719603	0.591511261201	1.91745969771
-0.862801510208	-0.291165383017	0.12501403415	0.974873127803
-0.179626883642	0.960190297314	0.612261273811	0.822541028461
-0.656145139489	-0.315005814949	0.121197695574	0.613726881014
-0.0172682887023	-0.469874978475	0.482356970545	0.0144329064583
0.902345912203	-0.501963497182	0.560682849594	0.394206369349
0.600592125733	-0.328594146197	0.615430090376	0.339887315773
0.591213528754	0.242619649896	0.816191173179	1.3571655038
0.993708243991	0.66559591065	0.234232123537	1.85963284902
-0.0374849991334	-0.870406477777	0.712894369249	-0.078257184033
-0.231299688581	0.653821005405	-0.546783999023	-0.156255171393
0.997556367055	-0.608986965041	0.111154252805	0.332283657871
0.460095595475	-0.567119191744	-0.523780515601	0.522150925926
-0.878268460059	0.235539501475	-0.858692971347	1.09958607734
-0.95462368318	-0.795571854549	0.755251625385	1.6403261919
0.612934313359	-0.300349930422	0.098708727387	0.171689947582
0.549612846713	0.701246161744	0.663174070589	1.59233629995
0.493539363468	0.351781435404	0.288381094114	0.601809859675
-0.933217026716	0.391063081061	0.620663807284	1.13388955564
-0.156993061091	0.988884646777	0.0315891460273	-0.0983653108749
-0.516260926287	-0.640892553165	-0.821262038979	1.7982051888
-0.921363208015	0.313975037818	0.593679279805	1.0984806746
-0.47092213038	-0.676782656161	0.303427510908	0.427193360717
-0.1300960207	-0.338275741784	0.623311264085	0.238599154222
0.391623077886	0.891327398298	0.626903943692	1.45421822999
0.727294274847	-0.432715124007	-0.209386882676	0.348693467435
-0.745513267313	0.188748927605	-0.370445418497	0.482383834627
-0.167696322116	0.25979363245	0.84283657009	0.913892677767
0.426521261062	-0.94819771084	0.890996994035	-0.273471763956
-0.446882167419	0.847380338957	0.565935928624	0.620870963389
-0.652364317176	0.542792348276	-0.362282208898	0.00608523065083
-0.523248946028	-0.564207034794	-0.969700460799	2.05644100112
-0.949156620915	0.651458767855	0.597474249688	1.02876720583
0.627056248063	-0.807511105949	0.316344245544	-0.268533156022
0.859846587617	-0.0607929511616	-0.589498109759	1.07040889383
-0.11443509414	-0.821319023702	-0.637141378983	1.03632858273
0.770204901008	-0.0496507338183	-0.0349437124539	0.557930395016
0.23923218845	-0.110749536883	-0.893865625675	0.928728146755
0.363604479283	0.625913291311	0.337460093678	0.684893166463
0.613335239999	-0.850487652167	-0.786333932499	1.14163442184
0.478084132539	-0.553290907775	-0.222535686783	0.136693938144
0.473695192733	-0.62358212133	-0.998144110909	1.54771577069
-0.607754583824	0.586864909543	-0.231188401712	-0.0695324880734
-0.315968516682	-0.526621124093	0.607915620708	0.315651993338
-0.568387976802	0.421169011645	-0.130699476919	0.0457132735028
-0.888303078388	-0.921378067585	-0.188616884006	1.8169091219
-0.78315150847	-0.651297050411	-0.938156783195	2.61454744828
0.194229346117	-0.987237501546	0.949823647712	-0.189562018617
0.217520271457	0.724991974867	0.409473279277	0.669548727511
0.0746215284043	0.0497977850999	-0.427351119725	0.170632199645
0.211633762392	0.0125558026879	0.200036917726	0.0899724736697
0.131987282421	0.469843592749	-0.648554115077	0.195337466354
-0.55498709218	-0.7904811199	0.321784169776	0.595898231671
-0.55298418246	-0.274493969166	-0.309060813447	0.637936244986
-0.166600677062	0.328614438804	-0.527720173278	0.0780805102976
-0.687846902729	0.982286533267	0.206937575897	0.0435657664419
0.170426512952	0.841791134227	-0.810291052551	0.14698448962
0.921312745608	-0.193253104784	-0.632994036296	1.19378013946
0.587003378274	-0.8578047286	-0.0919396225971	-0.0716421702699
0.0291736108178	0.241209576516	0.123910525151	0.0531302774197
-0.345290784542	-0.326727280951	-0.701581866013	0.953484695226
-0.32951318847	-0.124662851613	-0.897779521798	1.06758482016
0.205648894925	0.989555396203	-0.783533768584	0.0843675393823
0.0994474539683	0.836068778777	0.392078112849	0.574564223063
-0.574092205976	-0.634931878999	0.815289598537	0.841135076777
-0.787862066733	0.281384374378	-0.601369799053	0.59146413199
-0.558568813362	0.377137182746	-0.0637760364446	0.0813571187324
0.260099922787	0.798564332949	0.671223617792	1.26191487686
-0.407925542821	-0.11194836847	-0.983676511097	1.28981030646
0.976977742955	-0.105416529461	-0.50605825601	1.16093777074
0.943401344799	-0.323613836388	0.748016863129	0.90216898969
0.363955364383	0.606044136279	-0.153874899859	0.283459025741
-0.145257850443	-0.520680140865	-0.592295302614	0.755942848244
0.334000026869	0.82619430265	0.410264699453	0.894780418117
0.263728185492	-0.0192523805126	-0.439239857943	0.265863226131
0.686316887564	-0.816385154198	-0.263222042898	0.19490836402
0.91058470798	0.173739193459	0.544558538311	1.37852392603
0.726065349007	-0.256455319295	0.573766186909	0.523029816696
0.0275192733477	0.641902689709	0.338531278912	0.350329571272
-0.165013831726	0.543258792783	0.759957104008	0.927972528468
0.19018997028	0.664052227388	0.779701308837	1.28816482002
0.88100240792	0.148077803853	0.885737623485	1.82231136425
-0.269541908291	-0.553673139879	-0.309839599854	0.489441396765
-0.735254903235	-0.581569066274	-0.35053622593	1.29493795158
0.8815712407	-0.0485739439195	-0.479236809875	0.987292802289
0.442521629401	0.989434964132	0.609130460446	1.60740665813
-0.192775406881	0.0917838842434	-0.505113308468	0.228246874825
-0.705237013456	0.514703157883	-0.0538381565554	0.109559405174
-0.689299896224	-0.138980119967	-0.355269151242	0.746524848289
-0.918859352934	0.373459100358	0.00617079370413	0.503488740933
0.0554225630269	-0.114968609242	0.275667038008	0.040999065371
0.890667150024	-0.219312158068	0.626197553846	0.852744476872
-0.462483427967	0.811374572728	0.531342286234	0.55208587299
-0.576843588359	-0.334907578375	0.588646399479	0.675300258159
-0.702809916146	0.260966166894	0.860482488263	1.27551909761
-0.417012915664	-0.848474513734	0.379119090561	0.349783001486
-0.62542528017	0.713079473808	0.0895493417426	0.0170537334826
-0.395966584095	0.183809824364	0.762355405304	0.805321164591
-0.549711227025	-0.36529373099	-0.657768022031	1.1759258039
0.095235440639	0.380516556204	0.179992804152	0.146196102578
0.439653351785	0.558442126657	-0.692024407203	0.531258221006
-0.529219470224	0.241889132493	-0.534719621625	0.308643017462
-0.92441968921	-0.151080783713	-0.586785361831	1.42718286612
0.579215176331	-0.492662498975	-0.698851812124	0.88282455976
0.548624237004	-0.653429009645	-0.194789076532	0.107725179279
0.916200014625	0.942085136084	0.739115928822	2.94516336888
-0.0116115402867	-0.724005165974	0.317005435409	-0.120479483779
0.85107870104	-0.401504279381	0.0441369130063	0.366850122445
0.189654988244	-0.0539923008053	-0.319268386789	0.144899442971
-0.0287415163663	0.456638513287	-0.630562152791	0.0973712560067
-0.324155167503	0.190076855583	0.485482393569	0.371434298935
0.420572694404	-0.942420612881	-0.481241793867	0.465650865341
0.67718978778	0.99208951043	-0.685490628715	0.920248233511
-0.734073006249	-0.515999907333	-0.132483692561	1.00355828358
0.215415929211	0.961624182725	0.989592464317	2.18446247959
-0.230893253945	0.795771691308	-0.0816309344392	-0.188722597791
0.448006845799	-0.837877597299	-0.132766489581	-0.0457957576007
-0.602759222296	0.230288926347	0.177444338688	0.29685986549
0.0289553174549	0.175378216831	0.0144942585175	0.00866860309499
-0.0422790423195	0.370295727868	0.683777869471	0.706883967325
0.995450384456	-0.0703564620922	0.205470933334	0.948647197189
-0.565428671984	0.984056684396	0.339516396042	0.212670481055
0.299099392612	-0.0584694996502	-0.919321444847	0.970876438683
-0.243926962444	0.895128368985	0.895342977745	1.44424036611
-0.981348833188	-0.57173906121	-0.78739581284	2.59429810192
-0.638991318508	0.399413707727	-0.547164054069	0.233931691893
0.800253720789	-0.347133407898	-0.0985755881175	0.406547242768
0.342818575667	-0.877743399888	-0.55035253244	0.602574046595
0.771965319784	0.43206402197	-0.543532822905	0.990055847875
-0.362304462365	0.737844531827	0.953460544381	1.47653281571
0.0908643324975	-0.0586741709284	-0.329060686942	0.130513236226
-0.696688955181	0.729937239878	-0.785151112545	0.0201875208258
0.523894249011	0.740767678767	0.0712316539881	0.720389166416
0.724667561263	0.145051715919	0.921930733434	1.61394125967
0.451790466554	0.928644180894	-0.52421893539	0.411659841775
-0.434893949567	0.59380383224	0.953304127884	1.40575545817
0.635788090583	0.193055422888	-0.0940557122604	0.517657346525
0.990818707725	-0.370874520482	-0.818701377865	1.58815972552
0.888378294489	-0.797463120606	0.884863045838	0.158104031164
-0.142379799784	-0.0377193083131	-0.87560044945	0.825345665341
0.370101447405	0.531929182779	0.671999239688	1.14288182637
-0.513049590531	-0.447500215203	0.886038024089	0.88137085819
0.16524434142	-0.00588110030798	0.248076369576	0.0864167969527
0.20777709309	-0.0185471683421	0.370161505585	0.169471736149
0.398293867192	-0.437816136367	-0.589388263155	0.58968073951
0.376742829121	0.595442885653	-0.294859464339	0.277634130017
-0.353572981618	-0.764029732179	-0.76918151944	1.57447188392
-0.7988517441	-0.75383883802	-0.453668388935	1.78817743785
-0.250140572844	-0.821600902478	-0.934167796955	1.90826860449
-0.41196809202	-0.79267348152	0.450342383263	0.342107687965
0.36173263441	0.848137418852	-0.924346588058	0.508093167195
0.83857884344	0.565851044108	0.0177730346992	1.1880979618
0.929577891213	0.380394007911	0.406340416994	1.53740290981
0.942128530162	-0.921743380756	0.458724444479	-0.19319267348
0.386886164293	-0.469682829052	-0.1967797382	0.0991134454589
0.669911719066	-0.725576594574	-0.137954705937	0.0818376541861
0.191503277306	-0.657293985683	-0.140528597541	0.022916441514
-0.363342186836	-0.669041772873	-0.223591583813	0.57469395156
-0.25931537952	-0.757009930136	-0.706972010769	1.29854303988
-0.70229610884	-0.788906902639	0.717667169623	0.996139654894
-0.318253070586	-0.290420710117	-0.911984846356	1.29028794637
0.677512945961	-0.597473999073	0.665759958804	0.0996894804354
0.57408331704	0.728362411351	0.120430270593	0.849932696384
0.132079033593	-0.212229273106	-0.86314847165	0.917624490655
0.844401620105	0.273811526802	-0.626704899595	1.16538099864
-0.411483838287	0.644665105681	-0.799991929158	0.0283098822393
-0.799100405444	0.270083987405	-0.197738759628	0.408431778537
-0.4509062774	-0.712970911878	0.734329765296	0.540483972586
0.587948522861	-0.969336927103	-0.77663787275	1.13175340552
0.515973964439	-0.420502937886	-0.654441815908	0.752749360734
0.280232316251	-0.853609034304	0.553090310834	-0.32689267996
0.230668770933	0.213503094357	-0.643168046869	0.378803346565
-0.246236520619	-0.143922632939	-0.0601109748538	0.108336091527
-0.562721672084	0.443547074524	-0.158260562904	0.0219125248906
0.889597525857	0.499579356477	-0.790764100209	1.46606675937
0.798222175452	0.18559061758	0.216691567456	0.872472345126
0.936789056013	0.128177018857	-0.954323542937	1.78605964181
-0.900832238494	-0.550214168285	-0.896955345709	2.6051958145
0.148325764532	0.962839140001	-0.263543670117	-0.0194805106435
0.0516902560845	0.568815754466	0.36433060135	0.372047887549
-0.0449170961852	0.733512224574	0.174684890356	0.127718619829
0.364981309552	0.284407457015	-0.46463730603	0.320756273943
-0.0107958967775	-0.147470448433	-0.419968118952	0.240014734892
-0.0382103758692	-0.618058891373	-0.939158248407	1.48754961676
0.972574260496	-0.71115953973	-0.645354333361	1.12967733499
-0.509168069466	-0.910246952681	0.506265704902	0.518198955423
0.973237742889	0.334961032293	-0.507650469863	1.36085429733
0.495132673494	0.849934557769	-0.190657609341	0.540290567364
0.257261866818	-0.0938994756246	0.188178577323	0.0597682209551
0.518297011203	0.421494608581	0.954812645248	1.80120675739
0.669426724469	0.10120943422	-0.760086062409	1.0166873814
0.65933547076	-0.454050164833	0.0517804492849	0.114522177219
-0.31679659983	0.0394916954898	-0.416178738348	0.244618389059
-0.825623539353	0.947755501207	-0.3289001164	-0.304376630712
0.201384070059	0.738369650074	-0.704932654381	0.165680598885
-0.128511035879	-0.526618632705	-0.739555595005	1.0205976267
0.759732446535	0.519747344065	0.505319230205	1.49004816382
0.0908407734417	0.624823982644	-0.322947896573	-0.0324787070547
0.414976642574	-0.67328304223	-0.703070767746	0.860483007386
0.399337117049	0.274929412468	-0.913397311761	0.852434514879
-0.75471739093	0.359215027355	0.698082367206	1.03657317998
0.447847004067	0.898811576458	0.0736958865518	0.674766810454
0.565842192606	0.491193445208	0.787606217772	1.60530592881
-0.341150050083	0.757559765406	-0.0203758602726	-0.157078951484
-0.546775756562	-0.718059986659	-0.715241320279	1.71673783956
-0.632231340779	0.485065178649	0.797931697819	1.11678693594
-0.178574534391	0.744535841662	-0.776272461851	-0.0764300126443
-0.257910035009	0.175261341518	-0.353022473307	0.0840696018337
0.760192139818	-0.665050910838	0.723743312969	0.114803848007
0.473780080821	-0.0800578977858	-0.594885841339	0.588052201805
0.0700981420064	0.0803736247466	0.833392091423	0.772072912544
0.778286185526	-0.0736700585549	-0.392456115191	0.731327065056
0.181766374137	-0.606099360894	-0.703146037594	0.843461245756
0.150097181765	-0.66671502571	-0.35357469345	0.283205742256
0.536818040143	-0.707801105515	0.966826314444	0.158645594047
-0.376937562418	-0.678218312285	0.68623699275	0.403230598549
