-0.602282420097	-0.120054217672	0.564893461888	0.686337438969
-0.392258197512	0.262021627954	-0.570488564558	0.227063221901
0.360464738154	0.310351092472	0.327266863948	0.450476681731
-0.386792542081	0.030417106992	0.153416659019	0.166046522669
-0.787933577336	-0.238658887613	0.69760663613	1.12905166838
-0.936094289027	0.780998850226	0.204824774456	0.347105056094
-0.307666495015	0.876582074903	0.0727281198861	-0.105994716768
-0.356923758125	-0.92568032217	0.175061002233	0.326387698081
-0.817971909383	0.0668531144051	0.260557937443	0.699703623266
0.66087978418	-0.171904111576	-0.434892726269	0.587045668082
-0.308092213766	-0.354334326993	-0.0238552961357	0.213110284855
0.773117223949	0.136575011101	-0.273698857134	0.740829375356
-0.994590166982	0.714190732472	-0.432519143281	0.157054165948
-0.809211528945	0.237160268875	0.734631289579	1.17681896059
-0.360092718209	0.860651016329	-0.319148701271	-0.353067158778
-0.590781257787	-0.818705075812	-0.879965823811	2.32747044657
0.415823720748	0.730677363127	-0.276075787763	0.351237858502
0.579307480137	0.65578652107	-0.22577389407	0.618413568275
0.370722712084	0.821659260426	-0.570847345571	0.298867762856
-0.444939316425	-0.53342993363	0.268942522591	0.364183033812
-0.802925546714	0.916222221403	-0.963737311613	-0.0451767291657
-0.0723313409021	0.491022418116	-0.798866198185	0.21564150318
0.32029972464	-0.921956048173	-0.730976756125	1.01554510462
-0.689916858686	-0.79613061839	0.213100122894	0.901005337001
0.0242483917312	-0.0101123572414	-0.564321839819	0.324508539042
0.130964598532	-0.878662996165	0.298747288705	-0.271170265751
0.888439267252	-0.733930943664	0.817802773751	0.205861877078
0.427476834729	0.307522798183	-0.540875381232	0.440409983922
0.915996357461	-0.702627832964	0.591455994906	0.129691541152
0.202955396651	-0.629077750157	-0.773185557591	0.997725906214
-0.403927636792	-0.382820044643	0.0270272147547	0.308173042492
-0.885946821629	-0.833909493831	0.50922397392	1.35836358562
-0.282816131099	0.0981580007944	0.244338637971	0.135909460214
0.679613376484	0.560929725702	-0.264019867025	0.764699584943
0.526862156178	0.583342406267	0.808100620751	1.70935074344
-0.535879445332	-0.694050584422	-0.929035488382	2.16699878447
0.341415136739	-0.771200866937	-0.126002081768	-0.0336859145392
0.181650101832	0.378278677738	0.296320459245	0.301608645905
0.84745754008	0.901004784552	0.668564936023	2.53110686037
-0.728937739535	0.760720637791	0.644275745831	0.882037338938
-0.245788757822	0.457524686638	0.734154329787	0.822833998694
0.322693345446	-0.406423654318	-0.0955284218404	0.0209314761898
-0.442824966218	0.208993925204	-0.245564141139	0.112526556505
0.642911837663	0.342054456925	0.0394329651178	0.648289670697
0.717811087033	0.987639702307	0.362060542493	1.71286468781
0.12179106239	0.514252812649	-0.651053375607	0.166528927566
0.592548378999	-0.546180382885	-0.166928026436	0.146513060337
0.235032823211	0.262046890425	0.435352786462	0.420444941067
-0.786255484304	-0.112724970521	0.641499912502	1.0460373919
-0.365222135432	-0.905801815858	-0.433441593882	1.04468987979
-0.104029270672	-0.867056527076	-0.0400887708354	0.137387687262
0.197718316137	-0.987814042859	-0.0153611237745	-0.140806498772
0.209528666362	0.37057366962	0.293528468464	0.316480952308
-0.114335744859	-0.0800968666544	0.437235067426	0.178383942757
-0.582727844297	-0.645021960965	0.831912635953	0.870920711421
-0.154332061602	0.0280125632074	0.443146512103	0.228287649477
0.450368183804	0.768187540162	0.20405754794	0.747192676941
0.876812895145	-0.799376975247	0.669059637621	-0.0192932575745
-0.0556011432766	0.395033691859	0.89221304806	1.12962549966
0.455263002775	-0.741566049065	0.244388311569	-0.251847612374
0.480994606839	-0.576543361507	-0.681991506662	0.812351655243
0.421693504719	-0.659550078335	-0.753456390231	0.964336181031
0.243763978666	0.143559704222	0.339757703965	0.258626374864
0.0181301713885	0.44182820152	-0.847136518664	0.351690600903
-0.788487717019	0.537148217547	0.932234221739	1.56798670286
-0.617508349389	-0.793176391767	-0.700928315161	1.91836990092
-0.540352219601	-0.730424532913	-0.869502404809	2.07780735871
-0.725276406223	-0.469951226956	-0.238914272891	1.03622848788
-0.110457358988	0.446817284616	0.48509252448	0.414909052827
0.321161129296	0.515268403924	-0.625395100716	0.337501350097
0.0563056065766	-0.902277267261	-0.44882717481	0.558779442107
0.0493210515811	-0.201644316989	0.736711163881	0.386676975897
0.205673161983	0.22497442321	-0.291715423137	0.108042029581
0.197967022518	0.402429747635	0.977903039404	1.46869038875
-0.323729319054	0.0179098427617	-0.338212597342	0.207333157376
0.304027823888	0.572010334409	0.308461981761	0.537932210442
0.846789882854	0.622449727204	-0.261761566704	1.1497229393
-0.940828207222	0.34988958943	0.967997825751	1.83168387283
0.336652063382	0.853309181669	-0.857486398714	0.404184815291
-0.760832809036	0.194794636995	0.0104396390768	0.432802984224
-0.159820319344	0.467995277088	0.401829332958	0.300268422685
-0.483057794082	-0.281322917192	0.434908126336	0.436035515768
0.100201086601	0.32321122641	0.07646023893	0.0729853495775
-0.806973967288	-0.611457880715	-0.197132934423	1.30403745585
-0.743645902295	0.15352533582	0.076104466493	0.456316594715
0.536588976876	0.85449424737	-0.854146857306	0.746143201916
-0.226336458693	0.222422476709	-0.449476492208	0.10294131925
-0.250315948328	0.229190213283	-0.816840555019	0.485304739703
-0.868565422496	-0.586172992462	0.386926438998	1.1864417266
0.25654922852	0.494545546232	-0.385090068543	0.150542567602
0.232229054085	0.153166637546	-0.416468755194	0.199157182093
0.501724085578	-0.754386497957	-0.770783758862	1.04880964565
0.635032693813	0.798944372087	0.220264602122	1.13511797821
-0.855251324691	-0.742048707478	-0.381103897795	1.79413080413
-0.77054538743	0.183004197156	0.418913247777	0.70487834584
-0.828766296033	0.895674212565	0.690815060848	1.04051965779
0.318164362181	0.00687279267405	-0.43655668755	0.2909966169
-0.493928681753	-0.67626621872	0.168266950257	0.492513336947
-0.0217916918441	-0.681330596147	-0.536901822294	0.669393429667
-0.797247939203	0.451112679208	0.0136626840534	0.282305701661
0.934329155081	-0.557412804258	-0.19911790081	0.502802741493
-0.119963784256	-0.824546802364	-0.78468071898	1.37603687269
0.645561273362	-0.508730764329	0.339677327335	0.0309088579915
0.256311450677	0.617143730668	-0.82168852374	0.39194867369
-0.123685026264	-0.609317838598	-0.104497552908	0.165253440232
0.818873034443	0.937481246184	-0.714452303561	1.27888761752
-0.405435978357	0.801397073349	-0.222297188705	-0.289269150275
-0.131014139736	0.0222909337512	-0.649990244834	0.422242706194
0.234787312342	-0.650667956563	-0.539246916687	0.544014427808
0.480190774169	0.367901920238	-0.0137196912966	0.402387016651
-0.0763387912896	-0.755494437503	0.962872765331	0.263180087226
-0.831905871198	0.7777631802	-0.0285446950495	0.0236554093393
0.2133952256	0.518232121766	-0.796877231753	0.378171726734
0.887570353281	0.874921331299	-0.336194067807	1.38321845699
-0.527010228788	0.706861044267	-0.208107161225	-0.198577474163
0.738349976477	-0.365002849027	0.395704479887	0.287809615642
0.0798556316608	-0.553977693889	0.0568289365552	-0.0661137519525
0.228659964691	0.0996980695059	-0.138520612344	0.0804600589124
0.0240284674205	-0.568926132985	0.523442507383	-0.0369011188349
0.0457426629265	0.446892484791	-0.304766170639	-0.0207808490034
-0.617542448686	0.309041585272	0.496590647657	0.590581810939
0.0437618969329	0.745178483996	0.881397929585	1.46818661088
-0.536479286607	-0.579917583371	0.306090305083	0.515107921225
0.60837258043	-0.250451029536	0.907166515952	0.813499957292
0.821302132822	-0.413652783204	0.298929522474	0.300509110739
-0.381551337485	0.56636620787	0.485660515909	0.440411480438
0.118540604067	-0.75715175849	0.316461393199	-0.215162838979
-0.578004394587	0.0226105454063	0.699059467311	0.825510340218
-0.809289719714	-0.0278980134476	-0.430098233718	0.874510802874
-0.373922036374	-0.766753008758	-0.561564842139	1.17246013997
-0.482798013385	-0.670334207364	0.0986280220791	0.500343695082
-0.04536114318	-0.0418735273544	0.445979370071	0.184179933557
-0.235451422052	0.532848919033	0.421551559359	0.33230634634
-0.18679059657	-0.412680935438	0.289520354045	0.076318149961
0.778016589886	-0.913467074592	0.324884689829	-0.296604129722
0.091383654878	-0.674267937617	-0.0985217705985	0.0228705142261
-0.598038394107	-0.0552532400715	-0.897340675794	1.24549474801
0.677816803798	-0.0656951520902	0.302016774353	0.486279435561
-0.345028884781	0.0230774610639	-0.611824089706	0.471291910815
0.0395103521709	0.25387556231	0.0456636139677	0.0252698221169
-0.0453853590684	0.71236319814	-0.0884317984417	-0.0854464044965
-0.639815749896	0.225302764774	0.889852356099	1.25753534814
0.154640708888	0.904029553764	-0.845071226117	0.113889533661
0.392808499212	0.334141860063	0.883545656915	1.36143479673
-0.33237270723	0.63030885979	-0.298667744792	-0.198076349505
0.479420086856	0.201601972925	-0.876127372519	0.917465821095
-0.385512027876	0.774056051596	-0.551122960997	-0.272651939499
-0.314190160735	0.339962473463	-0.0929698001531	-0.0310602665555
-0.727286061505	0.476053813687	-0.611560227057	0.265588044966
-0.787940998044	0.839712129025	-0.340486407752	-0.210772169108
0.646441914254	-0.493064656518	0.605276282484	0.16706852391
0.322901323581	0.661948853132	-0.507797096064	0.239731610997
-0.109259088859	0.155647966257	0.891732213933	0.928914240433
0.0274366633719	-0.146730873528	-0.243606374293	0.0918156066072
-0.500566683508	0.387481507818	0.188452806033	0.165143108885
0.465512122177	-0.285130920095	-0.426708797758	0.387717906384
-0.133836232167	0.822716720988	0.5448993774	0.653015991497
0.6744066079	-0.666586141575	-0.423514868395	0.466948159942
-0.921659285581	-0.494274815402	0.384189510812	1.26271519262
-0.548271255688	0.360800789152	0.701757534038	0.848442976746
0.455424049368	0.189799940772	-0.29086102444	0.323245252666
0.160090847336	-0.371589248143	-0.287602674513	0.155726401778
0.0170531281052	0.257162726563	-0.784887216777	0.418880444448
0.5465294439	0.109751471799	0.238031545474	0.44146017299
0.84809234611	0.218163066719	0.273285536678	1.03858884995
-0.122737944354	-0.0275154772672	-0.735514996316	0.579662152068
-0.150449100128	-0.150059175986	0.656205128431	0.377346769451
0.678728197998	-0.490083282168	0.587000231508	0.184928895482
0.704214954309	-0.550077998616	0.184728700343	0.0410550481698
-0.342461626663	-0.33848241657	-0.917169230705	1.38484226008
-0.101052898594	0.901370030983	0.761208027157	1.18469339761
-0.0659258516171	0.346729306915	-0.684575195359	0.212768708155
-0.0463368986908	-0.0870862665588	-0.65754322238	0.495808489327
-0.574849782184	0.743400219859	0.771705246686	1.07232365543
0.865836387067	-0.0528687212747	0.755794304001	1.23516413811
0.475588644722	0.29499713736	0.922847416145	1.49036654721
-0.226155201439	0.64250826505	-0.0580614722718	-0.128094252224
0.476231568562	-0.387345648169	0.850476275193	0.436211891891
-0.798150849865	0.650591421985	-0.354977476829	0.0128383904017
0.721669901246	-0.95253443496	-0.657578835886	0.892168425041
-0.573136663302	-0.798165853643	-0.0930268694671	0.868848618063
-0.944924158852	-0.292886552531	0.796238866462	1.57042592115
0.579606288082	-0.472125165678	0.333407394245	0.0160472036863
0.878789200638	-0.92119571394	-0.628911549242	0.937613974452
-0.231648656845	-0.363153018929	0.698459921624	0.371983442259
0.348573811103	0.270861262461	-0.536222233456	0.358211296861
0.763697555806	-0.117263132521	0.0898328442907	0.49121624824
0.145576931529	0.117195487892	-0.453923234421	0.191102150334
0.058594865105	0.849417819711	-0.543889569637	-0.112968747664
0.448653314091	-0.284281722194	-0.902602873308	1.14503130563
0.964103202317	0.126567962768	-0.0821429383184	1.04787036089
-0.219711270826	0.220332619502	-0.140667221075	-0.0113428275199
-0.437091799524	0.661150441513	-0.316675643152	-0.207020973347
0.588213643073	-0.000274505402267	-0.492586853384	0.588610847954
0.457091770396	-0.543005621023	-0.486142144166	0.461041587148
-0.945383851215	0.534136541074	0.627516930357	1.11774378639
0.220277951368	-0.68180159163	-0.989005154054	1.55077300093
0.975488584795	-0.853139672651	-0.700784664346	1.20831631208
0.384899500057	0.188779952362	-0.813496778836	0.729014060451
0.606771769917	-0.038524515314	-0.982100707952	1.34715314675
-0.120577888024	0.674514007007	0.938316528821	1.44655310263
0.997440006992	0.983584583417	-0.322103938093	1.76288766048
0.2323270257	0.465019289076	0.117517526886	0.230470681127
0.560234416941	-0.433043178765	-0.34120685192	0.335436324729
-0.741082397092	-0.739920262282	0.746825977682	1.10270236856
-0.33138169716	0.778346643022	0.32274293589	0.207252881045
-0.553678970541	-0.300356723736	0.860281705635	0.954554822468
0.403289247386	-0.159977058406	0.332942870617	0.15571292361
0.324208153751	-0.144063554878	0.121758201565	0.0556884881041
0.376071568683	-0.037651780959	-0.0916796160144	0.139127113256
0.216141506117	0.23847085743	-0.352214450874	0.138322738262
-0.973497736379	-0.384989121459	-0.682273802029	2.05064941358
0.284519621648	-0.295769653817	0.150739661732	-0.0250626268442
-0.700869362854	0.145631380516	0.905005841074	1.3399821133
-0.23030892385	0.810755093232	0.0451937933106	-0.0949983555604
0.203482976745	-0.376720098462	0.992931089747	0.576604245882
-0.373232001071	0.0229825495697	0.0540390947754	0.134886483596
0.217222536931	0.697242136331	-0.471405987788	0.0921818235776
0.704574079882	-0.600367086393	0.698272122715	0.141785904092
-0.256543078587	0.612498577625	0.0918562125187	-0.0266185562712
-0.645929568426	-0.494231986914	0.494058085289	0.736378143872
0.783700992414	0.021565962634	-0.894453260381	1.41184540124
0.332938195862	0.978230906422	-0.754558761728	0.267764498851
-0.244194706176	-0.187803109818	0.898951083972	0.744778821976
-0.0620257637289	-0.654944184918	0.79445585616	0.155306472857
0.470668047784	0.77213947996	0.77481669048	1.78355725315
-0.838874065205	0.341923198697	-0.466636915015	0.475075217438
-0.235200306515	0.0663944381515	0.52958921128	0.355329702819
0.354832080277	-0.797298244504	0.600034858829	-0.27536609728
-0.298511947244	0.93506665488	-0.921940803394	-0.202120443369
0.687026609014	-0.524937036716	0.623299139809	0.172668863461
0.322651400292	-0.62130865725	0.132324172898	-0.161066649616
0.546985671556	-0.811625955252	-0.770504436072	1.07428404166
-0.310449779042	-0.554967062021	0.101414456358	0.222671676154
-0.756951018101	0.941558592426	0.072316844893	-0.0664186185928
-0.00619688191482	0.322472197074	-0.41032447846	0.0340880207605
-0.47217908644	-0.722070947123	0.780231212298	0.609278344035
-0.190602109011	-0.274936995251	-0.227306132252	0.202895677862
0.890983982825	0.716082301702	0.476729694965	2.00051921817
-0.184298795289	-0.139077984016	0.462956676445	0.209539753869
-0.819666708839	0.496295025748	0.934007493402	1.60097027393
0.788163676618	-0.114363538643	-0.0460344517871	0.538448627609
0.0142546536736	0.00510839834523	0.603577232137	0.367664801688
0.650126056983	0.490524594366	-0.0652062517924	0.713833295418
-0.984021195883	0.820561905393	0.128002067973	0.282265556701
-0.429516915207	-0.282775869276	0.308648645933	0.313927396997
-0.129754454213	0.931730600178	0.828529857869	1.35436837001
-0.359868410495	-0.733904783491	0.769505458553	0.42100933455
-0.380917156491	-0.121865128995	0.34691328565	0.269590593976
0.367475335785	-0.0572616551213	0.614082543386	0.455929863743
0.917378806401	0.224579564628	0.155120486641	1.1065076641
-0.82656679736	-0.204546441292	0.444105957828	0.958673775937
0.904353223247	-0.186454529672	-0.865984447423	1.56062978353
-0.36643998268	-0.0211932681596	-0.180067712638	0.17828492618
-0.915624240813	0.866065337579	-0.362137174555	-0.137113787986
0.227059539428	0.455548215686	-0.128185343946	0.113029480177
0.354568778483	0.16953228309	-0.425949691003	0.295050788872
-0.485409211918	0.148758021861	-0.502696686001	0.341337382368
-0.859812057735	0.320169722431	-0.0426572248429	0.452153073753
-0.170386114486	-0.043655725947	-0.9619141954	1.00374173934
0.62759210092	-0.474217256404	0.288661579555	0.0426940461227
-0.328317758301	-0.402066825272	0.777901870826	0.532161014235
0.585816499183	0.0419123341493	-0.439907120451	0.542814647976
0.531971030534	-0.773099516402	-0.852978313828	1.25873575666
-0.0312050242073	0.331134398234	-0.467467398811	0.0543719297751
0.612246926011	-0.0306807509958	-0.963622657236	1.31419539526
-0.669072124414	0.492757060693	0.292906979701	0.348093975382
0.690500521599	0.77949262917	0.410548335272	1.50360037421
0.382345659131	-0.598600582215	0.0936235162804	-0.12996185966
-0.144195940067	-0.981808901538	0.90107847781	0.0896208793293
-0.995917070331	0.172848139215	-0.437219779923	0.935296909126
0.352195349289	-0.401891245663	-0.0205956773699	-0.00880125922184
-0.350305657454	-0.783025710721	-0.0250426376713	0.417248552904
-0.321919760549	0.758383014163	-0.0628764545549	-0.18423713268
0.542396059631	0.412611597877	0.458769223491	0.917755093133
-0.804823018473	0.62135697648	0.331999515518	0.464171587163
0.861159096431	-0.437084621469	0.838718422966	0.70205326028
0.509292853777	-0.439687558669	0.459675501865	0.0446374472033
-0.985519592725	-0.115407916025	0.0574805127813	1.0816559332
-0.324465720004	0.426384132967	0.520746072042	0.460145302727
-0.206935733654	-0.676960480354	-0.335185117776	0.522165853035
-0.18422422917	0.300859013183	0.00346110670621	-0.0204336687714
-0.508682019182	-0.645924016348	0.211544225672	0.495436793047
0.918779507377	0.35669419869	0.714227725189	1.93676123288
-0.74258852177	-0.935880217396	0.701903260056	1.08218243072
-0.11190402728	-0.703473398307	0.986924796473	0.370989231122
-0.393918060257	0.24582366786	0.424804839925	0.343223291687
-0.397868308495	0.0171402183841	-0.794691576318	0.769393155514
0.144717868294	0.60099558059	-0.554857503001	0.082318002156
-0.482413780628	0.0809605692904	0.645732314594	0.662915639337
-0.675628565812	-0.436726447782	0.0656413334125	0.727180300793
-0.0598648563772	0.432518640681	-0.802849131608	0.275010647773
-0.827383073241	-0.620846399287	0.929580799072	1.48523412179
-0.63169670861	0.18171097084	-0.618880132219	0.554809817867
-0.202968244588	0.606829490693	0.529184489519	0.519189970026
-0.504739677892	0.512285257882	-0.853322303554	0.287205963795
0.421241043958	0.152884629384	0.656409900965	0.77307424052
0.63532666105	0.829534647301	0.32201574703	1.30148280441
-0.489947633942	-0.532139485681	-0.992266935629	2.01338725427
-0.449561110634	-0.164899080611	-0.920718431174	1.27578545832
-0.0138189469261	-0.0833286702074	0.0197225586642	8.80024988592e-05
0.99596546127	0.326838449995	0.833156525418	2.28392439087
0.110726359054	-0.908126671133	0.81084878264	-0.167170890728
-0.371188898431	0.460643790524	-0.997818207675	0.502797751276
-0.170373131746	-0.276331442438	-0.702448294171	0.76364861362
0.909295266363	0.643570384334	0.867929973601	2.72388985124
0.553738929742	0.0429762096828	0.201507628758	0.37968976122
0.270883154964	-0.744861201704	-0.705465129109	0.894761983532
-0.434179854896	-0.633031614559	-0.556085360763	1.12461226316
-0.389739776328	-0.392639630256	0.520879160451	0.371721673751
-0.0961992293806	-0.904452379402	-0.46524625396	0.73350907187
0.996213886902	0.900543042396	-0.903018387749	1.89181087541
-0.860157823969	0.689040573243	0.0403079959975	0.176586421238
-0.843564132601	-0.0261345687441	0.631215397437	1.11558296639
0.382265416572	0.815227025316	-0.463842262399	0.294772843736
0.543077845197	0.908543278503	0.331272582219	1.19906027356
0.955937542625	-0.410694205527	0.213987070483	0.479125792228
-0.64695500144	0.857505704233	0.882253511169	1.39869184615
0.902550357875	0.520683811774	0.135493022629	1.37344789183
0.875256177334	-0.24357741977	-0.746964407394	1.29278022357
-0.996365702406	0.179120164772	0.837830613619	1.66630791882
0.979048230848	0.831724617398	0.89069356447	3.30698074346
0.446860711986	-0.661359785584	0.554854308184	-0.154946231728
-0.636961481667	0.869633829475	-0.625396794267	-0.300948382263
0.948488655602	0.212978869759	0.435374335874	1.38391511797
-0.526976323695	-0.233745719438	0.139762059817	0.387747155786
0.664628924058	0.413970594456	-0.80820480812	1.03549042449
0.735892124417	-0.420132583188	0.0358898652009	0.218574540247
-0.16117297613	-0.657785049948	0.643468064915	0.122781379734
-0.957250860052	0.732790922724	-0.360299064187	0.0806560000066
-0.530805172129	0.568738681322	-0.865785047583	0.237042999472
-0.586354096523	-0.953612009342	0.884164472283	0.841562389726
-0.44536466727	0.979798766245	0.031889022696	-0.205756329805
0.238257474034	-0.638939054301	0.227603479988	-0.189086789363
0.856001324208	-0.976271934761	-0.395417769942	0.43943868219
0.859731802273	-0.133375606218	-0.72072269968	1.24003955835
-0.805178973399	0.420829359343	0.104875612586	0.364603858643
-0.553288790177	0.10320905225	-0.930783467895	1.01931665822
-0.125318394622	0.372317617098	0.909189928323	1.13418020733
-0.7640629352	-0.339829169327	-0.620748718601	1.43972053458
-0.236384893927	-0.359508989955	-0.0328858193863	0.153764537361
0.422126946688	-0.16389866903	-0.40014394811	0.334703354121
0.128991805969	-0.851344109852	0.448718636997	-0.273843081623
-0.53091650758	0.651889882765	-0.0140833792049	-0.0732092327124
-0.123122388904	0.538252577545	-0.479817123549	-0.0791501519813
-0.284431008551	-0.146546552775	-0.0110754450623	0.124329116209
0.0476521173967	0.779782067083	-0.787387366723	0.0454173077539
-0.9291343104	-0.570180209348	0.652274797001	1.44661279288
0.928459861094	-0.217447562415	0.642229746418	0.932954134384
-0.0892426492744	-0.170110343645	-0.0855609115786	0.0450208138468
-0.916187983302	0.920977357922	-0.10394465292	-0.0893141484205
-0.205610812926	-0.841154436568	0.141907904574	0.115997643755
0.960139007721	0.378951286043	0.658230343054	1.96841724543
0.740286451336	-0.604414968463	-0.768393485072	1.15544088984
-0.635902027316	0.367103212757	-0.588245696792	0.30101582573
0.433048844666	0.163649831692	-0.942836203393	0.99304479284
0.937789546701	-0.940234079438	0.406817803459	-0.21929569497
-0.43523325594	0.638568410113	-0.0554587125307	-0.12083673429
0.274856457986	0.851441576417	0.321265283017	0.686320289464
-0.795831580563	-0.146496145854	-0.282679746659	0.87125349649
0.741171356928	-0.866363256737	0.474602164865	-0.27871931257
0.804941965252	-0.86719300737	-0.531032758499	0.692395209272
-0.110636673072	-0.211853164798	0.249158586996	0.0449741690435
-0.31015378094	-0.493248222084	0.339189656477	0.196923096907
0.11789260281	-0.207696516331	-0.804926967646	0.804500733218
-0.981558299159	-0.206551405918	0.543629919668	1.34944490668
-0.262787074031	-0.876081843301	-0.0614532707924	0.356894629734
0.0797419083718	0.273807524968	0.995617595637	1.29205469294
0.158522635714	0.311404652193	0.168933608773	0.155639388129
0.626019197823	0.191028400802	0.994651391919	1.69082553847
-0.799938538911	-0.536840576641	0.504445228727	1.05299945385
-0.010539569252	0.517085818534	0.363494234167	0.314746992606
0.86939468091	0.95444447883	0.908330946425	3.27765262931
0.00511708622044	0.735488327571	0.353913094095	0.389343169611
-0.196101118401	-0.11345631537	0.0889839108641	0.0585269087108
-0.180614030199	-0.352568895801	-0.0129925468147	0.101049891255
0.232277642313	-0.202769823644	0.553796320106	0.20125118855
-0.908339163776	0.0123099001303	-0.218368295761	0.85889509274
0.374576997894	-0.889378197645	0.0731324285355	-0.252526723292
-0.702265343744	0.791792179517	-0.0635216531524	-0.109132541875
0.260133784162	-0.890820820196	-0.744250124394	1.0528387486
-0.804021500585	-0.582391808568	-0.336078565421	1.42338431493
-0.948290611082	0.973395123564	0.316562119521	0.384545225479
0.888484158172	0.481433004265	-0.584873330545	1.27764918498
-0.518610030832	0.21708838287	0.902845112751	1.16749863427
0.260178657715	0.596014351802	-0.235156607448	0.137905065027
-0.854015793045	0.997531896867	-0.532120425927	-0.370219969369
-0.146603924478	0.517719023016	-0.968082936798	0.381582690403
0.849564053209	0.986576441936	0.755084987308	2.87502135951
-0.485688292537	0.298446444743	0.964595933403	1.30926671502
0.15354476718	0.659017332618	0.900375835092	1.52880458405
0.807739154339	-0.708736026053	0.00567298883984	0.0759802343556
0.853803941767	0.998226749007	0.125571004759	1.72238751714
-0.235879655023	-0.783744261358	0.601051177711	0.130700644563
0.598133289484	-0.406010398666	0.587890316943	0.221840539472
-0.110672293915	-0.0857537595793	0.0477879490594	0.0199246137057
-0.625811814252	-0.322463164541	0.903113968165	1.11783553627
0.686799152575	0.463739041708	0.0781264597903	0.832522690153
-0.553824682253	0.138570151936	-0.901857235172	0.918354186836
-0.904686571005	0.571728938601	0.829149252538	1.46275940383
0.301486308452	-0.368309989559	-0.523180469234	0.446263971615
-0.860037777744	-0.400729360747	0.407263502272	1.0869684854
0.247698025289	0.385667329825	-0.728281472987	0.406402880596
-0.909364147478	-0.452508783924	0.87720680747	1.61098641461
0.781516479427	-0.120273993367	-0.58646710967	0.931252311736
-0.382348742107	0.517150798215	0.924209550355	1.28057760307
-0.871463462265	-0.899827557731	-0.96027446993	3.32982389359
0.320269170054	-0.49190994795	0.891001360149	0.300619741608
0.474999099674	-0.657694570496	-0.188526840497	0.072755264821
0.236474671528	-0.850593711617	0.225223434667	-0.286071639998
0.892297271687	0.276960238646	-0.59683332542	1.23423620446
0.469839371348	-0.307463061852	0.119029066447	0.0538616606151
-0.801143662336	0.956236285066	0.30348643299	0.258057282484
0.663681142288	-0.724750016918	-0.457458026682	0.50028029828
0.354781753195	-0.802450645159	-0.605536935413	0.693763730297
-0.901906785258	-0.742432823189	-0.253348994441	1.73532137231
-0.510144481495	0.0347650312213	0.683306590832	0.733175275212
0.00520890824131	0.714373523483	-0.462490542903	-0.112745257577
-0.416474298155	-0.196745733697	-0.934326789925	1.31218174255
0.862704338992	0.186237606992	-0.199995276561	0.907678237081
0.512944257563	0.990269533767	-0.884576036996	0.677570947642
-0.945811134994	0.0339416223896	-0.836476473102	1.53375786015
-0.517364975005	-0.392026320044	-0.793988068668	1.41216847854
-0.776552805888	0.164321191091	0.00643619759011	0.476529206618
0.862160178019	0.158865318514	-0.29077747101	0.91864460595
-0.566222635925	0.341684929471	0.902526090738	1.25007124013
0.100830378473	-0.399999879282	0.17418834139	-0.0694991112463
0.936133184698	0.858901157237	0.665347554384	2.69454636771
0.584922167879	0.049405018098	-0.942343035995	1.21248595551
-0.155726535584	0.661081909256	-0.421814134979	-0.179623770816
-0.870270499793	0.180231556152	0.451360599442	0.885596350312
-0.288572827816	0.00328511887156	-0.0946741087426	0.0909784520763
-0.872321453243	-0.180874388187	0.234194623565	0.931212639399
-0.387987834441	-0.547083410592	-0.877237982955	1.61226509376
-0.921862162074	0.722646571962	0.772504471175	1.33866018052
-0.808854545437	-0.139915443677	0.0163011865861	0.7654018592
0.612478730863	-0.969601039901	-0.344643064512	0.234215297059
-0.290485389999	0.669877105229	-0.626695802203	-0.137269291701
0.985814997727	-0.0686993385419	-0.340429715115	1.04338605866
-0.69973457489	-0.0405329863925	0.681668699235	0.955032954704
0.832770190792	0.765880146706	0.733473641197	2.43104482883
-0.317731975915	0.345952226561	-0.629053579397	0.169119443335
0.0977514684945	-0.493318801374	0.825403819808	0.235436955039
0.232701638333	-0.0245645858744	-0.243777049672	0.113849365323
0.844432349988	-0.569266573591	-0.0102684765248	0.238309825257
-0.228132072299	0.29664042148	-0.156219756693	-0.0375654337562
-0.562327648579	0.0737727766938	-0.739806105363	0.767463435234
0.0242838881502	-0.284192855333	-0.95813843087	1.18401374889
-0.847460901095	0.81041864438	-0.781800890483	0.00901847877325
-0.686961681939	0.453048650816	-0.640053724862	0.280382583499
-0.998426896586	-0.104790934386	0.999054515385	1.99490042378
0.73615593281	-0.374341440843	0.201682334066	0.231529593185
0.277262714581	-0.00400849121708	-0.487049042001	0.314932308862
0.968995540629	-0.938707612349	0.153866984332	-0.0914121931763
0.294297967826	0.543461601885	-0.927374963599	0.602582578738
-0.507918052356	0.160254695848	0.438089984323	0.438713306469
0.229721171253	-0.49388835638	0.27688500314	-0.120769769317
0.12476145304	0.838059367638	0.975277499495	1.88862957012
-0.214802437905	-0.189709025447	-0.0105017523313	0.0889926124906
-0.0791177503426	-0.101666500873	-0.397008481613	0.212281440869
0.281527467671	-0.839858870269	-0.533274168142	0.575070752913
0.516909479958	-0.0263516895506	0.250331555812	0.30964320072
-0.168224720773	0.661126815925	0.8591439347	1.22321307718
-0.471164668412	0.610164581425	0.910704824693	1.31957125796
-0.0454776099338	0.102359514891	-0.618197492579	0.316302891297
-0.185404752976	0.290726544389	0.0139832618468	-0.015266323712
-0.293967273061	-0.254945925987	0.787700332977	0.581013340053
0.376504947515	0.645249992272	0.271355941646	0.633422256294
-0.406792324436	0.840449269011	-0.956022963406	-0.0659172106836
-0.223897439297	0.0739562295828	0.468228057444	0.287437348391
-0.897076984469	-0.894659483437	0.437972888446	1.40730920047
0.0751173418215	-0.840174670995	-0.419229073948	0.47050959281
0.00684736456891	-0.802304572587	-0.304971182161	0.332240410401
0.15520216446	-0.998391099563	-0.788888285834	1.27909902288
-0.68602308026	-0.898610679616	0.813471705942	1.01783718688
0.00924582055739	-0.809737224892	-0.560699133494	0.761001278774
-0.0597032652489	-0.375861755046	0.608469087675	0.167539025411
0.0966729432223	0.502671475924	-0.740058874467	0.233621039981
0.636694286056	-0.202644505618	0.586280300392	0.50127512407
-0.019345398222	0.527200837287	0.924206290874	1.33157493276
-0.673518152716	-0.600887007281	0.113497024337	0.803017696418
-0.909371373144	-0.276177057058	0.241655001049	1.06976137642
-0.697267011399	-0.66650260049	-0.377143790906	1.34451631793
0.112978879408	0.596907630971	0.978127270234	1.62078677089
0.405715452928	0.756300438111	0.303519572205	0.793123919687
-0.273994787046	0.649359756414	0.102580018692	-0.0257140486607
0.77370077035	-0.737754781584	-0.636232090417	0.901985978978
-0.458969449247	0.536220924074	-0.129421920247	-0.0881047750849
-0.234257591381	0.999041068917	-0.849549230098	-0.306157011951
-0.643997030259	0.824591405805	-0.158480018916	-0.221867586728
0.753346398582	0.846880797572	-0.345658701144	1.0322736163
-0.434815374648	0.232415514736	0.748225077619	0.821746454247
0.944563425703	0.493588042438	0.736373356631	2.26413608139
-0.722938300626	0.422516301549	-0.0519980257697	0.197920350631
0.315626794022	0.788109884296	-0.826444616104	0.380050401935
0.760338740389	0.643900526978	-0.431723657029	0.976095741523
0.750508825841	-0.527597588216	0.584558463427	0.200593812906
-0.110771229086	0.599293219868	0.360102812661	0.291367028415
-0.905553169622	0.663386430278	0.0507136552853	0.255509483968
0.158739696969	-0.117360553934	-0.924838005856	0.970433350369
0.533622103402	-0.733163458391	-0.101601527158	-0.021666280215
0.0146725345688	0.94838223843	0.48523895437	0.709779303005
-0.943521661387	0.675844383772	0.408685768454	0.695791348365
0.795105853848	0.0521713581427	0.174359775945	0.713172988871
0.299400883322	-0.576855416802	-0.0729164027949	-0.0356911086831
-0.139939196804	0.836492245629	-0.268305297747	-0.249922642411
0.275517398742	0.0135321635244	-0.569956726852	0.396776106357
0.545570567866	0.596524820582	-0.171180628764	0.550282943436
0.83325869543	0.898658763026	-0.37123778346	1.24733668662
0.953451549192	0.141334027617	0.121112542961	1.0756105758
-0.0808884964549	0.937951400637	-0.133207760045	-0.176524627461
-0.856481021422	-0.639454261186	-0.644735504269	2.10920291484
