-0.701496521926	-0.643036985361	0.898062754007	1.17221472311
0.324834461681	0.660876792725	0.285816620782	0.590773697062
0.981059303712	-0.584898288978	-0.691025138328	1.27035261212
-0.106589005452	-0.364663476109	-0.547650367692	0.549859345334
0.146843042448	0.166633695217	0.300601514413	0.186483489498
-0.637470425149	0.856606040376	-0.184562586128	-0.263726551711
-0.83054283168	0.516994460689	-0.243104851094	0.193831459155
0.983025898441	0.806504484454	0.629135910077	2.66236763859
0.0688604812998	-0.0813553509233	-0.482778561868	0.271491356383
-0.877170088391	-0.977206270796	-0.932838775389	3.40836755672
-0.809485702835	0.528235766014	-0.308639203117	0.1598916946
0.0272992853771	-0.984445375551	-0.270806670965	0.313801223675
-0.0977839882005	0.078907428142	-0.47392695489	0.18905622676
-0.462833411506	0.275178641717	-0.137302230575	0.0679221584937
-0.77415430009	-0.929103934976	0.722689510619	1.16941114752
0.174804845974	0.455861806075	-0.309291099656	0.0649105720066
-0.432202457938	-0.844309853853	0.621750113125	0.413335214769
0.986088793074	-0.173451397356	-0.97545504163	1.92203920702
-0.23332609684	-0.827631088065	0.0116048886166	0.238079105716
0.0777689831201	-0.355328814268	0.59358504723	0.119839791472
-0.00980965958489	-0.016758096204	-0.124750233087	0.017913817703
-0.911831946589	0.892197459944	-0.187945576556	-0.114457674087
0.325864421047	-0.69581202582	-0.664165916848	0.782698235138
-0.883788449682	-0.660031551884	-0.430101543821	1.83327821321
0.149604848637	-0.247346700331	0.243120116461	-0.0156502224911
0.866424897647	-0.720389672123	0.0142762457414	0.116447906531
-0.217638034541	-0.60133796052	-0.764187716726	1.22175827533
-0.969526571738	-0.814542634712	0.0444291256737	1.6954870316
0.243057594157	-0.749140130737	0.545811155024	-0.23398642687
0.691501853225	0.167853586276	-0.442737261385	0.715947124511
-0.604374428683	0.687247239179	-0.0713724728378	-0.0940427125291
-0.398442713959	0.000547805663242	-0.392222906909	0.312162273906
-0.772294032522	0.991215098412	0.616990803783	0.823176819465
0.732474376702	-0.279720195294	0.99954389405	1.05112621971
0.177132116926	0.229644564095	-0.472290898316	0.186652869787
0.447646502442	0.361657459435	0.430750987935	0.703612809499
-0.596930892517	-0.365101859196	-0.679060568019	1.28331660004
0.736921498225	0.210341392631	-0.616846164466	0.948809298086
-0.808639084178	-0.7263322086	0.917338819312	1.41645555918
-0.198954316593	-0.55053045637	0.688120178212	0.243791494715
-0.161846117824	-0.150710694389	0.658754554271	0.385262313123
0.423053543713	0.779621688173	-0.42410736421	0.358019775911
0.463596681525	0.155819429457	-0.427889038338	0.403574856839
0.559018811552	-0.929974767776	0.690817676874	-0.372585303732
0.229138955273	0.370000033021	0.296640136333	0.335038312563
0.687834308894	0.743008568869	-0.702804893936	0.955927482465
0.994073285445	0.314044812374	-0.336561244819	1.30794341378
-0.966209212696	0.284266224298	-0.801792112064	1.07384777252
-0.435946710976	-0.73302008183	0.419609966024	0.378097220519
0.0513375314155	0.786499690511	-0.889975840272	0.135103768033
-0.974248910372	0.52983910223	-0.350852565895	0.370167885807
-0.936825657713	-0.0674625848779	-0.822360185574	1.67259781204
-0.817924947127	-0.79817960061	0.554957539077	1.18687431004
0.0586408455057	-0.540305740247	0.300372965643	-0.100314555741
0.0621544083647	-0.0715490715462	-0.984892162019	1.03989677084
0.0578201397608	-0.844938559254	0.0973829147376	-0.118310444615
-0.626100757793	-0.690729453793	0.982601321289	1.11126207601
0.159389802432	0.764834779292	0.309191244564	0.479391416495
-0.85959821869	-0.744770990745	-0.367090328458	1.78726645142
0.919936731363	-0.174927136013	0.96624100559	1.44996160106
-0.569031280848	0.955607054871	0.959189912926	1.61668022898
-0.185338524897	-0.0198385837043	0.418830567526	0.205137261673
0.777109620046	-0.531168472509	0.963905295799	0.608240547373
0.0692353122066	0.786341002509	0.00867673530673	0.0661342517411
0.803080403956	-0.443498412563	-0.0858103293689	0.334193408386
0.870910505965	-0.384177976148	-0.0574058204972	0.449249953977
0.249189624502	-0.996142868277	-0.0717567400467	-0.109504003746
-0.318687160733	-0.694309089642	-0.201143101077	0.502942929372
-0.287009296707	0.0907421622868	-0.360951935611	0.153863232919
-0.719294026561	0.413942693257	-0.132909549159	0.182285401568
0.432872485355	-0.323484436272	-0.372149317529	0.306230703402
0.589506459541	-0.366153067132	-0.572894283573	0.669643126809
0.84156449621	-0.562481906249	0.216689196948	0.159936454733
-0.889689055396	0.78974372234	0.860828025792	1.50977868833
-0.747357436945	0.780314459053	0.442392274058	0.516285336596
-0.94443049826	0.727170242157	-0.907320635374	0.368641381161
0.506204883926	0.0582688716232	-0.491588895883	0.498754684198
-0.153636479726	0.623286575992	0.541599227848	0.558745864398
-0.974129565692	0.565472562715	0.785696310259	1.45969326686
-0.110390135488	0.674154570465	0.499914920992	0.524700824701
0.574816672637	-0.509928156904	-0.0967679460479	0.0960077364636
-0.281428518994	0.00835772041039	-0.952235844881	0.975644493746
-0.0225697851304	-0.443504760289	0.96699323963	0.516729022893
0.547976171068	-0.962333320927	0.819808542143	-0.343900875548
0.720688946465	0.697400831914	-0.935646336882	1.24491516238
0.744176911319	-0.456525344141	-0.169807739945	0.32041986026
0.459991003295	0.311605007418	-0.538255054117	0.476922756258
0.354099327051	0.860613493749	-0.370303940063	0.248565432825
-0.359880063042	-0.356275579259	-0.0299812491553	0.26931059991
0.229571539079	0.517707570312	-0.235941739397	0.105073695015
-0.67767137425	-0.797141186253	0.741700981268	0.958318200198
-0.160975988194	-0.0993837872489	0.679074101708	0.435564351699
0.779597015586	-0.465832896817	0.229466945546	0.190371397721
-0.533008121479	0.759193385035	-0.345431765112	-0.26348498914
-0.242769448357	-0.370479387622	-0.150064836478	0.226993465485
0.886481361973	0.820981302361	-0.231559421749	1.37714763836
-0.424331441288	-0.757275450043	0.636522244865	0.424530854
-0.068273013796	0.107535254591	-0.0970074540376	-0.00370182663582
0.926123235786	0.195905900881	0.436615546624	1.31530595225
0.158910998864	-0.908833761517	0.309722526515	-0.304729220652
-0.815412669084	-0.613831896645	0.839356019298	1.35471915596
-0.728282945738	0.101441392018	0.0660750808176	0.467586677735
-0.243838884723	0.255018149855	0.887748175663	1.01176278115
-0.718055242666	0.634492519498	0.888110320662	1.41224194808
0.447645068411	0.711997903968	-0.0905756526865	0.4628227317
-0.4609999927	-0.86229506712	0.113960555665	0.524758396167
0.231915521794	0.463425755826	-0.962961991986	0.642294844266
0.362935456327	-0.104605050348	-0.867982500179	0.937946237525
0.722312847871	0.0272863822247	-0.562227161549	0.842203390608
-0.134415460754	0.650966664481	-0.109135723107	-0.128565579641
-0.163522539109	0.374682243133	0.411210451769	0.288637919153
-0.0632543283479	0.738291578055	-0.980701102628	0.195032260195
0.127199403612	0.329591290705	0.280289994318	0.229047125807
0.754225657103	0.672543401067	-0.26997933598	0.967421851451
0.487015658897	0.0500739913372	0.811607933656	0.960918956508
-0.381575004523	0.193906884557	-0.0522816354254	0.0642050640828
-0.129812952994	-0.757967944451	0.275363345218	-0.0176461569537
0.84717820472	0.0734367237222	0.575685028952	1.1536145773
0.128945058236	-0.402028391801	0.486184540173	0.00570267194899
-0.84658076058	-0.875090595832	-0.672242172505	2.49771618816
-0.758084069851	0.314321673398	0.119680411813	0.388350751836
-0.987956810411	0.387048566909	-0.645282108803	0.760304876077
0.870024964939	0.544602347066	-0.100357082741	1.18617791878
-0.665551990099	0.532194260694	-0.802533914897	0.305713243239
-0.609374006306	0.039540429648	-0.968862939784	1.24762790871
0.230812131327	-0.987776803474	-0.437713403509	0.449239540849
-0.15788847051	0.500533124128	0.182910816417	0.0709096488524
-0.997815937546	-0.333206730136	0.346335687946	1.33266265768
0.627418435567	0.481145131484	-0.278080998842	0.639064942132
-0.876874419681	-0.84556966027	-0.00179037962969	1.51188424919
-0.358424218575	0.649392291604	-0.766419354982	-0.0145981977761
0.584228437982	0.0227599262343	0.571408558713	0.694132821516
-0.31036354844	-0.0253564632091	-0.8326886612	0.818679699991
-0.547136066379	0.41924580719	-0.224735512293	0.0262600025707
0.128583123256	0.454001138563	0.763210303943	1.00389881894
-0.926381356476	-0.975983211893	0.858401290596	1.66138259637
-0.53168937039	-0.235076170793	0.328146596079	0.438221831082
-0.898697092192	-0.72632398053	-0.0108095824734	1.46836981885
-0.309274247578	0.347363370098	0.277075207437	0.161236463694
0.782632666842	0.908970418252	0.378037488183	1.81044106995
0.239129889199	-0.38290228773	-0.0955939299762	0.0113610561987
-0.421348987561	-0.976889502481	-0.432193660516	1.19814318234
0.341868768097	-0.42532524206	-0.580336679576	0.555091338436
-0.911251462145	0.544999454753	0.133065873323	0.4239750323
-0.336813512348	-0.77166509815	-0.652094114168	1.30177557651
-0.270623194137	-0.43115263258	0.690344502629	0.368848498409
0.685874455757	-0.714918038337	0.895801228654	0.142115132733
0.454023097051	-0.456780748113	-0.512438853504	0.49541374417
-0.311223097761	-0.229683979955	0.545338667686	0.340481483184
-0.220900681863	0.534599909912	0.994019017905	1.450179912
0.167197724056	-0.116997730536	-0.295223365667	0.130090624084
-0.771925033174	-0.166656831382	-0.300937000729	0.865231122328
0.282537025966	-0.921343396945	0.997113569907	-0.10493498457
-0.689335540712	0.513123086369	0.94369488902	1.4962611851
-0.199903972609	-0.611521908358	0.857192023978	0.372793720723
-0.984399093323	0.929711070572	-0.121269952868	-0.0442047762283
0.651766508171	-0.737539692319	-0.656015541392	0.858289802376
0.225943451589	0.928338338322	-0.496629229404	0.0464030496307
0.726391880997	0.855289390617	-0.532063750717	0.976943787733
-0.353216059584	-0.0201654913053	0.774970705897	0.716836290094
-0.704114571789	-0.71693758575	0.225576190844	0.889744099605
-0.660511914511	-0.131245851905	0.802410731396	1.06151533997
-0.191917296337	0.18980358101	0.213987407974	0.0868118456265
0.312238842383	-0.436263876141	0.315353723428	-0.0768548998253
-0.8825751732	-0.890169842672	-0.753865022782	2.80396112072
-0.818042486199	0.176951159279	-0.27467713184	0.551283032804
-0.534276970527	-0.967813549635	0.178686009398	0.661526321499
0.964794100464	0.771347863774	-0.587673231033	1.56707885978
0.931033766019	-0.852689457722	0.688265671508	-0.0402260512302
-0.343400435956	0.507079419549	0.973883700681	1.38607840978
0.885780324132	0.422412464016	-0.830870221612	1.49814681949
0.836275240389	0.728422153552	0.782054459114	2.48979265958
-0.386842511412	0.425430606321	0.176126203261	0.091022401372
0.662419922244	-0.290787427647	0.402259053896	0.291017239086
-0.186538386974	-0.511703485363	-0.637276960238	0.862467678328
0.341154889096	0.482282537832	0.0397179320272	0.301652483241
0.817573071424	0.337427962101	-0.262654133913	0.924658087395
-0.0973883738207	0.966314187003	-0.211499154052	-0.244266012851
-0.700578143053	0.366308877173	-0.250735447471	0.205203385957
0.860493770516	0.077575989198	0.328388161079	0.940517005317
-0.651525357015	-0.603072709796	-0.456714764282	1.3014230398
-0.525914695677	-0.439851090835	-0.717575817565	1.33845197977
-0.932125349143	-0.312020267755	-0.749501134937	1.95531116361
0.938033715499	-0.504827601381	-0.816465147055	1.48515141896
-0.528058839478	-0.0174351095962	-0.270857641437	0.366139196279
0.67024739682	-0.256950331957	0.163999597605	0.261767398806
0.312791164993	0.207562148295	-0.689047911551	0.494528678684
-0.109682924957	0.615830492681	-0.130714985715	-0.118927612251
-0.679848619769	-0.85763511999	-0.156690361813	1.20419122513
0.54653628746	0.608026460483	-0.754742135348	0.741742939637
-0.818906776273	0.524681610029	-0.598241951468	0.284949864599
0.892182347795	0.838041914974	-0.786817995128	1.50337164305
-0.180993111707	-0.590390355657	0.84703424509	0.35700125722
0.946931815555	-0.886230412149	0.357387754123	-0.131521799702
-0.93803322275	-0.851459509883	0.503678036947	1.5034337455
0.592766388031	0.155055378904	-0.00346612210455	0.442758180803
-0.452985535774	-0.141205009116	0.504610570246	0.452538009761
0.321154019961	-0.182221128148	0.445069624826	0.161604738513
-0.338612644943	-0.195884347666	-0.985717979772	1.34571409948
-0.278513650669	0.0517912895012	-0.51215983865	0.298927554348
-0.830909705906	0.911715263027	-0.285662592576	-0.245981950633
0.0661851416195	0.301911628598	0.920011712476	1.1485463224
0.966727519785	0.60186320249	-0.863033275049	1.74179828157
-0.135619355209	0.206656701526	0.531623670219	0.382853281774
0.261004183773	-0.446998200691	0.600943869573	0.0439674893891
0.0270129606103	-0.443448117204	0.159334036259	-0.0565181897568
-0.860092010328	0.454814441903	0.37525597888	0.660064886858
-0.263513732126	-0.362657255038	0.947774126719	0.719563285862
-0.606399911131	-0.166975737821	-0.397974053225	0.693810283007
-0.823857056175	-0.986008018303	0.413543078372	1.25433119881
0.536915377395	-0.39188997918	-0.99474171468	1.45720675519
-0.22471245412	0.927762587854	0.649516263572	0.866484145268
0.356414085644	0.875113014082	-0.426370829828	0.247603027716
-0.279935728202	-0.210278289401	0.927275061148	0.802081643358
0.201967677743	0.964427869817	-0.104667518894	0.145585217296
-0.458849872032	0.349460946837	0.711664058983	0.805357623057
0.425420803912	-0.385787277343	-0.361905316291	0.287454851323
0.258639143857	-0.557599640511	0.935193150682	0.275799977552
-0.90870717446	-0.0882892031041	-0.149758778293	0.941627536072
-0.81519100209	0.388918812234	0.00735497446443	0.350407837195
0.587816643233	-0.0733134117542	0.571042602828	0.586658135234
-0.855083070394	-0.0638618403061	-0.688402110983	1.30363432785
0.12762874022	0.115085126531	0.78237891107	0.73313420151
0.741622679812	0.244593318297	-0.99317296251	1.47486921431
-0.534940322542	0.115145989606	0.776717290557	0.917290546378
-0.687584931697	-0.354042989133	-0.82460472613	1.68812613925
-0.96460861182	0.0229154514234	-0.71963401069	1.40974770334
-0.371222544568	0.823185320979	0.652168335904	0.794400167371
-0.692777603145	0.0719212553672	0.407344818373	0.625341924271
-0.871183256224	0.230344361256	0.274377931462	0.696772773872
-0.336720924744	-0.545725817131	0.172838405699	0.232689017265
0.791553360754	-0.860519695975	-0.747581602436	1.14759641112
-0.566088353887	0.116619571958	0.837623288702	1.05373508605
-0.50529750734	0.573165333121	-0.85457501556	0.206192240554
-0.872102829394	-0.434415964435	0.620942957053	1.25524135912
-0.229914110808	0.708063739542	0.763230507335	1.01300330776
0.00512114899031	0.533376212242	-0.667265593805	0.0920975029103
-0.570966501173	0.0969992392681	0.761615012498	0.92455293329
0.0310826705702	-0.994839537009	0.910644557745	-0.106627836845
-0.628724259069	-0.245657495609	0.471974873992	0.656561136998
0.221497891323	-0.476624279437	-0.189985874516	0.0701365560721
-0.98594931293	0.474932498356	0.375403532951	0.823055827572
0.833172011184	0.977859705495	-0.824608059564	1.38252839533
-0.460454066765	-0.742645574477	0.0251206431878	0.535947434756
-0.847976451882	0.387686505754	-0.60734713512	0.523725289299
-0.200725747637	-0.238134769937	0.913544318561	0.705107161346
-0.995887077523	0.595153386102	-0.666287858626	0.446481540187
0.496532666929	0.134491414264	-0.462340814696	0.464902228824
-0.41443340596	-0.0451448934834	-0.834291257208	0.924170491737
0.913242760026	-0.290010199031	-0.818770282998	1.4769991332
0.695680116155	-0.0300890725075	0.243295509089	0.514910623085
0.371913298212	0.773310802468	0.700652510726	1.45866016858
-0.809129736509	-0.955930897727	0.38396071939	1.20854896476
0.468606222212	-0.741354318957	-0.0170799567486	-0.114857430605
-0.532374608408	0.668790471662	-0.344059558021	-0.184351116404
0.336493930207	-0.65208211488	0.831841476783	0.0433377844839
-0.876898108527	0.521388581274	0.427580445339	0.717506231023
-0.552186688532	0.492938495444	0.75798984803	0.980907048508
0.728582793555	0.664860606318	-0.581778056803	0.966903280729
0.441289922001	0.531822815649	0.105925005802	0.496978285782
0.513238043701	-0.167070992324	0.0254368673297	0.174063371796
-0.421407085937	-0.665507232282	-0.818599918608	1.67292338843
-0.674772107926	0.228294314788	0.110610422095	0.338757157614
-0.249855919599	-0.554537390795	-0.889525516923	1.48551323475
0.245724437648	-0.297503357904	0.241677766138	-0.026215150373
-0.698298004192	-0.649429379115	-0.0147954196536	0.950942826601
-0.457492165391	0.646793675715	-0.906489262855	0.148807303483
-0.243106735125	0.222452554225	-0.88141542466	0.585841208765
-0.467992642054	-0.898558241019	-0.809172348433	2.02138412983
0.0496297148676	0.9040958395	-0.246418012701	-0.114730535752
0.543884308104	0.0500208638622	-0.7038470896	0.783209389624
-0.708706513048	0.531944808376	0.431609083732	0.541150783857
-0.706508179052	0.461762897036	0.778256252554	1.13796719998
0.260498694575	0.394171464231	-0.396750228443	0.171563847037
-0.115009679756	0.979102523553	0.34930566782	0.364641469179
-0.602742528938	0.902957355218	-0.250006696564	-0.344194280806
-0.656046083476	0.842951377843	0.634605946698	0.815048178391
0.0773179925493	0.210305882854	-0.795734591534	0.488084375029
0.833452845845	-0.999948941936	0.46982082432	-0.387831874323
0.610093425977	0.0377788052599	-0.426753850437	0.561259187404
0.255832280241	-0.73163570998	0.495248676382	-0.23879624188
0.499900555131	-0.886692712588	0.319336803049	-0.374535236576
-0.820520511905	0.96696984428	-0.730487931973	-0.292911864238
0.28280265855	-0.66649041383	-0.538215879328	0.539884139657
-0.591849975212	0.456128450611	0.718056594477	0.923458095732
0.883085822708	0.775707916382	0.555530079415	2.20439998331
-0.914411073025	-0.0801392117271	0.163103144702	0.922959471423
0.530326975734	0.541528441601	0.00624129719347	0.571852635633
0.925623394161	0.32202476117	-0.797574230645	1.53413832251
-0.921684331229	-0.207180168219	0.689713396789	1.37326635336
0.40865698316	-0.358053095394	0.307887001168	0.005234143799
-0.820064816604	0.018207482291	0.594728343296	1.0221052959
-0.832950594825	-0.22731845713	-0.983856399374	2.07477387083
-0.547470281148	-0.569308613351	-0.0010367223461	0.611994545106
-0.358983141708	-0.77827566752	0.478918650672	0.264889081694
-0.184332947631	-0.233748781237	-0.847557336512	0.993535170546
0.839985857458	-0.220115684436	0.78857166319	0.968950455415
-0.760720003443	-0.0524893007768	-0.648795328416	1.07361477602
-0.278688718735	0.969686436638	-0.266707221467	-0.380062901879
0.975238333413	0.782752349305	-0.265108742285	1.57722805796
0.628973861968	0.457533432921	0.24757666254	0.85795349348
0.685344068227	0.699387041963	-0.128651081252	0.875591454003
-0.530750450154	-0.327256632184	-0.372999771711	0.716583123979
0.235767058293	-0.783563557614	-0.425560961924	0.385403824432
-0.887805458252	-0.9458041902	0.315110970969	1.4291503015
0.644607856419	0.00495391825586	-0.0938469036593	0.427054954622
-0.297784517397	-0.64183895404	-0.00645751458109	0.283991705875
0.565796911312	-0.550718565105	0.982938468786	0.433376852015
-0.901369921485	-0.743261387944	-0.0851952254684	1.55300174222
-0.714819432321	-0.800457442127	-0.389104584181	1.54601339281
0.739172714762	0.268248505853	-0.313346043799	0.758789413651
-0.520480908895	0.314312985577	-0.176714447721	0.0829908184892
0.998729309499	0.873493710507	-0.292114505771	1.70001470494
-0.411734336455	0.816569585499	0.462945796946	0.425661695792
0.56765030898	0.896429092304	0.936008877527	2.54626333179
-0.351843402247	0.295519439102	-0.371037382483	0.0478371948635
0.673676401259	-0.41867334304	0.911659331972	0.621224819912
-0.759672859621	0.740272999629	-0.900408827269	0.158925259886
0.736073815878	0.756255777336	0.981755986229	2.80476819124
-0.400224597884	0.319510394958	-0.548451972898	0.157867269509
0.880331649147	-0.851964660374	-0.539893816814	0.776428143722
0.684770499798	0.32671402369	-0.808481845821	1.08213530078
0.30523951275	-0.339134918779	-0.156138033691	0.066984727718
-0.88639461254	0.464593174129	-0.0457440231034	0.354722677328
-0.584890784529	0.296906873708	-0.891471110303	0.698475975675
0.85578948542	-0.905766699934	0.888651936798	-0.0579790421011
0.543941525267	0.183970393157	-0.127375875635	0.388732742941
-0.307297230503	0.493004911658	-0.965113119981	0.398570369801
0.423479452898	0.132070955899	0.232116272073	0.319797964867
-0.502123910449	0.535009660651	0.278119408077	0.209634253795
0.421488655918	0.704914511201	0.512457621799	1.09861778505
-0.374201447183	-0.400402480202	0.617024196737	0.423518751262
-0.0697915263683	0.926693314103	-0.255929933189	-0.231472910977
0.0374135946184	0.13694786814	0.860937127594	0.865639730981
0.192770129216	0.967371987587	0.169032592464	0.415730158019
-0.259563110954	0.173035212072	-0.896419297232	0.670914903866
0.0106159591335	0.706983780789	0.0172133820084	0.0200838919259
-0.221322180599	-0.768842001069	-0.912892677453	1.75438856928
0.148597200608	0.366691835466	0.980094426775	1.39654821794
-0.76911626986	-0.599809436967	0.469548560121	0.991699226187
-0.548037673987	0.686206306856	-0.320131821372	-0.192913707971
0.81229071051	0.0406716192337	0.215304568424	0.747966219476
-0.50741901408	-0.109692383467	-0.680147818701	0.850342147549
0.325712119425	-0.488186331526	-0.345324552624	0.234911953201
0.393262817398	-0.992953529112	0.335062421448	-0.456270646439
-0.12735361912	0.0954450932084	0.103864467479	0.02476484764
-0.194521904686	-0.746520125522	0.493360293156	0.0581542789945
0.913169923156	0.946785013439	0.8874958063	3.32637144162
0.804992846235	-0.438181222031	-0.87332516361	1.44065226222
0.813772248535	-0.0751121609876	0.292739047017	0.664808967568
0.546058799606	0.305357554301	0.491414234292	0.856468390577
-0.0707610750996	-0.165525081306	0.996401869905	0.844607048279
0.551628497049	0.242038629776	-0.49355414231	0.561945927394
-0.525051134427	0.562588632198	0.892186566899	1.2782217847
-0.840885966733	0.699749651693	0.0688056618815	0.171560503756
0.539815687603	0.480310612637	-0.684559391914	0.690500600347
-0.716440152623	0.574459521318	0.546578168459	0.714455352413
0.437622602577	-0.624619777498	-0.987439059776	1.50997567222
0.741986674904	0.64344715825	0.869606505086	2.34373475134
0.892354321015	-0.691036344462	0.427175281004	0.0669320423458
-0.276028004139	-0.00702125973788	0.89426680451	0.871563761519
-0.301114746554	0.921024502513	-0.631648070408	-0.369448034013
0.707897797463	0.415918803356	0.212748388175	0.929295228168
-0.353400903856	0.418473301225	-0.50093319779	0.0183102556293
0.459260646912	-0.962807900131	-0.0135478846438	-0.218031881721
-0.588768619418	-0.204438918045	0.246729768358	0.477450118446
0.55820423377	0.789850235948	-0.880259086757	0.832072924798
0.196160600537	-0.416291256381	-0.111627754077	0.015749451825
-0.466021237299	-0.742560871683	0.878047305935	0.682188428391
0.657860133998	0.950498011987	-0.910024821589	1.02124309756
-0.621132071238	-0.91405627495	-0.844266912426	2.43804880566
0.0840939857149	-0.125929753467	-0.181496554065	0.0522786789901
-0.898383398911	0.608207221732	-0.590022223069	0.249959907
0.351056898793	0.295024927842	0.205443504548	0.329629471091
-0.703042941591	0.355411657277	0.229892497038	0.378956754275
-0.0410629990291	-0.556316270173	-0.990308462002	1.55616574417
0.855064282262	0.802917928527	-0.858820515938	1.46569165804
-0.251471890704	0.473393624191	0.0889582832241	-0.00578121765684
0.0169567692462	0.295293470617	0.27167764003	0.15932812857
0.178176495964	0.265870631402	0.688336337743	0.735934091787
0.0134946927547	0.726465538301	-0.460497141747	-0.112492150439
-0.689087337137	-0.987889985208	-0.0510477199367	1.2086192385
0.754531554652	-0.514967332769	0.803152670954	0.41221558887
-0.758099364579	0.919203637542	0.807351199292	1.2718030712
-0.303713225053	-0.187575395542	0.0399579364688	0.143312362342
-0.330893242094	-0.529274874749	0.821731252603	0.524944362633
0.0895756212538	0.2708372469	-0.228467630514	0.0226041207112
-0.505248125041	-0.479008706847	0.900288842943	0.876567725151
0.81591914678	-0.19521708276	-0.930680620936	1.55429387246
0.243652202779	-0.497666316842	-0.0386917032242	-0.0411384930941
-0.17065605309	-0.628812096832	-0.990196088915	1.73956965248
-0.542217780678	-0.753072834559	0.712851491894	0.673657758603
0.837566441232	0.271397181984	-0.46026822611	1.0157620558
-0.187173367568	0.857136718259	0.744257525368	1.0664504204
-0.672123342709	-0.0129832073665	0.355208802655	0.582037648488
0.491495450224	-0.313080535432	-0.363367665816	0.333489522805
-0.356680154774	0.535462667397	0.830043854282	1.06966212203
-0.192875843898	0.000904769210482	-0.966905797601	0.971058577873
-0.73373234557	0.699086666688	-0.498547122554	-0.0745577574562
0.956509479218	0.356461033602	0.104940530704	1.30428846647
0.255458280211	-0.506236960933	0.824983579646	0.198897236014
-0.786849205492	-0.122007057026	0.737551110912	1.16912802883
0.800026752676	0.524465499688	0.537856292471	1.63100569615
0.90766605148	0.425850853891	-0.0638701198651	1.18726827121
-0.498186898745	-0.0354292576704	0.185230638542	0.293588383518
0.735253901641	-0.218723665653	-0.885455515269	1.35748241692
0.33508904744	0.913628975419	0.148078426119	0.57564769382
0.0738060823533	-0.455454649888	0.560167978692	0.030489068133
0.627292929463	0.924135508801	0.686563206176	2.07904656383
-0.621448356374	0.901858987877	0.673151969512	0.885961001911
-0.60543012597	-0.28953821414	0.923838837326	1.12783234513
0.188078553004	-0.500679742974	-0.815998617302	1.01561414194
0.622576934248	-0.965222795476	0.340653678803	-0.426085177078
0.370963453489	0.506504244969	0.619066723321	1.02231197895
0.369830726201	0.491377642504	-0.673376434545	0.441055014085
-0.383492273199	-0.765314795036	-0.057482516492	0.487855094094
0.451748601388	-0.392696246043	0.713268113429	0.255330510005
-0.321765969951	-0.273611068049	-0.589176692287	0.6999065089
0.415971327971	-0.462685210767	0.24338089026	-0.0728061166239
-0.488290351429	-0.997635068258	-0.616823283043	1.72139854596
0.672756762476	-0.996563925977	-0.95978640832	1.65983500179
-0.0889966434692	0.0176734186451	-0.199220531955	0.0425154400994
0.391783610186	-0.357107563758	-0.691337779839	0.738415382782
0.276100502427	0.375908373527	-0.0576131618389	0.161681984694
-0.148893509635	-0.638446444245	0.561941027037	0.0742382762896
0.321637538369	-0.507826486871	-0.484024441152	0.420194736075
-0.599342717129	0.50927067612	-0.369392424301	0.00231405524918
-0.133368852929	0.452346954957	-0.716300059232	0.14652788065
0.661129408889	-0.573491999532	-0.261551402434	0.276346441523
0.063435352374	-0.892933046322	0.161062725515	-0.170496507102
0.915287412871	-0.815192584701	0.156905854177	-0.0116735054291
-0.626959386541	0.685205919041	0.27825321529	0.231567391645
0.42831403693	0.112009224515	0.362214735585	0.403198943672
0.671925988632	-0.572643982324	-0.360323864196	0.402880739871
0.794527463132	0.568950116982	-0.290779969555	1.00243407576
-0.783972001528	-0.564197770971	-0.800815799978	2.15005178974
0.252934663023	-0.498707289067	-0.0209708752049	-0.051266310419
-0.660447628969	0.37815821842	0.0208578771731	0.194760000592
-0.518705824662	-0.345569645438	0.349764615127	0.449771972412
0.17530870925	0.401591959101	0.595566559828	0.695009980256
-0.999635383102	0.993901650086	-0.76738143251	-0.168095766656
0.843795918979	-0.836627250555	0.176575357146	-0.110500005653
0.31357789682	0.988853600828	0.343750560593	0.866497157321
0.991026796625	0.675207364097	0.660970394535	2.53445664302
0.0114314303183	-0.348831535604	-0.660618958623	0.663005168485
-0.665029419215	0.112023473842	0.649228628194	0.861991880589
-0.658859798296	0.562795473385	-0.124525374698	0.00871717347685
-0.0333755627568	-0.171162152676	-0.698393716513	0.614118916556
0.311793585668	0.228215371347	-0.56652006121	0.360027722609
-0.505762625149	-0.803755431702	0.338311603649	0.504840242237
0.578531102455	0.133456861248	0.295406415105	0.538596144613
-0.920980436318	0.290708424318	-0.552042972055	0.724736093045
0.318381185634	-0.570933793233	-0.200845391387	0.0746002937572
0.822336576562	-0.611226791713	0.248697204567	0.0834432028559
0.152673875089	-0.100802787324	-0.686088219647	0.547796010003
0.528566800588	-0.805164759406	-0.302553554697	0.188943615394
0.854734294092	-0.215521218068	0.117555954547	0.534840937244
-0.0650644825467	-0.725549451412	0.906836953948	0.215839093095
-0.774261228898	-0.663419674077	0.44956214021	1.01699833208
-0.208480962565	0.964993674507	0.832603531853	1.33896728449
-0.729689011183	-0.715758299524	0.578464757247	0.975307543263
0.27273830029	0.886869785521	-0.0683895517298	0.260294042037
-0.866209817166	0.494685378391	-0.437847389426	0.296931751095
0.587006445492	0.0119131144305	-0.303814564946	0.440253554201
0.766751927001	0.595046736669	0.387195492789	1.42448151363
-0.19252660782	-0.119740512055	-0.660905314731	0.576052705169
-0.702635946189	0.615613912031	0.791991785298	1.17595695853
0.802047960363	-0.481219239711	0.883814840511	0.613139987736
-0.124549670896	-0.575620989425	0.561189155781	0.079107036775
-0.391250665813	0.217913290836	-0.476795767453	0.191252432489
-0.439255506369	-0.699789211382	-0.718473366977	1.5193155542
0.548413475981	-0.754601166083	0.61050733165	-0.201046450199
0.194018201653	0.652599386591	0.0240372704825	0.180523720303
0.271839980963	0.874697345844	0.79378548186	1.63609213046
0.875072595986	0.975250031373	0.733279992684	2.87199750848
0.744196560358	0.011247203123	0.30844636672	0.660806970408
-0.0499147840507	-0.52074558395	0.927335768454	0.405530010228
0.661831297159	0.128267441586	0.388840632854	0.723984704066
-0.811668184219	-0.898695995656	0.937064156669	1.42420161667
0.255042697334	0.463532611119	-0.819070089731	0.474477499415
0.516126645945	0.326060546036	-0.345202154533	0.441282975149
0.679205665205	-0.148185747926	0.433629011839	0.48444821662
-0.000377038514148	-0.464743606852	0.809203113829	0.278913074031
-0.358932660392	0.490414528113	0.40106322748	0.310345809311
0.986488146604	0.442967446138	0.0154782990337	1.41723695867
0.304500299908	0.447825554925	0.880555120558	1.39879585427
-0.416088161461	-0.491524412838	-0.398850696114	0.732773579367
-0.201521724061	-0.274555370304	0.516116282453	0.220613396807
-0.397532966234	0.542780216396	0.580231430897	0.593866084829
0.706185647419	-0.905976735326	-0.449044197383	0.467374688403
0.603273112742	0.0943498428097	-0.321957169906	0.494136982798
0.248888811222	-0.916105665323	-0.339157011139	0.259668327899
0.62346748246	-0.823524698715	0.600139565889	-0.258791425606
0.0581510330693	-0.0825065188145	0.404903907037	0.129123665453
-0.173534785035	0.22267864842	0.511671901306	0.367218372235
-0.559742787984	0.703931231572	0.835559834477	1.20562845892
0.447768199902	-0.215417598933	-0.914723886336	1.13780662186
0.89310702897	-0.81043207847	0.278063683242	-0.074194737408
-0.776610897759	-0.539608208057	0.778269636038	1.20793304411
-0.564466500166	0.146097169391	-0.0606870825293	0.230972182929
0.0819504823451	-0.811630559952	0.504378583197	-0.214768951038
0.913866668941	-0.668757951364	0.130186382413	0.153882003028
0.925212107319	0.837717881849	0.725144265959	2.7643846953
-0.375068251078	0.749370738038	0.950187947642	1.47451120029
0.542469906675	0.152416901035	-0.0946295234985	0.371486789728
-0.97792516307	0.377210306638	-0.36032316319	0.58136934499
0.248477125501	0.213366087992	0.61547875658	0.624893868456
-0.88407411309	0.350948907086	-0.81015005956	0.84334403469
0.327632001253	0.111028005024	-0.747868644023	0.619992200873
-0.550347492464	0.633547563217	-0.835625638987	0.123072670879
-0.980288074653	-0.777081157435	0.487747715883	1.58160637573
-0.8651934116	0.946204565911	0.907257027469	1.61147573876
