0.838419461955	0.120358115907	0.758795994254	1.47095639809
-0.11072608875	0.632075559526	0.948735090871	1.44204354828
-0.691015957531	-0.63546052981	0.178889443976	0.834940672362
-0.469202900407	0.0795399780667	-0.978637102292	1.06272077767
-0.122234933339	0.375813544329	-0.38589697618	-0.0271049987497
0.785800779949	-0.173920925532	-0.601165654503	0.946771098019
0.140869386161	0.0219307678219	0.603123614957	0.399918616645
0.361183338702	-0.921683144478	0.0721425404704	-0.263731208598
0.727974130183	0.912887818127	-0.351424823179	0.997193015851
0.167417081864	-0.0150767102493	0.139653019485	0.042901838207
0.108387822311	-0.770334748112	0.940771292931	0.0885948228596
0.711009960032	-0.1179283999	-0.324313847223	0.565112180934
0.766631696932	0.527675300046	-0.547563464869	1.00314680188
0.577790287849	0.582995189541	-0.181210474664	0.597882976216
0.540246965169	0.465099983211	-0.551538947934	0.590810093468
0.134150137021	-0.757469862242	0.934981474621	0.0823516425577
0.770730704242	0.159060157402	0.356309076693	0.900249101549
0.0528670413627	0.592031814959	0.858658984344	1.27974258284
0.523822919197	-0.704971352616	0.630821867527	-0.141664817861
0.669792692405	0.271442991871	-0.696437570898	0.926414975422
0.602739635437	-0.837011885554	0.194768045666	-0.266293748164
-0.18697743491	0.558738304739	0.903991857013	1.25278526139
0.0461918877391	-0.642718328252	-0.886287471555	1.32758400193
0.462963684297	-0.286167881156	0.956828769992	0.723557669737
0.962446785178	-0.0939570500848	-0.424927224038	1.0563632077
-0.389642855137	-0.919236543878	-0.821107162166	1.93900418773
-0.889109921476	0.101041378723	0.97611776983	1.752113746
-0.38871097565	-0.29495507145	0.522804817439	0.384869441042
0.985493040254	-0.615655415654	0.25406382078	0.272605062912
-0.285626527295	0.427817096352	0.253372542745	0.131981352496
0.574249699374	-0.992024754687	-0.583312142947	0.679005941703
-0.851818393927	-0.33594060793	0.311216289089	1.00406035457
-0.772528297686	0.643067431726	0.444458155956	0.583371799653
0.522419317375	-0.862703396142	-0.0909665671398	-0.0910188933989
-0.400371133811	0.606899000998	-0.0129418195475	-0.0903746830103
-0.567033024117	-0.206733190277	0.106987783108	0.428079456519
0.79716343942	-0.509783910232	0.796373589464	0.457320905461
0.903730904721	-0.936090745101	-0.189999779568	0.184712363638
-0.793887066035	-0.787086096588	0.825385204061	1.28672566219
0.465422356797	0.995105344374	0.435776736716	1.30330736877
0.0672078751748	-0.252123581384	-0.18828557398	0.070494898903
-0.593645590797	-0.0386172225669	0.882456462368	1.11999142174
0.521956659703	-0.87428833134	-0.108181200181	-0.0776171293742
-0.8026975866	-0.32932943111	0.720975860918	1.19104297699
0.0349036665967	-0.666385354024	0.665268431103	-0.0227840798394
0.32161415135	-0.505128526215	0.416092967972	-0.0960678896175
-0.507566222742	0.792471675848	-0.530078109646	-0.283697470227
0.59064084832	0.734781308688	-0.370095397375	0.647879889932
-0.0097015472497	-0.176387953477	0.569558517915	0.225739000053
-0.792411523316	0.771342537066	0.10724312434	0.110917578819
0.990287788285	0.683749168014	0.0429270669213	1.68897243433
-0.915129578291	-0.429719449017	0.435867067855	1.23339066782
0.674153128671	0.198114629978	0.31642232374	0.750853017079
0.715029173453	0.249210008257	-0.568244616059	0.870748843328
0.18700054135	0.322842440798	0.391153619976	0.374623057486
-0.855899529112	0.903284199192	-0.393376040657	-0.241142169312
-0.197732973862	-0.36695246625	0.996739098104	0.739389890802
0.75559040184	-0.0724701301643	-0.87842071662	1.35144133964
-0.471125303158	0.0121529969764	0.565064681295	0.542398790301
-0.358271455825	0.907730262223	-0.540781516155	-0.395294505734
-0.747331263818	-0.0317644802648	-0.253063740659	0.654322302093
-0.941452716282	0.103781785217	-0.232354343528	0.818501965784
-0.799474790425	-0.31093826024	-0.800134575299	1.77675503236
0.955917720155	-0.420916028811	-0.567947899087	1.0730407874
0.291749717344	0.209501725306	0.508351028436	0.511161152342
0.76099087405	0.752066311714	-0.114114522352	1.07862314656
0.657770931161	0.660981359695	0.337091067438	1.20387822217
0.899799158875	-0.779290579021	-0.945735499584	1.73985191903
-0.986559104396	-0.26400130679	0.303856950236	1.24586217352
0.115017005077	0.760781174695	0.631044011397	0.979034632284
0.725429503448	0.202215582354	-0.463474076249	0.794027653088
-0.570603231544	0.0543900174175	-0.236350671646	0.337559450987
-0.287508014601	-0.770640048321	0.388736127981	0.155766197471
0.763976489189	0.843020357989	-0.125781575028	1.13749238565
0.555734812603	0.817519411195	-0.212637032193	0.634544784821
0.178913993676	-0.186354096892	-0.935391904438	1.0479409899
-0.394802220911	0.0866142120051	-0.699117889078	0.549885588141
0.557954243401	0.817909196986	-0.128427734831	0.679120302513
0.091484168572	0.104055184267	-0.382355622551	0.124298492454
0.872121118722	0.315563918307	-0.057852474639	1.02089595842
0.981028246779	0.812409654298	0.542179713708	2.49384411554
0.206015865291	-0.215150283261	0.26034960126	0.00988578939632
-0.293070424424	0.96195522696	0.329714800004	0.229852371641
0.329569575508	0.240882630314	-0.29363633069	0.203494094329
0.886190060867	0.440214375035	0.78526753038	2.13777757718
0.820465548978	-0.0320677937635	-0.0942810028998	0.658765488309
0.0281356945707	-0.791653466198	0.625261289726	-0.125520689683
-0.376006764638	0.327493997249	0.352147310635	0.257574987477
0.915883234787	-0.265715403406	-0.755850166687	1.367628323
0.469998837894	0.646597780768	0.242897848266	0.740855687501
0.00512117502996	-0.0220596613776	0.994936966594	0.967864849968
0.34421529097	0.665930292667	0.0853261041875	0.411809337584
0.124792471788	0.664700568776	0.736547791208	1.13060917247
-0.96128283275	0.696440717902	-0.298171666498	0.135835631621
-0.815288246278	0.556572907084	-0.696953605621	0.308766409182
0.650470742604	-0.700625855571	0.189507865033	-0.129485312744
-0.641578214072	0.339805476014	-0.0930957195557	0.17064319204
0.464575505916	-0.226390250695	0.891897205091	0.70421882804
0.80062429793	0.549339339812	-0.453497613015	1.03734969537
0.415127574637	0.828377723202	0.819273887951	1.8660912798
-0.375376940905	0.574119644519	-0.273503059137	-0.156822983839
0.95548388802	-0.96962165912	-0.429588939736	0.587576985132
-0.340220587929	0.247493645907	-0.859798435104	0.558006314289
-0.311051271291	-0.686957692508	-0.610456346742	1.10244659156
0.068658546523	0.316717424531	0.664532719279	0.678532180397
0.740785054487	-0.201458070023	0.763973109377	0.829271733258
0.584180733444	0.794928245	0.628788783508	1.70086619294
0.811637675255	0.269131610044	-0.292588855006	0.884056398652
0.795765091675	0.694582294762	-0.243594490017	1.07610828029
0.0473804239838	-0.167827583522	0.882297693974	0.624668493378
0.688257188233	0.419285093126	-0.127247254423	0.725112923254
-0.589639757089	0.615011619479	0.983256331543	1.55654682357
0.994161895456	0.549669087639	0.48748253681	2.04041124136
0.447658178536	-0.956219473132	0.145738809038	-0.345780109546
-0.408069328149	0.153712577772	0.0338761037802	0.110149961881
0.331866924833	-0.0381627873465	0.842037407729	0.774363190404
0.820995126682	0.0363046418382	0.667121885555	1.17311016337
-0.504815524914	-0.0554858533068	0.748277944527	0.801249876359
0.884263595775	0.817657153144	0.759975732952	2.7039092701
0.537348196918	0.545895324306	-0.987363698021	1.01796879898
-0.321948403372	-0.351526711102	0.479572869172	0.278231701228
-0.00861172989059	-0.691794463751	-0.446462518467	0.514220787896
-0.763868481192	0.92347196144	0.892025351693	1.4975535612
-0.0599459394835	-0.741576922088	0.910955106288	0.202343962745
0.0019086017679	0.799470336559	-0.0803584538962	-0.0562572058107
-0.421235771713	0.68066021685	-0.928821355947	0.121218509361
-0.773479085881	0.69820799523	-0.803772667285	0.143070612419
-0.55656297692	-0.782688532983	0.415058923228	0.592789857225
0.749319268782	-0.824629762036	-0.830201075468	1.31741073728
0.513206905415	-0.630856684891	0.479432670206	-0.132976298942
-0.457270653875	-0.977876058332	0.131377095476	0.545039900435
0.969504547006	-0.201112472212	0.809412084681	1.23732466784
-0.313437341104	0.161261261317	0.203627130853	0.121998842208
-0.465434884486	0.17495921909	-0.72362228512	0.532222329371
0.846687364299	0.992664468473	0.268915926966	1.89661501679
0.845535373574	0.191488041997	-0.638122954044	1.16184797054
0.699836455806	0.182815866576	-0.377737424529	0.691341440291
-0.873473467645	-0.81270643785	0.0900789589532	1.40773987812
0.171304547792	-0.556836618514	0.0495440424723	-0.0911767219676
-0.758675578676	-0.251481519458	-0.98404564793	1.98219665295
-0.722984690001	0.923897917079	0.30568092525	0.230601610995
-0.878603446181	-0.298695131483	-0.845904196915	2.0025999632
0.712852957231	0.136876513061	-0.698701757677	0.998280451665
0.699686156058	-0.258799215706	-0.730265334613	1.03076204334
-0.299324753332	0.573063405388	-0.313086528224	-0.163332012394
0.956824706266	-0.504685051586	0.424719779471	0.398655559542
0.76644427698	-0.0516907349437	0.061201262406	0.548400818032
-0.996560431287	0.102448351353	0.904868994825	1.8025269545
0.15704700537	0.248574437735	-0.840152190042	0.560716977134
-0.59022831919	0.274792707707	-0.984700886149	0.885226243174
0.676616120547	0.888349946027	0.468043772551	1.69373290186
-0.85012660978	0.276605793593	0.700366797009	1.17180447115
0.795401940903	0.226935137993	-0.654142419502	1.09262330157
-0.305150251504	0.529912163909	0.682326527905	0.758556463478
0.527634450287	0.643653718777	0.88105117633	1.9613550306
-0.277777196352	0.264574740528	0.355328268523	0.223936404022
0.0423673001512	-0.201057536593	0.473673074357	0.122407363012
0.506745607507	-0.785090644625	0.0627945319224	-0.186406371238
0.0995852442109	-0.627273222432	-0.343898671151	0.281434787484
0.678336459879	0.919466742024	-0.179287770891	0.951143129768
-0.746837900416	0.759289104767	-0.423774626359	-0.151481554041
-0.607091783782	-0.135751907295	0.800117341553	0.982544606565
0.486460547728	0.400161373666	-0.600834222179	0.551877700358
0.697054145159	0.923451723736	-0.196666704541	0.986645918533
0.71655541142	-0.00129696137378	-0.703668172659	1.0085838406
0.993817024672	-0.425522114738	-0.178965387584	0.672963496669
0.353978926873	0.371164418225	0.640244212954	0.904233986171
-0.898637671758	0.0996550265387	0.0744388381151	0.730955249082
-0.369606790681	-0.929299651974	0.826077687448	0.394815279915
0.118534141571	-0.138977314519	0.64340214711	0.322124806389
-0.405633108931	0.923810039689	0.380778519712	0.286569581082
-0.732049721759	0.87702358171	-0.180312811602	-0.231753951671
-0.972646254662	-0.710784370578	-0.810525345086	2.87044257489
0.994397993588	-0.877850566227	0.294885503662	-0.0560134181665
-0.867938314852	-0.6775133401	-0.910224342185	2.7865541925
-0.875851243411	0.340865522256	-0.0758601987424	0.448464552571
0.967943718167	0.247859806871	-0.184943250721	1.16519339217
0.313688676388	-0.3636919194	-0.425615087641	0.320255519862
0.411069316027	-0.852649001315	-0.102966178795	-0.0831238157084
-0.824473794488	0.844660874261	0.875155197057	1.48846225454
-0.635743623537	0.267125583233	0.428611215674	0.532547163812
-0.387987186774	-0.472965864929	0.109704364166	0.294187380508
0.332211896128	0.978002104851	-0.626390594166	0.215022534506
-0.403676898626	-0.600647875309	-0.287946577701	0.661290441663
0.336656271358	0.506342061227	-0.19766166797	0.222786394009
0.590800635457	0.210307336332	-0.107852171164	0.462245086791
0.153125646989	0.733227996493	-0.544789192606	0.0330640512933
-0.60490183842	0.885049922889	0.440676205942	0.414753869246
0.382986939107	0.877079847841	-0.435984866689	0.290278385249
0.515111343971	0.735993055376	-0.054015715047	0.607620574912
-0.554084726747	0.728980508217	0.233881291222	0.128288279636
0.742632177301	0.736453154836	0.172746818378	1.25547776326
-0.424708902111	-0.511579049439	-0.17438980868	0.51727580589
0.421994386556	0.308079677149	0.874867337345	1.34300886144
-0.616585913985	-0.208907672918	-0.857851127784	1.42410795803
0.498705280849	-0.86497218491	-0.135546222143	-0.0470427489951
-0.731083827678	0.0290216174937	0.95408479788	1.4512332135
0.684580039047	-0.138037510174	0.222431993765	0.392924139004
0.979829033842	0.550612037845	0.329368664868	1.78940866578
-0.152833954117	-0.516946129633	-0.552606187998	0.693406367698
0.272280513671	-0.377422412787	0.00186992355383	-0.0293303447448
0.980934855514	0.275104432372	-0.85348746214	1.7257353816
0.741948643072	-0.0404816290167	0.627268063591	0.888524889795
0.808994528577	0.261453840024	-0.0116111103535	0.863085921818
0.851993282878	0.770652374499	-0.693423332102	1.32893078066
-0.615690739933	-0.87444444816	-0.251336565293	1.20041236975
0.529591329109	0.0522750801841	-0.425602400831	0.467040409025
-0.932979687448	-0.456787091354	0.659858458421	1.43062253413
-0.972637070902	0.193538817577	-0.896344498425	1.38773584855
-0.908552209579	0.98675379908	0.234067534391	0.214704412524
-0.664251752539	0.69722399206	-0.194086180163	-0.119553963894
-0.125509355105	0.698784289513	0.915825151497	1.40674856861
-0.543575440314	0.538760809556	-0.201116177379	-0.0652886827016
-0.155613928861	-0.97609545711	-0.811836291707	1.62761762466
0.58840482168	-0.760304728938	0.214800592937	-0.218321346139
-0.967775846618	-0.229446472099	-0.553279177609	1.59170864685
-0.133526823697	0.19916369506	0.521093948691	0.366557616707
-0.769738831193	-0.578134779906	0.638799740559	1.07626341913
0.050960115711	0.654528623693	-0.736781852036	0.0965544737072
0.811056094886	-0.832913129339	0.583815980738	-0.163154177119
-0.243905152435	-0.101996510927	-0.847279868743	0.888669964297
0.975699098213	-0.115040181258	-0.852637514472	1.66482243444
0.785454832712	0.9753614394	0.307455861046	1.77745134812
0.650485628302	0.174170391699	0.424930246187	0.791002870852
-0.381915228579	-0.453030690567	-0.731660767645	1.1856708233
-0.484306488939	0.965545945339	0.414555592923	0.33906142002
0.653539662424	0.941564188712	0.122691266218	1.17303848175
0.675602130346	-0.172127862151	-0.207766989574	0.419077897865
-0.816874629652	-0.734837525971	0.01659933935	1.25563201306
-0.694452138493	0.992734190913	-0.768652884237	-0.379383351858
-0.220044947913	-0.222320982137	0.509679017099	0.243800748851
-0.947560237926	-0.788937040548	0.0621057936567	1.60029534291
0.271432948238	-0.685383800322	-0.195642512636	0.060006301359
-0.0706564856707	0.760345677699	0.125094551382	0.0620327337187
0.730417095246	0.685708844262	0.149231295781	1.15896179424
0.738310382972	-0.456388576168	-0.741373064993	1.09613401619
-0.919988123656	-0.890790758853	0.765979497442	1.57029219918
0.419896588869	0.457141380617	0.00934116224985	0.372622740815
0.280043275467	-0.342548404118	0.082798153601	-0.039010982101
0.992312608783	-0.0776896636359	-0.849394095083	1.69505135105
-0.984869942355	-0.443736799377	-0.966743938212	2.77056554241
-0.704115811639	-0.735351652357	0.496234432943	0.894893603956
0.121404278914	-0.924284419389	-0.640177580225	0.904060412759
0.240077409113	0.632365368741	0.608346638118	0.964236779951
0.713801135525	0.114709671273	-0.132864924752	0.593804151075
0.828705250029	0.0600375131633	-0.094489964642	0.739761204704
0.130854756258	-0.650811704579	0.788741477998	0.0407520936099
-0.215069754338	-0.42022171103	0.00211003392026	0.135749749568
0.30773805357	0.255274732463	-0.24968371503	0.171864472906
-0.442309084318	0.397890496787	0.898905912957	1.1853447054
-0.152002654714	0.989445075861	-0.403148909399	-0.363658131279
0.486689280372	0.134143900062	0.207145498522	0.372849416427
-0.0113670368989	-0.472436371229	0.734253385079	0.197739439883
0.41151585113	0.709951627873	0.289451226579	0.750780026204
-0.275738471297	0.0333628802435	-0.853798954713	0.767319737747
-0.946033433241	0.894682081899	-0.076257438641	-0.0138308718034
0.76672920296	-0.436298903547	-0.6092003255	0.890269030749
-0.241140859979	0.522395500581	-0.504306115332	-0.0769445735116
-0.0546380251315	-0.763959042508	0.0816020005605	-0.0109551725652
-0.403853226953	-0.130133250373	-0.041027309952	0.222674419378
-0.50991451783	-0.967485596067	-0.58293272704	1.65713734786
-0.846782650426	0.814198063769	-0.0300043503303	0.00406283974711
0.99227200154	-0.727063557702	0.764435308245	0.291727199038
0.649296061884	-0.427359400994	0.359635087154	0.119746560393
0.935557413713	0.261614818291	-0.679221924406	1.4036712594
-0.141421758791	-0.163210870245	0.53136433178	0.238705300264
0.786993085142	0.256821747361	0.424350480775	1.11053081785
-0.877431983222	0.755116179277	0.944069748012	1.71147382864
0.0868194437604	0.0853680307867	-0.28357404115	0.0711553001017
0.745729560871	-0.607472203617	-0.0194165145773	0.115274592248
0.228308174616	-0.843118819096	0.478955343751	-0.314784338491
0.671988433506	0.909480983715	-0.162748516321	0.941199555159
-0.283814365057	-0.716762360456	0.447525167312	0.163487628133
0.995165554965	-0.0532543556015	0.338241485534	1.03375205163
-0.652012368572	-0.862942943865	0.0681989653293	0.933568884506
0.158611239088	0.195659338936	0.117455498667	0.0929683547432
-0.411527935542	0.415266291218	-0.646430609955	0.147893253768
0.200157500597	0.183901873796	-0.631876568616	0.359937077449
-0.119080480332	-0.0709663593376	-0.562192572715	0.378588117902
0.336046454974	-0.805975694301	-0.271298519819	0.134344844766
-0.440017857063	0.487237752604	0.121643272202	0.0532886829929
0.38422701091	0.44862576933	-0.213612156328	0.26980276964
-0.41326545694	-0.347320440634	0.422107653626	0.3458921335
0.93964436765	0.700269419677	0.0295564806497	1.56250683879
0.196341668542	-0.353382236426	0.536155509953	0.0671612905468
0.377172174441	0.99736068115	-0.129267750746	0.406219125431
0.907258365229	-0.92037174336	-0.43378504986	0.57551575006
0.0389423725696	0.232134560085	0.643065944025	0.573368017293
0.953891328676	0.5110152184	0.223527543611	1.56155219185
0.521134670899	0.431521034208	0.743688844006	1.37045239315
-0.811681263238	0.291758823614	0.251283843891	0.558469151468
0.291290953656	-0.0957282795659	-0.514743016741	0.371201474531
-0.406830087846	0.489207170754	0.295657931133	0.198538116366
0.983238458255	-0.624285266769	0.5590427508	0.316463226986
0.228333981235	0.308201075594	-0.260726384415	0.110131281015
-0.127895845073	-0.169584175981	-0.414814612715	0.280463615889
0.398945853771	-0.638126738674	0.897937508655	0.137873613185
-0.592653317311	-0.80360972526	-0.0532046282146	0.873086413143
0.34715844504	-0.664478751645	-0.528072089423	0.519592390166
-0.634054421118	-0.459608299954	-0.747835577306	1.59641117252
-0.056077349054	0.676387152937	0.100402387663	0.0432061951942
-0.233151299578	-0.989704075538	-0.119079873719	0.417144172564
0.512613730725	-0.177483180235	-0.392206520505	0.395228537061
-0.526929340545	-0.126410835967	0.802879069798	0.887386294687
0.911271506287	-0.00316285096899	-0.0640139800309	0.831833798522
0.104562647376	-0.0486399282872	0.571022178267	0.304139277828
-0.667194511632	0.919467449375	-0.877259974549	-0.205342047787
-0.379150001668	0.550894288896	-0.0395803264942	-0.0853548203618
-0.0756787567731	-0.633572915403	-0.417399823174	0.492351120032
0.395469836593	0.6654686947	-0.877324354537	0.605435317627
0.690968828393	0.340889771462	-0.749274166405	1.0189740049
0.646669310469	0.654348976334	-0.775399805723	0.935191388025
0.39609952584	0.021684875996	0.136320836853	0.187023674473
-0.770986120503	-0.699926200765	-0.0794955941583	1.19601358286
0.836921561029	-0.940161560301	0.929152843095	-0.0966325622416
-0.876491318379	-0.910223992314	-0.185494314738	1.76928997475
0.00551652252733	0.201581323182	0.172548199873	0.0656978356537
-0.824718656943	-0.330735477452	0.0988698026969	0.930000068362
-0.489643270187	0.424828071326	-0.568404984621	0.113346159122
0.844907500872	0.0378881879442	-0.256744274794	0.80207074652
-0.113422602378	-0.980754421654	-0.330084456857	0.556791944768
0.0631079666224	0.311569242061	0.108499127915	0.0692221685867
-0.936873767603	-0.832432611698	0.00803560246107	1.65099220698
-0.36053503633	0.442795822283	0.989676658539	1.38802668282
0.513830927163	0.658269965558	-0.553584815925	0.544309579146
0.815901610132	-0.586906217814	-0.650731885878	0.992208286555
-0.364204912386	0.254357424453	0.448368250557	0.355086876244
0.0469371936419	0.995214979977	-0.796765245101	-0.109202153271
0.465571953522	-0.141441047076	-0.516515963589	0.490751558674
0.876553877098	-0.465771622616	-0.26695621387	0.555679026834
0.0613249934682	0.47822535201	0.822532528739	1.10300359034
0.466154962248	0.733971127574	0.719553263172	1.60533295056
0.428923044377	-0.527967169245	-0.43078965207	0.370540209907
-0.742359846935	0.806024878464	-0.337298686296	-0.205363091912
0.445252391366	-0.0403312192986	-0.534325827016	0.487346221701
0.56079272548	-0.506608158497	-0.781467048847	1.03697464197
0.517761152201	0.372992372813	0.726598522915	1.26015869208
-0.795684168003	0.762707482926	0.681542983224	1.01055779745
0.877037627574	0.799565761546	0.892655847303	2.98101577285
0.583835383254	-0.00500122608853	0.894777194225	1.13409510625
-0.447420919335	0.954427638524	-0.46040814079	-0.454296010874
-0.960772714566	0.0724710680417	0.774420687257	1.50930647946
0.938338154237	-0.669033337943	-0.714900067657	1.24207306954
0.719699592811	0.777844607158	0.927219519674	2.65875069163
-0.691442771189	0.144674505455	-0.903796387057	1.06415057878
-0.581120670567	0.469080959745	-0.976345923875	0.560374671935
0.207592843748	-0.604926146445	0.732231207353	0.0107331882279
0.952965906677	0.708315214523	0.279399751057	1.85911158541
0.271028830887	-0.144988065381	0.464292735979	0.182411520442
-0.66596467163	0.490308604027	-0.500536312189	0.122100074706
0.115836898848	0.902916671695	0.751238649496	1.36067466385
-0.884426795111	-0.139133936018	-0.71766671127	1.52016183979
0.0972132530726	0.421396679317	0.870508619803	1.17503045746
-0.283112493132	-0.326190147391	0.253455300698	0.154066157191
0.107650399909	0.630407739701	0.953587457144	1.58993020577
0.308842014417	0.653329553315	0.827723633458	1.52306173029
0.942201960106	0.64580954112	-0.954575333956	1.79096775894
-0.224213155565	0.788566075524	0.206611324151	0.0790795712755
-0.0753606565944	-0.247479637594	0.249025382364	0.0247143862274
0.721497695233	0.302946641358	0.32393932331	0.942207242932
0.450168693979	0.361332760339	-0.143777836217	0.334032973604
-0.0628525222673	-0.113093266662	-0.0323625643267	0.0157659603036
0.155418046334	0.717996134642	0.508444696026	0.75932166099
-0.1914790921	0.213016990675	0.620767103958	0.513461680487
-0.0746695220444	0.0922649537341	-0.678413740081	0.396337547915
-0.352700725051	0.985276833275	-0.485347848753	-0.465749509188
0.477215392281	-0.831049950398	0.916442494394	-0.0905979414319
0.0720065184546	-0.0879997989739	-0.0547177564983	0.0066575639995
0.396158099189	0.687398859439	-0.861502094172	0.579250166418
-0.166426872247	0.773422218854	-0.11239630079	-0.175317204921
0.603154840622	-0.275621261848	0.979702445462	0.887343520895
0.634056450649	0.0111732070158	0.704512737903	0.913321891126
-0.728760476899	0.914986603831	-0.70644409092	-0.283037867025
0.311141671608	-0.676393511364	0.206558102551	-0.210693378535
-0.540831533818	-0.992635965448	-0.125449809578	0.969611227257
-0.560720955651	0.90534297828	0.145812659873	-0.0399649903271
0.518348548946	-0.930292090487	0.720548229474	-0.364660904701
0.064017622536	0.273601477763	0.154192952841	0.0875764585875
0.837847262316	0.0935442306632	-0.846549202829	1.41781957145
0.41112144318	0.439653083895	0.659205381052	1.0741450645
0.0879861483559	0.238895825614	0.138086767592	0.0808173935909
0.247175841958	-0.996253117429	0.137112614137	-0.302952806574
0.31424818825	0.436880893154	0.480213536889	0.676442112887
0.218021440668	0.746640522714	-0.356101087758	0.0712454734142
0.545631982539	0.327572410735	-0.445281400542	0.528861868101
0.163106584665	-0.867963653873	0.642528025625	-0.259815538359
0.515213653036	0.995640157534	0.690220774587	1.94202874936
-0.94471789565	0.525149360778	-0.203720444744	0.330892261618
-0.527236976943	-0.762118263956	-0.989095521082	2.41191347065
-0.395775528256	-0.900207735507	-0.0541254129317	0.56457213656
0.813490756633	0.0734300800654	-0.410907371703	0.860173809435
-0.306261506299	0.0667243697258	-0.260839318905	0.123993815395
-0.127853975214	-0.265758130344	0.182690509639	0.0351492064266
0.00102431514214	0.414249732803	0.216945542003	0.137360372498
0.834537331992	0.573003054812	-0.9258456012	1.50132271856
0.980255519153	-0.0313937628484	0.944903589921	1.79330568856
0.0537601305672	0.326210248464	0.637088965531	0.63413455693
0.986084354123	0.738946117299	-0.377473811062	1.56457922923
0.225638004883	0.23604454625	-0.138671446657	0.0906702611409
0.652137813707	0.510376295771	0.0451477674031	0.783200080949
-0.750727960685	0.478491329156	-0.98105004353	0.697410899824
0.637366535856	0.416917072236	0.0929407006862	0.719351629765
0.759594752546	0.604883647979	0.614408406668	1.78559392156
-0.685258484563	0.913520463809	-0.766210033375	-0.269289187801
-0.0920412805416	0.474586264892	-0.0931680358617	-0.070745917465
0.642146837249	0.472274057746	-0.559737470756	0.764578402667
0.0770329336233	-0.824059279439	0.372901977711	-0.225783080985
-0.887395507886	0.612559503251	0.0950750866179	0.311166655844
0.289721253416	-0.580781582096	0.5258680258	-0.113203646683
0.985465008982	-0.365337740093	0.148651889388	0.578902963495
0.952629425738	-0.750254824642	-0.118181120963	0.295420733562
-0.996600486706	0.584354893796	-0.0881498304551	0.367103766332
-0.684464248747	-0.873956259597	-0.43114366026	1.62936867893
0.730016753324	-0.299325711748	0.281675984379	0.309440171527
-0.186225923713	-0.761006572157	0.139804109551	0.0895525893782
0.409252850801	0.495882374405	-0.779052295129	0.591033347928
0.244310579926	-0.742625144691	-0.16031430469	0.0230105897009
-0.206637707226	-0.598620101931	-0.609621178108	0.902966099985
0.524722223463	0.59253269091	-0.152964301127	0.519010211303
0.240296515443	-0.145470486899	-0.503310895977	0.349325103341
-0.310797328438	0.706259506378	0.128061883042	-0.0160638202111
-0.599803150416	0.640077413482	0.129099157	0.0751434169653
-0.967940653803	-0.617750418107	0.515670320771	1.48221517634
-0.338450860847	-0.920878274079	-0.0858149048556	0.512610309174
-0.988934304903	0.549389017181	0.203515195308	0.58790886144
0.829860345011	0.0419416229925	-0.568933567388	1.02329728886
-0.97988673886	0.692523749345	-0.201136320632	0.18274732325
0.436604901454	-0.476265620315	0.933212443041	0.409112396525
-0.532462138465	0.473125056614	0.846457268405	1.14856479976
0.142047655684	-0.472864686227	0.352312532478	-0.0894638182319
-0.519907013011	-0.778583072267	-0.545233014275	1.39688233687
0.892906340601	-0.788890111234	-0.691271168958	1.11606956913
-0.639044947872	0.675206244145	-0.89683067144	0.175650890246
-0.29056267604	0.0436776643303	0.791523751816	0.732817328107
-0.0273713741603	0.536912584749	-0.419329296205	-0.0632529607556
0.537057223573	0.269439486173	0.846429904647	1.37764010583
-0.314410902972	0.193212590531	-0.417175393522	0.131537841325
0.945698324338	-0.0818122579648	0.0214030165204	0.815682665396
0.34168836873	-0.767179108336	-0.993239077211	1.60313089739
0.579283764426	-0.277751561044	0.573976710048	0.344699046329
-0.32899670721	-0.366970044389	0.779667259761	0.550737276624
-0.363374302269	-0.118918445727	0.31075128395	0.234865091574
0.0634420051504	-0.674032219116	0.695874237475	-0.0235377696284
-0.350952788881	0.714007590298	0.881454379519	1.27891184558
-0.849674125617	0.319993099203	-0.441708377841	0.503818921259
0.196092423106	-0.551720881128	-0.726775736942	0.859444275717
0.459901357961	0.0929092375048	0.228823557267	0.32785838614
-0.472780246141	-0.522267591229	0.372105757063	0.41456287849
0.0968514650809	-0.846907378278	-0.408670337186	0.440473354256
0.745069446027	-0.10170766428	0.802267339269	1.04138535278
0.138562213411	0.312181405902	0.665293584676	0.712763873985
0.359110158051	0.254210520368	-0.258644956533	0.221396630312
0.651188374718	-0.45938502522	-0.436110753867	0.515435450727
0.212419618014	-0.946120088349	0.0189512376775	-0.173423370902
0.968026162996	0.170468859141	0.0478686570154	1.11254449154
0.429261798363	0.55795645427	0.759987158361	1.42539530354
0.609536372261	0.0201511437733	0.795887256854	1.03329200835
0.397710811415	0.836965264634	0.0555218802771	0.540596588449
0.177457438736	0.0342105936062	0.679161216446	0.522056533176
0.479259441837	-0.451052642915	-0.0596694547202	0.0439928837865
-0.208243444421	0.440207905082	-0.938920296471	0.419946108106
-0.528625965437	-0.563411797189	0.234496753337	0.500150006655
0.976461424295	0.299227457365	-0.301689802519	1.24640384677
-0.021795082005	-0.271088683814	0.541405476405	0.152734417567
-0.339372555957	0.711220529701	0.572436114744	0.608616424935
0.110752621587	-0.641384208777	0.571778447971	-0.0985679132611
0.0795395036257	-0.91376964227	0.285094672111	-0.245586135619
0.213434438755	0.32650025567	0.439952724123	0.452443734842
0.291377572254	0.792517163663	-0.907635518706	0.420308124623
-0.693703896919	0.341672807611	0.876560779948	1.31206112216
-0.599685774121	0.363642692905	-0.234093210443	0.111225023625
-0.731254082341	0.447370480117	-0.709122479552	0.393205269904
0.257267010203	0.232809565184	-0.29879520665	0.145796728698
0.475750230239	-0.624256950926	0.308066527019	-0.168059792328
-0.916551893724	-0.816158736331	-0.59320834108	2.42416751522
-0.0442957156585	0.158695946814	-0.475849796772	0.145850154937
0.797276140199	-0.598379229933	-0.222945081693	0.341685976666
0.386201019809	-0.960771939768	-0.187049642499	-0.00720025862463
-0.951352806278	-0.382116839397	0.100078732944	1.24037407316
0.909709849121	-0.830768593408	-0.727820143774	1.2061859166
-0.836280114522	-0.654526668554	0.842412795556	1.40500974477
0.393237299853	0.693564994732	-0.89038155519	0.602613034984
0.987071886516	0.38880019006	0.0830831049413	1.39729017555
-0.942642851631	-0.977777374019	-0.545723850036	2.64168135136
0.820405112655	-0.881524573705	-0.0678426105377	0.0142648298097
0.889514973312	0.475979805296	-0.0393889606773	1.19743119194
-0.196667355148	0.826061024398	-0.636280811357	-0.244534696212
0.466806466113	0.158797162528	0.770310240811	1.00773676668
-0.662763537309	0.189406209723	0.403309329741	0.55277168379
-0.604389285842	0.147122246125	0.420549414214	0.515101283795
0.240201468757	-0.433425653916	0.698263906029	0.138514259311
0.0462583905774	0.287682294022	0.809371610499	0.903371844125
-0.570481858239	0.362300081066	-0.702266385569	0.357510834972
0.0959075364363	-0.539216230472	0.306581477787	-0.113838150989
-0.734224575069	-0.667614329081	-0.609452346464	1.80757585572
-0.545576349916	-0.958741770459	0.933186384069	0.796872450608
0.42730291538	0.155576187854	-0.673368646093	0.597731146687
0.0802867471035	0.767848208496	-0.334442336686	-0.0768552758118
-0.27418451362	0.59770935365	-0.0193437092017	-0.099893237746
0.742043053134	0.981570977947	-0.333565287676	1.06284361356
0.183676070715	0.521889410232	-0.9295713626	0.508564963143
0.676051374004	0.990081418496	-0.174741011875	0.983917955967
0.52192697318	-0.209813291912	-0.694633376031	0.791159391347
-0.639306440049	0.941499173376	0.323329404906	0.215762510973
-0.0283933284062	0.094857141371	0.719741169541	0.584412812134
-0.861498362925	-0.412792674739	-0.740361170379	1.95154997324
-0.763458916801	0.354628881324	0.0349153227147	0.325725997636
-0.115521799695	0.922611644079	-0.212051083307	-0.243911608006
0.331840870091	-0.631857153177	-0.257070846772	0.128959809245
-0.839201781909	-0.178882026284	0.733192408347	1.26079390996
0.77276099989	-0.459864776765	-0.238080802101	0.407961441483
0.540466921083	-0.970145234673	0.389609538169	-0.458409159808
