-0.486833330968	0.486269249101	-0.489993979487	0.00209970931838
0.574674570672	0.360950020383	-0.073567078911	0.516537736642
0.640422751841	-0.609481897018	-0.376987034319	0.391701224263
0.517288880038	0.384336173867	-0.218462318078	0.430163427304
0.20947052978	-0.24722824085	-0.618394601925	0.527387365534
0.863450699329	-0.297509168747	0.0505772363317	0.476173475656
-0.150951996642	0.101061664103	-0.21501422545	0.0320324670259
0.217891935831	0.692501966614	0.923368885951	1.69041235875
0.752410366369	0.828925250531	0.0433686958779	1.22764356174
-0.17483322399	0.253387296849	0.482257238497	0.341036040315
-0.420580552971	-0.432284351317	-0.654902502959	1.0706997851
0.433295322072	0.740797984112	0.699767008353	1.51678899236
0.590694688429	-0.313053457031	-0.908707353242	1.27422423287
0.121946918651	-0.194377722411	-0.95366486942	1.08601517509
0.948958501919	0.725690967342	-0.121010266808	1.51600027868
-0.467610149899	-0.493284329012	0.753192910445	0.64508531222
-0.979635582966	0.563121333947	0.964610301892	1.88169785361
0.375287101857	-0.135015096291	0.342412151848	0.161186256707
0.381028479829	0.0881088079447	-0.206583558919	0.20322960329
0.599724405497	-0.048755137669	-0.815847642126	1.03581385587
-0.237683050817	-0.536993034172	-0.536287036892	0.759713564342
-0.321908985998	0.205388412806	-0.816249778454	0.53612447394
-0.30626881634	0.525437060316	-0.534122791405	-0.0624851517272
-0.265902860249	-0.652468333268	-0.0208150794636	0.258211974864
-0.307859747204	0.129254754972	0.988412345924	1.15970124892
0.869231845339	-0.610819699049	-0.0462602550418	0.255016753037
-0.613354736162	0.0865756301194	-0.226390515931	0.354755223736
0.608618762406	-0.81711055148	0.705180635358	-0.205822824005
-0.511055852063	0.180731543393	-0.294446205695	0.202297021871
0.519849580441	-0.218567440478	0.0617448802664	0.146938403851
0.880625258283	0.912588504669	-0.376380447097	1.37733110471
0.996612700753	-0.0978468658778	0.110584083991	0.897129979636
-0.180273498497	0.86568406245	-0.925638170704	-0.0680655491802
0.170315959861	-0.449466341899	0.755000898148	0.183135099121
0.796749732847	0.637193548182	0.435910568984	1.61027135237
0.957366869168	0.985864577373	0.369210509247	2.36069336884
0.692706212341	0.719331951679	-0.170720141695	0.884468522343
0.436363706383	-0.0169536177581	0.447888253056	0.376025901752
0.790956247416	0.483680523343	-0.119562568525	0.964647039094
-0.876627093912	0.0656451391397	0.208073963219	0.767882572663
-0.552253578047	-0.223006620999	-0.805247308556	1.25613892813
-0.822265829426	-0.215208870755	0.646033386309	1.13140701554
-0.391549053147	-0.120696367039	-0.0498308760567	0.209066731168
-0.266104896497	-0.545701453178	-0.73453266441	1.15639942212
-0.903484279169	-0.639595919243	-0.929713086763	2.85315582082
-0.793775710228	0.134432978486	-0.481124291949	0.690171857886
-0.834354377184	-0.556460060714	0.392787780567	1.09614364245
-0.98114161724	0.796337279776	0.0958403072821	0.266825800627
-0.68455359974	-0.870480893246	-0.694081527639	2.15043833507
-0.268489291315	-0.82085693223	-0.395958202486	0.774285729056
-0.177012185642	-0.0851148019944	-0.665212058123	0.545526145881
-0.360451745041	0.861059487093	0.538983948216	0.574156004233
-0.319040281134	-0.443472047814	0.131419528708	0.202262352802
-0.920791329721	0.148219553167	0.794129073571	1.45972383537
0.963114596193	-0.194376239095	-0.929710821741	1.78545903741
-0.231577601614	-0.896806440523	0.593437607994	0.0812779958613
-0.955673806176	-0.469062002065	0.0231263704352	1.35126982005
0.406382527232	-0.79285376186	0.0708828395884	-0.208230506102
0.711485534277	0.361020514323	-0.756699486329	1.06248261387
-0.694213607623	-0.149827252984	0.747240755233	1.03235636743
-0.337941636884	-0.773795609897	-0.450708638573	0.927596947718
-0.390805666878	-0.615045101603	0.920617595887	0.674407595412
0.966800663364	0.0256328549274	0.926798421854	1.84219718807
-0.365783031496	-0.663549864779	0.0629327215588	0.338714035781
-0.19753402396	-0.420311486005	0.588439193	0.220978441994
-0.749347653815	-0.625917174818	-0.418647970311	1.46785655058
0.932591295011	-0.599271430582	0.952357009406	0.647114729934
0.148614964492	-0.279414888874	0.136676672952	-0.0389478105728
0.188627082952	-0.836929718741	0.12298535248	-0.210092134595
0.324394864286	-0.330189048217	-0.746929074053	0.802651238203
0.41441841875	0.866273424487	-0.288523218199	0.364047939746
-0.633907238723	0.499590707114	0.510654032419	0.601029771639
0.000348469077428	0.9862123067	0.82002210794	1.48149593805
0.165396301567	0.236670225051	-0.946745728032	0.738761265514
0.364861108461	-0.594555197621	0.586406486422	-0.0885848970806
0.0835745292181	-0.911521373957	-0.656271294128	0.959702055441
-0.193220339107	0.337268217743	0.341971435367	0.204447579174
0.530297574613	0.270913357576	0.619881218488	0.977067041326
-0.0614750408924	0.43778418962	0.515557824312	0.468369314222
0.253268183142	-0.899781197118	0.91807377912	-0.146947236538
0.40871165969	-0.834852763716	-0.448973070096	0.402234388187
-0.595718471306	-0.695923256769	0.0894779695663	0.715191342771
0.498141180605	0.851613293357	-0.364885925764	0.494768321067
-0.516411089255	-0.421169666149	0.926966339274	0.953033589666
-0.344314810341	0.41429247036	0.468888903467	0.390019601199
-0.2050273538	0.0670093464421	0.0154656290978	0.0295729942068
0.287145373004	0.791612052886	0.216550888122	0.528078783685
-0.362271021106	-0.255818741958	-0.144355583777	0.281683408004
-0.897623721732	0.854771102645	-0.631757681505	-0.102424914453
-0.506192737305	-0.977900046738	0.0923334759185	0.669469549129
0.734976427609	-0.010820035184	-0.371679559868	0.674405159474
-0.0891655171191	0.0310358315862	0.206127890425	0.0540692211739
-0.734358049957	-0.477788799694	-0.963384164799	2.2785530095
0.259946339618	0.646134119746	-0.888171981794	0.450503546416
-0.56478954492	0.531741881062	-0.326923740285	-0.0482949376294
0.0686755368251	0.858870020951	-0.711193384741	-0.0413269576432
0.991361472257	-0.98842789344	0.492562729676	-0.2413364616
-0.571538639294	-0.726963343164	0.267130140206	0.619308748198
0.939770856319	0.491397253669	0.360815620453	1.6524617972
-0.674795763866	0.225564425931	0.408867489981	0.562537988856
0.490030313685	0.950860261306	0.466138177983	1.36659713114
-0.513565703384	0.292134097201	0.943919909717	1.2804556652
0.964494622482	-0.960832195293	0.877608001151	-0.0695058273399
0.891064586183	0.667060546502	-0.873703136847	1.56893440597
-0.364476834865	0.68050005744	0.608423663202	0.669028547792
0.916207344222	0.638937560805	-0.375098591609	1.32586955756
0.291930778092	0.216405999167	0.707839893596	0.802617265309
0.0341767091588	0.730853047597	0.760191100575	1.1596246915
-0.666940048296	0.241076548418	0.728489917461	0.990344817877
-0.792473382855	0.868336093957	0.0424255388714	-0.0214796262438
-0.264148573123	-0.295145285162	0.0722318549437	0.131635224066
-0.235142950943	0.453167030087	0.212059338611	0.0898006384263
0.924162111532	-0.178279540591	-0.0552206358978	0.702210439944
-0.293362117379	0.642635340929	-0.063646772901	-0.139314286306
-0.191754656737	-0.0774890467766	0.476248601117	0.241537413882
0.247640289774	0.751617884506	-0.317841063068	0.109584497777
-0.663093414207	-0.304381150851	0.0547241520019	0.627863744949
-0.146096488137	0.358780629956	-0.236784735648	-0.059959171786
0.11159453143	-0.134997286303	-0.702569486338	0.585837237763
-0.0604592159617	-0.180784256596	-0.818768398741	0.832987518274
-0.504200184221	-0.140040312867	0.799719840547	0.852384984003
-0.565055295007	-0.648289825582	-0.237563852259	0.896053897305
0.106073067224	-0.249246423742	0.980256158054	0.701389956586
-0.194867752235	0.0867496114065	-0.0374247600044	0.0192227683532
-0.311770597743	0.693948545991	0.974620049625	1.50706856009
-0.0782194443517	0.478687878716	0.796775305329	0.984933149488
-0.515227709374	-0.277610664699	0.278590610828	0.408765303167
-0.638994450045	0.909139698217	0.0570322966403	-0.117518306472
-0.49301496948	-0.767361193389	0.696004888289	0.571719978311
-0.475671102478	-0.01500294896	-0.167482779449	0.263962684009
0.899306918268	-0.114175844262	0.469301883582	0.872735125762
-0.0182467823776	0.723626073125	0.574674270193	0.733228899876
0.974217959676	-0.370881460907	-0.649909516423	1.25120302327
0.494510683296	-0.981221636986	0.00272442593932	-0.24334960946
-0.500910202611	-0.0270461161824	0.339955446509	0.370833937724
0.464050406487	-0.208515155196	0.711980271945	0.477038467971
-0.969094267475	0.448403115137	-0.151772008096	0.459578512075
0.484344365214	0.256103929823	0.138699184957	0.413390829671
0.039252298892	-0.854349833133	0.405357004496	-0.213996840096
-0.804014215136	-0.644727824076	-0.279657554335	1.42332054778
-0.35640972133	0.71063693298	0.719746952919	0.903264421588
-0.506510241074	0.0314994843792	0.904565967177	1.08733076341
-0.451976273196	-0.160510692123	-0.540719882541	0.655998889932
0.643368808914	-0.990189608668	-0.64694403247	0.836000154646
0.778409231724	-0.796108466169	-0.518503735421	0.667854089668
0.107334222626	-0.371239341504	-0.52366914171	0.440309906532
0.738796160179	-0.944932314455	-0.076278569795	-0.0743960935438
-0.330937769928	0.241347248979	-0.386692668657	0.0858528954218
-0.499758048053	0.451922517081	-0.171042285788	-0.024136205207
-0.322918910497	0.468527873638	-0.342854124106	-0.0901076510548
-0.228764365147	-0.318409463861	-0.987183914221	1.41403465497
0.762931986021	0.884072937584	0.518926589021	1.98460649609
-0.226158050976	-0.651609566425	0.499362666045	0.12248779549
-0.575761163534	0.942762903862	0.801216113528	1.18599874136
-0.388690940939	-0.756859307748	0.854606887223	0.528800758684
-0.0329407004213	-0.211190589217	0.299411905105	0.0344563679363
0.365574657476	0.916991975072	0.798374643221	1.83837906926
0.446811725028	0.870281425752	-0.0421870904365	0.553557772108
0.971834296869	0.830529249486	0.523586723654	2.4605958556
-0.0971469794879	-0.102739084851	0.142057088962	0.0250037286001
0.773779871992	0.0327262412527	-0.365235418653	0.745502325681
-0.540138407151	0.486982424209	-0.732198683545	0.208258610226
-0.732548372937	0.219855956535	0.443846704095	0.670154233872
-0.579115519659	-0.770141087281	-0.968548303744	2.4653801015
-0.101128407541	0.193406193389	0.323089830306	0.157542707115
0.342544137536	-0.990429820173	-0.196313362259	0.0110441019005
-0.909536879693	0.270024148416	-0.61845108371	0.797145429856
-0.407493409787	0.383368662134	-0.635098929207	0.169704298749
0.850635867996	0.378977905307	-0.479580044374	1.09420035767
-0.409832805733	0.647492090922	0.0799242154656	-0.0392623940526
-0.206422889612	0.370239073463	-0.0582043473721	-0.0519771876253
0.600926824158	0.416554976415	-0.625102035152	0.741795297898
0.88931232371	0.409593094487	0.210723000302	1.28584746437
0.865271170142	-0.0331941610597	-0.870302051525	1.50628685466
-0.44805700117	-0.747732543494	-0.919200045446	2.06802638892
-0.292498394345	-0.445005890781	0.344507414356	0.181096348962
-0.0737281019826	-0.593622065668	-0.276430669138	0.289711720887
0.627561452843	-0.633614712863	-0.299890716352	0.276150819234
0.300336018435	-0.431156877893	0.528235880531	0.0119903963819
0.0656810095921	0.708490506897	-0.676382389888	0.0291310018832
-0.949069279621	0.298570924553	0.956667507998	1.81821382845
0.895734297129	0.0276411186274	-0.92748717017	1.66169469695
0.797195630405	0.272488771759	-0.139592264755	0.834196406927
-0.487055766445	0.0744417140929	0.964212107846	1.20244864449
-0.118936833772	0.367928225643	-0.198959325932	-0.0632321861757
0.586752781731	0.258563689666	0.93906592786	1.62064495905
0.79629529058	-0.942016935388	-0.0798599833992	-0.0344303857259
-0.394859480315	0.195488615065	-0.0839853567744	0.0693588353133
0.625167000432	0.735944966321	-0.0620806717421	0.809088337436
-0.615326285866	0.208086696963	0.245565593015	0.361986617309
-0.837071030545	-0.550925372968	0.511255143633	1.14156997109
-0.0797536478607	-0.917098524003	-0.995453974362	1.98336058276
0.330973179722	0.296595495743	-0.33735059318	0.221457156309
-0.910205294417	0.000812367413969	-0.633806620853	1.22893020565
-0.242930270508	0.831996507207	-0.542279399525	-0.300209639414
0.288818856325	-0.471838163081	-0.68728759881	0.743793334745
0.462743587727	-0.331657484971	-0.910838479904	1.19237238942
0.919424615984	-0.933336876352	-0.181405508939	0.189429135094
0.450780022227	-0.160042736889	0.214142543128	0.142643630038
0.314194554918	0.509981597354	0.100780027928	0.320504232991
-0.681060612878	0.776873304878	-0.0621935715646	-0.109702735875
0.609039026651	0.912222141193	0.984885958615	2.79494255042
-0.618629113353	-0.669834735755	0.618342336557	0.765241318125
0.692021486505	0.339068028468	-0.0742612069504	0.693871224697
-0.473855943295	0.845611379682	-0.792350952034	-0.218359473537
0.429391753906	0.880652380836	-0.998722571848	0.680441513537
0.38203068356	-0.473595867695	-0.54661742225	0.52268564881
-0.341520077309	0.775148365197	-0.979358688988	0.0519023885826
-0.00558498150285	-0.401217464899	-0.130784107807	0.0718493351765
-0.692431447202	-0.75804301247	-0.498338310734	1.63045707548
-0.246076691585	-0.788989653762	0.672558025734	0.176398675955
0.528021916762	0.72356066402	-0.238446866649	0.545189168339
0.361172823718	-0.51256677857	-0.123292250779	0.0237171087388
-0.87617096785	0.138121594309	-0.948421447207	1.41516319309
0.289449174418	-0.929463702029	0.515091593144	-0.398691266352
-0.973574514011	-0.15404900523	-0.920819563376	2.08758552576
-0.971998849713	0.160123372736	0.245075145894	0.8884461158
-0.769402018416	-0.471106076299	-0.867792167324	2.1163348406
0.806691570067	-0.0586870304392	0.461585412551	0.789380972412
0.0761651471788	0.57196432968	-0.4636264579	-0.00086342675413
0.120607576951	-0.948665462186	-0.769556689789	1.22239929648
-0.396773514796	0.795984837509	0.311089903744	0.186003295035
0.185641287248	0.906253355924	0.893948020536	1.81198718415
-0.242307752894	0.336510502856	0.586472370588	0.518477897141
0.569962134214	-0.0891920912358	-0.539603708986	0.613321265757
-0.890312404805	0.979284591066	-0.159586745349	-0.210025952478
0.161924581075	0.835157258713	0.233328571545	0.410760331696
0.433108747221	0.11970466768	-0.22006355169	0.261513658033
-0.384669405815	0.470297338206	0.615073935602	0.634645135097
0.42461359949	-0.521871085862	0.355401637586	-0.100460365892
0.802960745315	0.28648126973	-0.0543770856122	0.862158023288
0.646581476188	0.0728839624972	0.995214248212	1.5281795832
-0.874204711859	-0.0651675406718	0.928569315306	1.62293204406
-0.0395465541821	0.480780259121	0.146750124899	0.0746408896138
0.306203231837	-0.61851524618	-0.3234035928	0.208988988519
0.620384116233	-0.220656680908	0.504411786272	0.391113971259
-0.311097312974	0.654974905124	0.92491461572	1.35428351414
0.824617537166	0.763029698561	-0.348188023564	1.1647588505
-0.903415538648	-0.0321452939015	-0.329670149162	0.964479944561
-0.49772795843	0.98139556685	0.285953986816	0.121668766263
-0.67202644344	0.579787215919	-0.123545068736	0.00562073258271
-0.0545905224121	0.0672419565377	0.771089008969	0.645737144982
-0.0419645461678	0.459519105672	-0.572498317312	0.0471579209651
0.337510764436	0.382330079527	0.858399235168	1.3079951283
-0.640778571134	-0.442287144663	0.581582848383	0.77501729395
-0.0903279837786	0.275091018459	0.925789663544	1.09507365015
0.853269733315	-0.65572843881	0.430176728115	0.071528910754
0.832472295776	0.452776724924	0.105464467439	1.12880881296
-0.392155043767	-0.429064843764	0.334315039053	0.290369236275
0.565319407341	0.43019412878	-0.677895471747	0.730698740982
0.275214694083	0.560379048496	-0.475746795153	0.189704152947
0.785651240847	-0.542594636034	0.899147338207	0.511551136256
-0.750776430651	0.833842324258	-0.333369875553	-0.229206353053
-0.0859623614643	0.0820064663223	-0.706110922411	0.441027031258
-0.201928647763	0.568040290379	-0.75445720456	0.0667151550312
0.502329684603	-0.251792348873	-0.413719136308	0.401187177691
-0.990700020334	0.874263755467	-0.40179974624	-0.0744825090436
-0.121657760107	-0.797643065181	-0.0603933895854	0.16365980916
-0.567841209819	-0.991109144775	-0.700988312368	2.07137679625
0.251438089403	-0.342966974709	0.571256003287	0.107397630014
0.14569204106	0.622784099695	-0.861321389895	0.317418127789
-0.257542110007	0.921641759928	-0.185144641543	-0.307392120077
0.186431358143	-0.821971309657	-0.268459846987	0.174252405147
0.676319090795	0.635303940319	-0.98916410986	1.23710147549
-0.466515286281	0.251594140803	0.420997665185	0.383423579654
0.700560436578	0.879669257487	-0.81269385285	1.05261590473
0.508477456763	-0.676699930105	-0.500674386165	0.503943827669
-0.701215703325	-0.901892413101	-0.556770981936	1.93626603613
-0.842088369565	0.0961247642852	0.647508865734	1.10967664442
-0.952850650373	0.34895081586	0.151958434701	0.651543735718
0.778768444897	-0.937926937767	0.602000358565	-0.326175533115
0.65465092681	0.822587248659	-0.734509404849	0.902381336052
0.118821861794	-0.184338536281	-0.291698622084	0.131074569914
-0.0769718650818	0.612700337775	0.955418477887	1.45697367229
0.667297874122	0.593574330687	-0.525443188257	0.805578297111
0.956566382854	-0.547422388306	0.673235443075	0.476075198604
-0.206072630823	0.308281885462	0.567818715988	0.476403788594
0.497793327689	0.473123761442	-0.288346561239	0.430036178435
-0.579687006935	-0.250896909849	-0.0223976959648	0.487599874219
-0.252387317659	0.285824470104	0.926332082043	1.1144203895
0.653271577002	0.964136675747	0.764349346933	2.37777400255
0.244496443814	0.904548275677	0.680392259	1.35931861847
0.403936916824	0.710282321562	0.709771489844	1.4579879932
-0.582034183611	0.87558445727	0.269774265428	0.13813201419
0.577801243335	-0.0137070393751	0.350620529498	0.444063118708
-0.898339192511	0.687394006146	0.403003114697	0.62893376434
0.394890593608	0.648119332404	-0.489982267036	0.334390451031
-0.782512625195	0.145947484905	0.867624971116	1.37752103192
0.593229319652	-0.288773942606	0.185457080303	0.16145101256
-0.753593642067	-0.48650565838	-0.508488356625	1.44047381989
-0.646927889795	0.817307850321	0.0210963889512	-0.0925362463966
-0.73060295345	0.531709118473	-0.308576379101	0.0764589304835
-0.683854822466	0.00538360181361	-0.743102232646	1.01217617778
-0.93254293896	0.869741845872	0.45938063424	0.669137843814
-0.0112419594795	0.259125295356	0.435921445798	0.300199085883
0.189992032453	0.401205181747	0.36697142621	0.394221625709
0.775720910891	-0.989651174148	0.262518944296	-0.356836164026
0.166078527328	-0.430395818695	-0.5029669125	0.425553144654
-0.933223289358	-0.53030561573	0.133008844583	1.31295527439
-0.73223049877	0.683685964106	0.0281898009438	0.0556134249433
-0.318714133821	-0.400157630341	-0.301824889038	0.440990387662
0.79234556363	0.333911111179	0.466655712093	1.26597356079
-0.0664502647127	0.726529970387	0.394456239092	0.398317533092
0.708494241729	0.967502635124	0.683872262873	2.31676362475
-0.868003121389	-0.781973934598	-0.671999311054	2.40925425419
-0.482719689759	-0.915863960257	-0.294651425196	1.03180394918
-0.31149875636	-0.941026490564	-0.714192050918	1.57230398158
0.268021522261	0.924240368592	0.584943007594	1.20233811
0.172495086419	-0.0459093702242	0.0713122960786	0.0236469550243
-0.197801066321	0.431187511299	-0.795251475691	0.243358317247
0.65984638696	0.83645969057	-0.478194157289	0.816011674272
0.540264214068	-0.680322904396	0.0144118979898	-0.0852657397482
-0.562576691419	-0.742857280148	-0.821024929872	2.0183930064
-0.830674897924	-0.743844065603	0.222668557818	1.19186398062
0.855624756981	-0.392957336622	-0.962505662573	1.70051051124
-0.438008045035	-0.875398041702	-0.792605193518	1.89735045943
-0.148819177267	0.343384814651	0.372149804494	0.237330970543
-0.340274185709	-0.862594772192	0.775287175514	0.341616795134
0.410572568943	0.374251112274	-0.483478577129	0.375036214256
0.510793852006	0.00970277989881	-0.815589331191	0.923138952951
-0.4167870835	-0.458028690471	0.00474909483082	0.362459247249
0.245509439653	0.0978936475049	0.983612089885	1.14809081808
0.650902125756	-0.360311596697	0.767442865766	0.501595980966
0.76539169146	-0.529682330425	0.675853537695	0.279200314078
-0.801036763858	-0.194618714373	0.802531249968	1.28542544926
-0.735974786889	-0.0351207949497	-0.650147249741	1.01303204111
-0.535518425734	-0.0991612369571	0.678004907467	0.732341503072
-0.224286753345	0.921696459308	0.697814627586	0.973698767272
0.780848494959	0.239983738298	-0.0168257332827	0.793360515872
0.57644159622	-0.0549069483082	-0.0180249634735	0.301948859972
-0.397184517086	-0.576905501479	0.808392606749	0.57402593808
-0.196482857694	0.0788430872333	0.150242911077	0.0575327455517
0.561235686678	0.547514283596	0.363611046424	0.953565285593
-0.35120395814	-0.222313761499	0.597461503008	0.425558026693
0.247800942298	0.92343375996	-0.138206987211	0.181709236332
0.415318398323	0.363948131888	0.272640238186	0.497203332037
-0.725150013599	-0.859878522523	0.939720112675	1.22441221262
0.11090367643	-0.391889976184	0.66134549446	0.1470407793
-0.639571284735	0.969402975424	-0.467731033156	-0.445598414023
0.0428106130971	-0.0267729723426	-0.875893433756	0.791326159207
0.229913719554	0.038991259257	0.474331009884	0.305309614203
-0.868539158801	0.276070131873	-0.44918404699	0.592342559246
0.884771608844	0.879117878507	0.284232418698	1.89130120831
-0.651729778652	0.108368762927	0.574416874348	0.74632814612
0.596612745329	-0.747374304176	0.729657622589	-0.102873379281
0.651494258453	-0.412678501894	-0.645536703951	0.838703850277
0.62788517608	-0.866949621306	-0.832916674017	1.26574195969
-0.273528487974	0.00252527658644	-0.425036860844	0.25371009609
0.954458758291	0.0497970668457	-0.63163052137	1.3260245361
0.820736887966	-0.324960764944	0.402809041105	0.438259741809
-0.50467332169	-0.244181305141	0.836628010038	0.873584459758
-0.677564477485	-0.995276425397	-0.313030585582	1.54299768204
0.869615891796	-0.190100398608	-0.924910303343	1.62220235817
0.114321569148	0.322480024763	-0.143725627826	0.0242442556956
-0.0961140210483	0.778634258421	-0.430995405304	-0.215430512859
-0.849644098258	-0.884518668945	0.375964152938	1.28222289274
-0.179068355223	0.956998664669	-0.58917437217	-0.356015347593
-0.352663543033	0.0399564590987	0.421039271352	0.304377694597
0.145173169815	-0.888172815733	0.273717021099	-0.276050623474
-0.469639665655	0.167287228446	-0.332228065551	0.196794672763
-0.953557503704	-0.248732091639	0.711635312416	1.4758705434
-0.528383540098	-0.218623784006	0.0325346643497	0.388652027342
0.825565151751	-0.924655893333	-0.609456549794	0.853169013473
-0.0202674485496	-0.0392638477764	0.250279605844	0.0540194882416
0.176986169959	0.826150577932	-0.0747637055609	0.121364864066
-0.859163664222	-0.295985764843	-0.472160673006	1.35515095526
0.0211779828609	0.351688410227	0.373795061239	0.279078696727
-0.334358919016	-0.338936803638	0.552483534937	0.343103482987
-0.421741578038	0.324945894208	-0.073095086157	0.0224137079325
0.465977947134	-0.60316267192	0.21637023911	-0.147615427607
0.0190290155728	-0.621329227316	0.272258427243	-0.106498647133
-0.677267401122	-0.574831848074	-0.947582184476	2.29061841909
-0.723930452101	0.442930205764	0.0687492781689	0.238602230545
-0.74729497319	0.992445391241	-0.852786767255	-0.302298701554
0.440811858878	0.600892309929	-0.957944983204	0.801232368156
0.350871565369	0.547240066416	0.479369981469	0.807247873752
-0.49464738236	0.475386659211	0.409231860597	0.371541349068
-0.744797334744	0.621953914446	0.564418385883	0.761103790837
-0.177712136827	-0.509268342583	0.223965395051	0.0581867816013
0.232531988858	0.375923766367	0.562098523868	0.66874637159
-0.273683207588	0.718419388435	-0.340556955876	-0.250400504277
-0.417445135538	-0.904268539346	0.164695413502	0.429938642379
-0.365425856717	-0.545502482447	-0.868814712722	1.56165635636
0.00912640651442	-0.249231960314	0.060710420201	-0.0136365228076
0.816599908026	0.940563382799	-0.974477140118	1.46794756292
-0.741869113384	-0.296143902985	0.210502735384	0.752042096093
0.855459110629	0.616207816126	-0.113949004837	1.20171898859
0.0515669068042	0.395549889097	0.172445037784	0.121004336772
0.0291607694491	0.77244673976	-0.653994528184	-0.0540916064571
0.496062337064	-0.415670673835	-0.5322475127	0.544406373368
0.374040523504	0.278270654546	0.301221642024	0.418546435638
0.230378443825	0.908494818728	-0.287993361111	0.0836715495879
0.309144365119	-0.365987150239	-0.687054345018	0.705924108084
-0.0429904238747	-0.0489669362262	0.386435031523	0.134362779933
0.760385417939	0.628051125819	-0.791073608999	1.18470968573
-0.973855810019	-0.335839738392	0.0637006244431	1.25811918768
0.421791013469	-0.319096371046	-0.148922726637	0.113014357451
0.504705181465	0.582319320942	0.800572909201	1.65573295454
-0.795422477719	0.48574609982	0.807011026147	1.28959280658
-0.679787161541	0.478278402724	0.864740060829	1.29834493505
-0.00590273973415	0.855940237835	-0.0759107997215	-0.064230208569
-0.0447061117464	0.400697002617	0.50668002553	0.443834847239
0.101890116265	0.956502970624	0.488730814327	0.81417007929
-0.771263178958	0.0398435776478	0.639154225098	0.998101321316
0.21664758217	-0.494657555595	0.0722017007739	-0.0907322197815
0.4489874734	-0.868304612218	-0.528349783356	0.549653904613
-0.743537779646	0.299751110573	0.893757971275	1.39668041025
-0.634097204352	-0.531211227201	-0.277400809451	0.963228452156
0.0905004814631	0.801156737987	0.303059769448	0.415339007824
-0.460212120795	0.45053800675	0.907092396075	1.23594835963
-0.740957113688	0.210217674043	0.0245934252574	0.399029972539
-0.275305726774	0.54477232051	0.258051951762	0.132984673952
-0.565714036786	0.717969791013	0.408030930563	0.373309904891
0.00929737135572	-0.560944932564	-0.478047416603	0.491558736156
0.58859139036	-0.637454089104	-0.890238905964	1.33125157679
0.100014835746	0.416513145972	-0.288428784684	0.0147172445862
-0.782137705757	-0.518354535718	0.338755862344	0.956323914627
-0.270083368699	-0.0452916972344	0.299456173094	0.161288681488
-0.0897870653642	0.928058642365	0.63479382784	0.916823157034
0.751395253265	0.278682256565	0.971760768271	1.98912682588
0.954030499214	-0.87796046099	0.67681887552	-0.0635632851562
0.144470279323	0.0596299893582	-0.964817499657	0.902827173234
-0.0528934983882	0.691204157775	-0.277443066775	-0.148557629833
0.0661682091807	0.160216377932	0.0506702175681	0.0256651323916
-0.104652175602	-0.45610046063	-0.836965941405	1.14093652183
0.158666758003	-0.356236537531	-0.603142430688	0.547294406446
0.799069152314	-0.757687433563	0.415910660139	-0.109081748531
-0.196563546246	-0.52776549812	-0.948245512161	1.54199750201
0.0294699765782	0.527790739937	0.572714711538	0.64669812245
-0.964436567728	-0.472837592095	0.660877328668	1.51043095637
0.389290224839	-0.689807989868	-0.494137837894	0.468043803198
0.650683623289	-0.156826701035	0.973399613319	1.11619636862
0.397345785437	0.126068206756	-0.146211317947	0.210921494671
0.899607930921	-0.11757612966	-0.0210410080717	0.70643865496
0.68424876592	0.525454339559	-0.465321930957	0.79975692857
-0.0283395750057	-0.997896616449	-0.559172877993	0.899754127964
-0.654160016326	-0.896727821924	-0.0200714303624	1.03293028594
-0.554332316032	0.390272680741	-0.269958916989	0.0584637842373
0.420105514484	0.897879323484	-0.415584007798	0.353258478201
-0.282686546935	-0.118597083015	0.752003408141	0.589761198926
-0.702269521984	0.837381260934	-0.92148153551	-0.0173880061746
0.260383944433	-0.181426423762	-0.680888501828	0.607699588463
0.787357382536	-0.00632199088464	0.0766031364422	0.62033773782
0.138907052383	-0.55162680579	-0.0132627854906	-0.0498376749308
0.402803999956	-0.122101996052	0.994094495723	0.979910834202
0.283747110799	-0.113965527657	0.000327737361045	0.0481377903338
0.351206568868	0.76353590512	0.25073005664	0.645811841502
-0.438683972949	-0.657570221041	0.882060581409	0.678923242969
0.52559545463	0.400647502576	0.471583947903	0.898159439092
-0.342200507604	-0.455613125271	-0.599402963054	0.905391999555
0.441021466891	0.311322103654	-0.0702041715717	0.314872180416
-0.0047434588294	-0.219013571965	0.603552864128	0.233151173419
-0.338612980047	-0.346599952096	0.747415044968	0.531597223583
-0.462400458489	-0.589175388436	0.239241750131	0.402530417696
0.101012041469	-0.150863167798	-0.195214345271	0.0625237310867
-0.830703570328	0.140339404166	0.970527429251	1.65161470973
0.461706021891	0.0620622765238	-0.964691694668	1.1125860805
0.0699670432443	-0.985909715142	-0.425897609614	0.537199564315
0.36646732265	-0.599569597755	-0.49345571175	0.453935215401
0.905513656536	-0.769455670055	0.15592919155	0.0275356770518
-0.0157439132961	0.291432732251	0.303673100071	0.176377212109
0.504890762257	-0.864343333947	0.609587677129	-0.336780191991
-0.0809417742535	0.931910544828	-0.678489412556	-0.240822477289
0.152386799082	-0.857855193479	0.855666958637	-0.109376470728
-0.612807742316	0.940672702104	0.181520184894	0.0027824745416
0.841866407633	0.376668713838	-0.177899264246	0.99048284645
0.505801842861	0.226706324527	-0.568650079364	0.564950324302
0.55007061379	-0.397234026941	-0.585305990111	0.659157472642
-0.418225913239	0.634625576856	-0.749842009747	-0.00410982534579
0.781802185712	0.805830308289	0.657035048483	2.20236836453
-0.176242320364	0.370078483735	-0.632552176944	0.131866170827
0.772595263176	-0.74727711894	-0.720073738166	1.07616149519
-0.390492751641	-0.825560191354	0.703547748774	0.389018280552
-0.845638315977	-0.0724575483558	-0.0526203107091	0.782958676426
0.625040534646	-0.128602414135	0.0928246423811	0.306972889395
-0.627092383093	0.529707062059	-0.252073369756	-0.00891446733073
-0.635737567694	-0.779481691531	0.978999417337	1.09503578693
0.512263827925	0.260733238692	0.923180775755	1.4889450946
0.334378625488	-0.902273283635	-0.0635877904484	-0.128474863632
0.990751383949	-0.539938561823	-0.15148907885	0.5513871638
0.4516075879	0.51276439917	-0.982834261067	0.897518472287
-0.170760011827	-0.312978782962	0.605710979913	0.259914348186
-0.968884599599	0.634666226671	0.722768823527	1.30493076868
0.414342815544	-0.453999678305	0.997338722464	0.525461531994
-0.169590600793	-0.100293507054	-0.205896302453	0.10881315762
-0.331609539083	0.582362372578	-0.779046906246	0.0700744459216
0.942819705985	-0.958053539117	0.327555791525	-0.220885946842
-0.381094461349	-0.246127102658	0.682169687382	0.536485697788
-0.195978435391	0.221279002947	0.632478223741	0.535024488598
-0.193552290627	-0.337661702167	-0.272160913917	0.268787565639
0.511373896555	0.936314307692	0.966710811694	2.57998491584
-0.77290574403	-0.179216681504	-0.0726349885559	0.754194134887
-0.197800050525	0.81642345824	0.469057478131	0.480600704898
-0.411527919175	0.840550099437	-0.127466986162	-0.267449160455
-0.362846996706	-0.00824387699294	-0.0138556251737	0.134955411445
0.289409035393	-0.518980206386	0.108302766947	-0.110917474165
-0.228227549624	0.880114747255	-0.520488241457	-0.335959985331
0.567204829753	-0.849649829222	-0.450338659104	0.425230904845
0.390237363356	-0.903796446404	0.682533658057	-0.351429242818
0.262748187078	0.10275240034	0.661506079532	0.601596247489
0.245312396086	0.573002209432	-0.137815791389	0.140767156027
0.234703699049	0.279250760274	0.270469970604	0.269309962667
0.492786855426	-0.979097834468	0.396021841088	-0.470558486514
0.8341643104	-0.834502631977	-0.697512976784	1.06831855196
-0.433700148889	-0.96062305686	0.501996885536	0.374489272303
-0.811471243392	0.270899793792	-0.286668663728	0.443178627222
0.667398737834	0.593389640418	0.871318390061	2.11767561535
0.620361025932	-0.0568149129237	0.809104748504	0.958283323045
-0.149566072653	0.861601210492	-0.0494302631144	-0.14664212278
-0.705631178245	0.881290889201	0.461548671261	0.495834846036
-0.967704058295	-0.0966211399857	0.970436500818	1.87793413485
0.398156504828	-0.955106015789	0.920420860975	-0.253678010707
