0.166374793114	0.551122897661	0.122001489209	0.201495707484
0.438235668424	0.866719102491	-0.519341819393	0.391470176076
-0.868226370496	0.177876746141	-0.320203342319	0.644953200523
-0.561502250137	0.773199967714	-0.446106749219	-0.264787237163
0.648707383367	-0.787263526209	0.816739854121	-0.0658079011134
0.882003724618	0.802971205886	-0.394490157729	1.32501241148
0.688028199603	0.679290587158	-0.916819440458	1.15852495351
0.993871710376	-0.216359199326	0.0652683570632	0.762886238153
-0.570475858387	0.806158257023	0.276098599528	0.164358483754
-0.481448430575	-0.564159853459	-0.138922451682	0.601080384909
-0.286482375635	-0.876928300014	-0.751662146303	1.55744644453
-0.480935282932	-0.332550469523	0.404028582151	0.420113201018
-0.934724266565	-0.454311421472	0.564972603812	1.36088590106
-0.984601277576	-0.176063641719	-0.325198617602	1.30580195616
-0.0406911041599	-0.237945514783	0.109947590523	-0.00273503168016
0.602824312288	0.928390589905	-0.93870576558	0.932736485258
0.725891511171	-0.578929044619	-0.212092740112	0.274448784743
-0.695776414542	-0.107097421002	0.980929470038	1.41578828739
0.301169644671	0.39515974876	-0.0981835975807	0.180555089075
0.711195576028	-0.805022210477	0.122132673695	-0.1501322123
-0.327127603561	-0.568184890215	0.164491315942	0.226477343257
-0.0105777113049	-0.154128130457	0.114764042815	-0.00277537099514
0.643329674403	-0.603902978765	-0.5894750505	0.728830937335
0.554435080806	-0.667192359623	0.419202346361	-0.166474586426
0.729792956878	-0.283377249153	-0.233447068925	0.446442161542
-0.627596575587	0.348490226432	-0.791090095972	0.525302562226
-0.228552014146	-0.664731354526	0.552922441817	0.142340056081
0.200086575313	0.505027846924	0.0937390679747	0.197211782486
-0.513160769055	-0.891463113337	0.906355288415	0.734295473359
-0.262015593958	-0.0163694759496	0.493164136436	0.308079256437
0.789494251419	0.984939685423	0.00588131635546	1.40673272442
0.902079007833	0.708684004483	-0.344912873057	1.32756615393
-0.399784983279	-0.126067739844	0.201973927666	0.225559093009
-0.951542489036	0.0342492703479	0.867483899526	1.65508247902
-0.260846586683	0.47522087898	-0.387061709262	-0.0900418413363
0.569954153886	0.125319358903	-0.00620469450117	0.395534956597
-0.0789895891514	0.286012518382	-0.102414225621	-0.0351557331033
0.555390313846	-0.99419089755	0.532317244477	-0.4895689042
-0.447064473349	0.419225623783	-0.848434600608	0.376601507449
0.397092622065	-0.142567058202	0.695756554637	0.485955441638
0.807489938368	0.828617927209	-0.367860883105	1.1516461464
-0.0613113032204	-0.960862670777	-0.505600834283	0.804115990068
0.655331628485	0.835599017909	-0.280254118296	0.821416313269
-0.425060792023	-0.380496558563	0.479463449949	0.389861852634
0.472141225322	-0.946293454015	0.579780395119	-0.436363900347
0.847414493145	0.11582359291	-0.898277075605	1.5191219407
-0.668586350629	-0.159445795868	-0.273825904045	0.672252005955
-0.246280684169	0.573608257392	0.411293754692	0.324469587872
0.45670212031	0.608982394166	0.58966173837	1.19349496022
0.767265111518	0.0254001080222	0.31965129907	0.71848049859
-0.534067983082	0.971645604649	-0.377352242045	-0.457954130603
0.15349739931	-0.0424667093932	-0.846760912421	0.770006114543
-0.364790281216	-0.451377636513	0.521127618577	0.334078766277
-0.974626439098	-0.603770915447	0.510139602427	1.49058275234
-0.549853087238	0.392268371394	-0.2327688945	0.0495219255983
-0.119513253981	0.602576037783	0.828684253179	1.12833046015
0.332722636686	0.312329024501	0.664958175519	0.864478402992
-0.718961055918	0.63560090947	-0.92888947586	0.332365361621
0.178853296658	0.153854450081	-0.773800438995	0.539220355702
-0.56592523516	0.444386605636	-0.223798044488	0.019414488873
0.819718644384	-0.0893167208522	-0.22446460167	0.669156874184
0.63276642828	-0.843706892271	0.379369170445	-0.309631460315
0.59885168508	0.882575948223	-0.561087018727	0.706772169524
-0.364680913211	0.583942233317	0.296743324797	0.181377142168
-0.619162617794	0.53349208688	0.475344064627	0.532588266988
0.953935123662	-0.870248895597	0.943017511053	0.148453310948
-0.354929232057	-0.811090356059	0.215220369745	0.2856110782
-0.347143707553	-0.437328850844	0.103991876686	0.237660374884
-0.312761831667	0.919377654627	-0.643013630307	-0.367432110471
-0.231607292207	-0.115714695785	-0.954705891065	1.10237914535
0.759334603159	-0.465319969954	-0.933550129914	1.52917084829
-0.280389191424	-0.717164637995	0.581205480861	0.200683104333
-0.285260219265	-0.723678353309	0.0976542305968	0.2266761344
0.262717567136	-0.230335569308	-0.0467300065169	0.0214545958522
0.520229947915	0.285680942904	-0.899998712942	0.972144183127
0.787952606071	0.633571875396	-0.540785068272	1.06991619994
0.988644083343	-0.475939626106	0.61834866042	0.59494066375
-0.689332230408	0.667828428406	-0.324706161817	-0.0965906504217
0.501192149462	0.662112603988	0.938267416677	2.08462363755
0.40773615504	0.474941733388	-0.099653962575	0.322500774898
-0.201397448919	-0.674559231248	0.320429032869	0.0629418437732
0.0608406972263	0.0697685308672	0.233876060594	0.0789615573727
-0.402742335336	0.85328155242	0.289395913995	0.149234973345
-0.922992050827	0.128319003642	-0.865828231697	1.37203321635
0.777016686886	0.445110142831	0.665506710281	1.68873590848
0.336086956763	-0.399738596742	-0.0919979142581	0.0238462474031
-0.333829285497	0.410771412723	-0.755348908666	0.234590700156
-0.236213327272	0.376916107132	-0.696500508791	0.18935482657
-0.0677763827562	0.332429460616	-0.616198641099	0.156920955097
0.702225321238	-0.0850529519809	0.189244197926	0.45311165403
-0.573449895194	0.0507889477404	0.903752797765	1.16238963862
0.260407019285	0.848934509367	0.196540666169	0.494358708307
0.563708349294	0.325003462948	0.768957077848	1.34218296941
0.418973039886	-0.286150487771	-0.0492405991098	0.0721639264792
-0.568694040171	0.831060980726	0.58550947444	0.680208907281
-0.415840997096	-0.57083239117	0.817563512376	0.612017607651
-0.641664747747	0.179054193964	0.472278793928	0.604451642265
0.802438473454	0.997633710847	-0.683725718837	1.22982020819
0.274675491224	-0.355153803434	-0.193885364081	0.0843452389491
-0.99382205901	0.59334204417	-0.537220145377	0.367856058312
0.992654788657	0.991776277009	0.95557422523	3.83069294752
-0.673511040305	-0.792558159211	0.305418331618	0.838632358317
0.480618812738	-0.737215401706	0.613960545143	-0.19899876687
-0.674569435269	-0.845549653065	0.352613790074	0.851609892047
0.0441449314057	-0.476215823568	-0.496784841593	0.464298241416
0.0226076728198	0.522850214481	-0.638419907672	0.0861135263099
-0.43129965395	-0.0140008821985	-0.119276337263	0.207954785722
-0.0161577042368	-0.704314106106	0.246506460826	-0.101211371955
-0.737741994362	-0.132616253864	0.340063103536	0.712644849373
0.874361541377	0.191133789924	-0.814035051324	1.4386916005
0.984345677657	0.821142031824	-0.496058510847	1.61596357558
0.650289276655	-0.244149945982	-0.774001728627	1.05215920772
0.427070649391	-0.512443895515	-0.964752787749	1.38866921057
0.649335512566	-0.537865779273	-0.886276634888	1.33456540283
0.351237918816	-0.978089748932	0.0607137975267	-0.275871509985
-0.164377248702	-0.256598558314	0.634555729165	0.30903373307
0.75046459251	0.23095115567	0.753735397992	1.47871088096
-0.999353949051	0.771353552849	0.79018435037	1.46175590996
0.0453034582305	0.587651537999	0.670275204596	0.871832154993
-0.906646129317	-0.128167368096	-0.178238578629	0.992823012421
0.16962785103	-0.937045197359	0.555373048143	-0.342145780202
0.496171309564	0.261028117197	-0.673947349046	0.653986452852
-0.958990223693	-0.603044925139	0.279241329878	1.40755709024
0.792165322704	0.480675985853	0.255765953926	1.19665752118
-0.617539368784	0.47076787561	0.338000327192	0.364001092421
-0.874388020292	0.119336419734	-0.955881473743	1.45984599331
0.256691286355	0.00551021725528	-0.37194331651	0.203597183462
-0.255892750686	0.130147602045	0.223135994796	0.111007558798
0.332033424725	-0.925340972369	-0.0392047000885	-0.159183213149
-0.327172588279	-0.274510956156	-0.368770391825	0.434077477306
-0.0975125194509	-0.796510981874	0.879565840473	0.160230700571
-0.68493006321	-0.0475321973444	-0.81559857605	1.20565365214
-0.0309279155353	0.991193385925	-0.262907997911	-0.22117106263
0.762534982452	0.773267938574	0.419376012557	1.67126971806
0.227113102335	0.554501333389	0.326718631199	0.465425859944
-0.266577542536	-0.00204735339088	0.784076893017	0.684780656297
0.877150950301	0.0221130054772	-0.412844642803	0.950101696626
-0.292753207358	-0.229981519302	0.0264171491587	0.147654677498
-0.744440565401	0.0334905601869	-0.10659014458	0.537051719122
0.455968192135	-0.86978425848	-0.560697710345	0.613381000962
-0.792092558444	-0.113251029119	-0.325696963196	0.860079946642
0.134973649654	0.818840486256	0.243515231987	0.387439574197
-0.517465123771	-0.331171051569	-0.20053650098	0.545766395642
-0.403324526057	0.754663093261	-0.956457556963	0.0513043786578
0.62200090638	-0.131925519119	0.985622367618	1.14625004412
0.866977898296	0.795488635742	0.316991711544	1.79396879101
-0.55830833126	0.131042796055	-0.295551460761	0.287166684128
0.528906222837	0.837914942173	0.571147226887	1.52770217005
-0.72447722407	0.921490687915	0.0639782228182	-0.0796832178395
0.965827061884	0.0429108316661	-0.908135281364	1.76000720501
0.78822481316	-0.599889975852	-0.721604937342	1.10204744598
0.153511396814	0.170905562734	-0.0662901614613	0.0428667287688
0.863872825576	0.476040437766	-0.972256995946	1.63996467703
-0.0277541499767	0.537615279118	0.467017830078	0.455030812436
-0.959572397052	-0.342798566007	0.397793646708	1.27159592058
0.00529109711877	0.79926421435	-0.948969030505	0.146322214539
-0.183086998064	0.00440587987936	0.147188958825	0.0550272760114
0.562708185629	-0.856069878979	0.28659008247	-0.328284288044
0.0343167062602	-0.354677136176	0.257623882158	-0.035996950847
0.216485713738	-0.526417940951	-0.126342277798	0.0153753134742
0.106163943239	0.525551657058	0.805594786133	1.13943005335
0.982835474488	0.0671720009991	0.265695261203	1.12042584956
0.268157142433	0.232062555585	0.748405411481	0.867925017145
0.660905001992	-0.899950642304	0.734428528309	-0.279550621971
-0.700218065398	0.80118911436	0.48290059388	0.549385930138
-0.812662211348	-0.494489637477	-0.810344619152	2.11963833078
-0.210597279277	-0.462336429434	-0.903877019312	1.37660694798
0.295447892339	0.503278063133	0.604045811167	0.904856247978
-0.965626081885	0.452748487993	0.145175118652	0.582051612016
0.474302212	-0.778908713867	0.647306130209	-0.229662696779
-0.0705861354262	0.53304088514	0.579704365764	0.612420386341
-0.399820678525	0.961226182389	0.909602760643	1.47724964179
-0.133795417889	-0.14939341381	-0.247194726324	0.135923864842
-0.444427061853	0.186777510131	-0.901712077452	0.759171567202
0.157081381485	0.186749947652	-0.320600807572	0.096922193963
-0.0838259732919	0.388454361365	0.942517910543	1.22892943359
0.730579493991	-0.970332912558	0.112405893178	-0.271594984114
-0.414198100735	-0.673895961708	0.177381547432	0.362613998959
0.407909008361	0.324192184587	-0.685246189962	0.546041553189
0.0887021067016	0.34732888673	-0.558960260187	0.156970395276
-0.379565158219	-0.805612315943	0.328053520464	0.293187231412
0.514983337623	-0.886952748416	0.648801642299	-0.346070877428
-0.810079885256	-0.0462344990451	-0.904549301355	1.55371388057
-0.121795805142	-0.184754946057	0.0789995596996	0.0289819666009
-0.575085549277	-0.238341764582	0.922692097049	1.09923493697
-0.557058477871	-0.372626492029	-0.226055705887	0.653224421085
-0.0981006509458	-0.467402715141	0.267730442024	0.00201790238365
-0.448645543146	-0.470935989193	0.2594053404	0.357693976089
-0.616266920541	-0.458339923904	-0.538050856847	1.19835356416
0.951392160697	0.0385237600939	0.72161495124	1.4903257059
0.296863548961	-0.333227054659	-0.646441379416	0.62250321454
0.0116647905055	-0.29354004553	-0.688674288209	0.673137741357
0.126154194525	0.293251068883	0.160840807935	0.125946237529
-0.104904470168	-0.157980689513	0.35365722314	0.0967802479077
0.31765038916	-0.276829541238	-0.616198748442	0.563249672652
-0.00398351167977	0.725630898831	-0.422489641698	-0.130948731906
-0.664413036559	0.79097430367	0.644204081267	0.840458817131
0.976435195112	0.51234440878	-0.636114344334	1.53242863441
0.315596958083	-0.620479501511	-0.977241031022	1.46513805722
0.152591242534	0.718877699562	-0.267914193612	0.0121590046592
-0.784695477989	-0.631231963766	0.98940343489	1.46544794451
-0.694396780877	-0.947897932788	0.81273221992	1.03055063255
-0.521483396162	0.0451089765686	-0.361283178143	0.362649770565
-0.605842349573	0.639050072817	-0.685260671884	0.0115476610914
0.169779802201	0.766912782605	-0.534371464757	0.0347680371369
-0.986742731732	0.555261610205	-0.578915707639	0.4394545891
-0.488044658896	-0.870577009909	0.997342079724	0.789496187285
0.815583861775	0.4956024722	0.055194757439	1.09978353326
-0.0422803411139	0.158328622317	0.69719666179	0.591562811241
-0.950890992856	-0.418839754779	-0.221426951162	1.44423693519
-0.937378688362	-0.0639970278836	-0.79041417964	1.61400698912
-0.751678603043	-0.0811081161166	0.467723705768	0.806817233989
-0.817870710258	-0.639067178678	-0.219641132288	1.38019449175
0.555602236437	-0.803998298139	-0.554613029037	0.615494136045
0.227273343709	-0.0961458967496	-0.236760735594	0.10862099248
0.789783346305	0.355088806995	-0.553471923439	1.01400044536
-0.156779766462	-0.832272219521	-0.385215722943	0.624058837311
0.888739731261	-0.15921551695	0.211217942509	0.659340999509
0.56132467738	0.728950993183	-0.334930676041	0.592294083317
-0.520217789149	-0.70196522302	0.497734266931	0.534148599312
-0.0711791542514	0.214295512413	-0.268030873415	0.00421583440919
-0.613889811125	-0.00295549024043	0.274782376342	0.453368283265
-0.219812625358	0.727747221604	0.327215263152	0.233549389953
-0.393796103614	-0.78553930588	-0.819030415222	1.77860909404
-0.590493704709	0.113471698823	-0.968736666927	1.11020502602
0.839809704263	0.221643201737	-0.379605463399	0.951381788614
-0.916095397044	0.122098945714	-0.485977389253	0.90421319033
0.854049528403	-0.327796695249	0.00124376246951	0.449039829694
0.641053194948	-0.970356345002	0.184339686882	-0.355994901091
0.331967887759	0.387634875192	0.277799377084	0.423742230015
-0.329851675201	0.357434601329	-0.887759741336	0.461703034727
0.203507725611	-0.610446083784	-0.449174674381	0.393139709281
0.304338128837	-0.788498125786	-0.993704047106	1.62363316443
-0.558346834506	0.311762809126	-0.712289259767	0.422970099055
0.223564842053	0.343973983433	0.673036548475	0.811366986036
-0.712464580677	-0.0898222800212	0.3827967763	0.683750664504
0.564244104984	-0.291022416912	0.752460274171	0.501377383435
0.723883348759	-0.727793544792	-0.597424103575	0.788886439819
-0.99725516421	0.857546877744	-0.238039829339	-0.00814254191541
0.534119435966	0.227552251608	-0.626482802245	0.656746781422
-0.859537811604	-0.498488404522	-0.319522906657	1.42864823374
-0.281841818897	0.864196352335	-0.856351326291	-0.170849959404
0.440186107333	-0.426399265166	-0.614280189233	0.645337548564
0.318854819302	0.321325331961	-0.617614894086	0.387117372982
-0.464032825562	0.582650766659	-0.628012769104	-0.0265547016018
0.835436135389	-0.411960400225	0.27323233947	0.315881939026
0.947905661101	-0.947152512226	-0.0474435771333	0.0479011103643
0.284283917746	0.232940583099	-0.0282461022148	0.141256786225
-0.341736083087	0.893386308188	0.839455563835	1.26612496356
-0.759248223136	0.503541271353	-0.236604736314	0.1309866003
0.72373257702	-0.462077343779	0.776462962868	0.433477205524
-0.264396518143	-0.991192539002	0.680052362436	0.120381762806
-0.544355729332	0.905009206979	-0.856635024305	-0.237762806011
0.260937245229	0.519256042092	-0.786594439178	0.413868383666
-0.832382019481	0.82268508889	-0.0860056930805	-0.0552870713468
0.389991653996	0.135553099723	-0.0727879381917	0.200389521054
-0.824310858696	-0.324864533932	-0.309221127629	1.14335043797
-0.571240283907	0.158817605788	-0.590752255563	0.490758816348
0.84306130577	0.516776238306	0.289358441051	1.37968828964
-0.687730285465	-0.056106511201	-0.117900415623	0.532074581504
-0.0723633266374	-0.815720604662	-0.954878479132	1.75497166789
0.906001911614	-0.881611321986	-0.926872876004	1.69833287063
0.915974087763	-0.641275914696	0.777473798023	0.357506694118
-0.235830709812	-0.718558130179	0.681029810884	0.19951629338
-0.652610531076	0.098900831124	-0.499852984044	0.561773911444
0.604991766297	-0.724502518288	0.127675127784	-0.148503034286
0.0959960051203	-0.664894690791	0.467713572894	-0.146836286302
0.344348412258	-0.911174699453	0.272992408518	-0.369404652698
0.417766188852	-0.0156737256086	0.536072047469	0.446951629834
0.303542180112	0.741826255179	0.543527185001	1.01593795094
-0.279005413942	-0.893350979487	-0.345451604323	0.755040120852
-0.283114839956	0.620921970595	0.577352828329	0.596189132547
0.130491411105	0.446053268191	-0.734837914154	0.287444035646
-0.313618794127	0.812959635703	0.638557992707	0.770275510584
0.510437738549	0.819319965389	-0.128349104887	0.590073023767
-0.227550031482	0.977109637052	0.389295476262	0.361373017508
-0.458180111073	0.171272101623	0.0157103622968	0.134393105889
0.139234360816	0.849726064207	0.431132863766	0.689917650348
-0.258229770495	-0.454622936754	-0.00541382945599	0.186570351585
-0.0707575721319	0.0478509578196	-0.893256360412	0.756784569407
-0.456398598786	-0.803893758644	-0.988972857513	2.34829208651
-0.813371259475	-0.897385268379	-0.166445978368	1.5685506244
0.656320440096	0.948373076353	0.355130947271	1.51610777362
0.308395519301	0.856434551659	0.511567931721	1.05905457564
-0.512704788662	0.28151614614	-0.99539878399	0.829129433732
-0.600717271691	0.130224398732	-0.449616611473	0.426237239418
0.703736568039	0.783134528297	-0.300260137905	0.901377631402
-0.225331967541	0.464086517876	-0.0510517437263	-0.0748851780262
0.988294972014	-0.0439258258766	0.253855425344	0.986607046618
0.617766699195	0.138623916866	0.21257470428	0.541928877219
-0.95991645786	-0.53732352549	-0.607486178189	2.13268137302
-0.42218538754	0.568567502661	0.88608559624	1.22714676846
-0.571784879233	0.52459668661	-0.000559766853263	0.0266881565224
-0.412244551838	0.075757285409	-0.776106889704	0.682261195442
-0.405412030113	-0.62805623934	-0.753251750292	1.45945313006
-0.312800010264	0.164575556063	-0.0279816723759	0.0425424854936
-0.679177663034	0.0439003607318	-0.972559204519	1.33464185994
0.704380506038	0.642038313543	0.475199698334	1.47930233569
-0.73145374845	0.840718421422	-0.86267002325	-0.0609850657588
-0.731723921007	-0.695151651462	-0.822897785022	2.29327850751
0.413508614498	0.899368366136	-0.0116674200345	0.532528761465
0.865931793242	0.514723913363	0.112635241432	1.26621642173
0.197912190666	-0.749853213552	0.679950199049	-0.156766425584
0.530154426238	-0.272428759547	0.958211742078	0.793759709329
-0.150473015752	-0.833908451961	-0.762296323313	1.36490387954
-0.247577299751	0.468208508675	0.390617129729	0.280848726865
0.982885192246	0.950359970877	0.473786632079	2.57489966642
-0.0517492269012	-0.619409005985	0.231159033493	-0.0550155687146
0.852924708562	-0.487469312439	0.598187009808	0.377935825553
-0.516915653754	-0.38027661603	-0.383770488396	0.756991459102
0.846295133559	0.663185760557	-0.0331699709515	1.25656872945
0.330065616774	-0.0228333134776	-0.669319703567	0.564678471871
0.0286093534143	0.628707977448	0.132378333176	0.119556761028
0.187765089228	0.878490545696	-0.118363418975	0.110234338858
0.143906017348	-0.811156707614	-0.684659105492	0.928102527172
0.63982903126	-0.918697816884	0.778470007799	-0.287591488587
-0.71934267683	0.217635907311	0.793965092741	1.16407497239
0.472532351659	0.152473495505	0.90503975596	1.25242701779
0.769722829067	-0.0977309563177	-0.514758339272	0.832531458023
-0.413417489194	-0.950269573316	-0.986984205965	2.47581096452
-0.263421626634	-0.638126240967	0.543841039821	0.186211043941
-0.25895244258	0.462258726326	0.904133860731	1.18275514624
-0.136824363308	0.937962574566	0.256592512982	0.196898666132
0.178773042784	0.487597101181	-0.0281164166032	0.106210067909
0.319689310542	0.915728528989	0.352327496149	0.841720881665
0.49863217736	-0.834500484797	-0.891224763582	1.37053433105
0.519158879659	0.423137612737	-0.499479009028	0.527332516267
-0.611530413735	0.685118884703	0.465377802324	0.490414031693
-0.886280186291	-0.0814026117398	0.966873220027	1.71377590878
0.363232145594	-0.010510048826	0.763461121842	0.702968874904
0.940296382651	-0.0550673137584	-0.736740533641	1.41573462733
-0.884236998482	0.948590944159	-0.290462493674	-0.248065770651
-0.120451738298	-0.296895683878	-0.603231659156	0.593255533065
0.219237851739	0.166042362862	-0.910282945942	0.761937517022
-0.406283428523	0.814382142388	-0.498325390472	-0.323302848955
0.154611422564	-0.776709433992	-0.250167070963	0.160707228964
-0.631799834752	-0.548559272258	0.931353601614	1.10226756608
0.930612687243	0.19901399412	0.722457963723	1.71696967581
0.657897163647	0.929419715904	0.00617907462109	1.05007240761
0.926724242533	-0.68406586849	-0.0863447275238	0.291398290874
0.973282301218	-0.949903045411	0.547550916813	-0.197553661003
-0.907094297489	-0.360867777233	-0.864611004349	2.20972360756
0.903868216925	-0.401098771406	-0.643569867063	1.12675457903
0.349723024065	0.814105741678	-0.125062099012	0.320844471186
0.133801279505	0.130782690776	-0.893355149174	0.716649706088
-0.0321920204771	0.7516172135	0.259062405831	0.238669343163
0.505854223091	-0.702480125072	0.0661400667117	-0.141551616798
0.220687805053	-0.84835711911	0.228946234776	-0.280330752966
-0.55132965926	-0.0989855957634	0.531784280045	0.588693624689
0.79825431096	-0.477812655301	-0.62798861652	0.950224543878
-0.798240018623	-0.891359095807	-0.603717806198	2.25131017594
0.16858744682	0.9698032928	0.159043944328	0.371454705413
0.700353201031	0.104719053748	-0.123541674399	0.566160308768
-0.16255174549	-0.453485739379	0.709431913901	0.2817143529
-0.593371689799	-0.683440498353	0.0912097638696	0.703606980191
0.115167723469	0.767262672724	-0.997779919156	0.331632979358
0.0911847049805	0.48878140691	-0.27616943988	-0.005832889035
0.101814547129	-0.576815561948	0.231450220592	-0.128296897651
-0.628950369651	0.606503555347	-0.35453320666	-0.0752139235499
-0.689380749255	-0.228229559346	0.837945389873	1.14349145139
0.781869419055	-0.148968385886	-0.350102766835	0.669572154539
-0.0606406429152	-0.515000120191	0.385091079361	-0.0151195867891
0.685382199689	-0.937953576064	0.707533700352	-0.336137752816
-0.422348003257	0.445262128129	-0.92012224955	0.427251628257
0.799723395201	0.435298794573	-0.10412176303	0.953193402355
0.792510401023	0.046748206694	0.155527224243	0.69658051207
0.182975390604	0.316349691348	0.951129243126	1.29690048153
-0.98975504694	-0.354747521217	0.992792543894	1.96417454364
0.545172180402	0.752020683549	0.915720359661	2.23437788995
-0.993811703024	0.573988010248	-0.0483622612667	0.391805249286
-0.390889762023	-0.487064706644	0.0515592004817	0.320729097622
0.32056579342	-0.42531633005	-0.775302144662	0.897262639479
-0.96663670451	-0.35300276388	0.229896593926	1.2473102577
0.987889437175	-0.0932816007294	0.319270391978	0.955925162002
-0.482029888325	0.0387306157116	0.816052822737	0.911231936647
0.961501720096	-0.702946048863	-0.524842323526	0.892997024794
0.381871096964	0.115495852756	0.519500210909	0.519810651683
0.167039548575	-0.436086395663	0.0899264521946	-0.0760703994911
-0.806994397745	-0.101513990544	0.745550398492	1.21332278024
-0.813108722106	-0.558992238383	0.819572859873	1.32923206377
-0.0289756632272	0.0520712643815	0.84665036776	0.760233790006
0.859742338451	0.847965143591	-0.624288764167	1.32854977352
0.528150414808	0.0495492094744	0.921261250256	1.19948235409
0.138853037912	-0.549760963249	0.0495257431477	-0.0818303347593
-0.67276552588	-0.0759329675487	-0.851240423412	1.29294600555
0.413699611577	0.507772208743	0.26550248932	0.58651889141
0.035120308938	-0.324061527323	0.861219846184	0.452463699891
-0.167896433428	-0.919439360904	0.141607239441	0.0724131423377
0.993626145073	-0.637892911246	-0.886629457133	1.70515228166
-0.127562658835	0.361342809636	0.325809002934	0.194058629298
0.88515809296	-0.645836826666	-0.528238987867	0.832029775625
-0.0365254977884	-0.20489787211	-0.732591468293	0.695614801159
0.313489843652	0.568558340641	-0.14502535278	0.215090126409
-0.241070129296	0.988041206188	-0.979845935921	-0.188102516352
0.590307796897	0.256812246709	0.994733645498	1.74501637451
-0.211300606197	-0.154074404918	-0.62108993375	0.558650729086
0.505325758603	0.799921699054	-0.240427514737	0.525057365461
-0.211052909793	0.776062431808	0.25738799818	0.14675083371
-0.839342525465	-0.0462289708612	0.143837397957	0.757337558378
-0.374408267361	0.818959218523	-0.95142185891	-0.0404156998254
-0.777475565588	0.158541877398	0.515508987805	0.828685098537
0.690856897718	0.0731531863797	-0.782246725451	1.0825077355
-0.732961305054	0.65157741449	0.247692111514	0.282393210354
0.306430952005	-0.240794887731	0.17291299733	0.0083752605277
-0.292474085972	0.628778180724	0.668825801063	0.769510789861
-0.150995956603	0.136037672289	0.162757375382	0.0508897381851
-0.419722144317	-0.294849844474	0.813138066494	0.721361570144
0.386587138613	0.405669387573	0.96239264211	1.62288901482
0.779071324342	0.0694004527317	0.672193500443	1.15951466632
-0.213498533259	0.956360271252	-0.0566279078564	-0.209549852846
0.200048660688	-0.469960777016	-0.101842637492	0.00423841048578
-0.767788001064	0.33208359532	0.930299993977	1.50892406026
0.71663593178	-0.222257255947	-0.788597435235	1.15144693987
-0.0413726312001	-0.673813540384	0.181603895811	-0.0597980552939
-0.482875509553	-0.00464819654108	-0.834639352055	0.935915673748
-0.387407384575	-0.867346998699	0.246229399062	0.333163700602
0.849148972072	0.818415889887	-0.748534404674	1.36370229246
-0.844481939437	0.889968996355	0.0288775659942	-0.0118789458025
-0.967464405928	-0.974314392269	-0.565746209546	2.74988531939
0.376763937418	-0.749071299962	0.324780282631	-0.278073344368
-0.938473949601	0.554896605223	0.870337642695	1.60041236098
-0.71711895252	-0.057593053271	-0.516542318521	0.852125878188
0.475556218091	0.244290797165	0.0854206224307	0.370491878863
0.962260409858	0.911366419811	0.488771909593	2.487265206
-0.243509845794	-0.945748806271	0.433209098567	0.0675593262196
-0.278704465285	-0.403798212931	-0.272810870243	0.374802856783
-0.560304017602	-0.491235054876	-0.284192529809	0.809552293949
0.964707911253	-0.551807792555	-0.356102467187	0.721637094545
0.467832647457	-0.010999346315	0.998532045016	1.19980457787
-0.814102909253	-0.766667005709	-0.540545048613	1.99351639008
-0.535782677048	-0.864113565672	0.43300995246	0.563368001451
0.421666923751	0.616112065895	-0.847636830685	0.63384599195
-0.603361876843	0.663871929949	0.457586277421	0.476654427184
-0.0615750843505	0.564848027999	-0.0129209171546	-0.0381204784311
0.853732574252	-0.717081387906	0.118392789866	0.045783155711
-0.985026361302	0.415769685478	-0.246135613315	0.518979845643
-0.180661668365	0.430685954556	-0.00486522697613	-0.0472415191658
0.906883374097	0.914636883437	0.327577209052	2.0588274626
-0.0965585588805	0.944039456673	0.793145720868	1.29600945575
-0.0801154758247	0.121988243545	-0.345432309114	0.0738301428174
0.0123216894799	-0.864215055617	0.834614312166	-0.0352019696625
0.738837917816	0.923527999535	0.204659343953	1.4591130546
0.7060590316	0.0778593769377	0.597968280484	0.957616174598
-0.735020489994	0.094924968705	0.561847978319	0.839489876201
-0.403550967033	0.854985333904	0.664550574307	0.82763168518
0.0938832879312	0.568956454727	-0.0267509656736	0.0477250539865
0.54578345771	0.866771179722	-0.907991011832	0.808376191287
0.0732966663761	0.199960062319	0.080770287726	0.0427034784248
-0.828499332761	-0.505810582852	-0.809794051673	2.17084368217
-0.671449429711	-0.352471614051	0.374113447582	0.695607701858
-0.17672436665	-0.0890642040211	0.586981377455	0.339239425136
0.312694765727	-0.641441344061	-0.203860380546	0.0695261969593
-0.125916774989	-0.42916788688	-0.163757309518	0.166990305376
0.92868058499	0.22359186768	0.428707897626	1.34973911642
-0.88719489353	0.305897768163	-0.302558844182	0.514713620269
-0.090597162596	-0.942352743546	0.481691116987	-0.12831428285
0.249423545503	-0.856651362876	0.761573165914	-0.223865918607
-0.826378847616	-0.641978785035	0.803297855711	1.34300695192
-0.89318190297	-0.525358536191	-0.371611620179	1.60033918195
-0.186100116153	-0.0724931164498	0.95569085494	0.892188232403
-0.686200109672	-0.606174252616	0.407510038318	0.805869767559
0.814766250064	-0.569756031087	-0.423445181654	0.620192325291
-0.952297282134	-0.134730033514	0.131306799877	1.03472366444
-0.650345148478	0.461281177936	-0.326396387867	0.078930927737
0.56331653033	0.98735860206	-0.0198229545162	0.854341520112
-0.551540493121	-0.0804904414714	-0.815469647915	1.07921891197
0.130124904658	0.449079222343	0.668703920109	0.822834850994
-0.139541162593	0.615055644285	-0.888841434397	0.176998310795
-0.00152056343855	0.0572997293231	-0.184564526576	0.0234037512944
-0.00587454591858	-0.201479983648	0.107104453439	-0.00888992587571
0.615961214405	0.652874324976	0.867772909881	2.10112995561
0.685970492649	-0.146496201961	-0.412677019668	0.600821383534
-0.866880961915	0.909733420177	-0.458224544658	-0.244040429133
0.783216329774	-0.925719251016	-0.435294847987	0.480831810376
0.718029125425	-0.18046944755	-0.293415655462	0.525028813482
0.388115396028	0.733259606447	0.2763447946	0.714221824015
-0.584428787382	0.181424222825	-0.184996441648	0.236188316744
0.25905178671	0.0955033907408	0.410462778666	0.299528432011
-0.146640064807	-0.56191871291	0.192612852051	0.0327700499451
-0.112053012713	0.25804670943	-0.0943569237589	-0.031804298181
0.527385472381	-0.536247130016	0.652101141398	0.0708750235594
0.0628330890271	-0.714278416752	0.918660427025	0.146825342561
-0.792400700373	-0.754758088672	0.594323297828	1.13061957405
-0.17442452942	0.232395981545	-0.953371597163	0.677246030921
0.900255237814	0.886834536064	-0.45675361392	1.41239591391
-0.0875824033682	-0.261804490667	-0.340711163811	0.235883953737
-0.587329384093	0.087496949424	-0.0288983898812	0.291872871984
0.819344959907	-0.0667544739363	0.564004830696	0.897082824832
0.191189102429	0.899957964566	0.375135146812	0.686947669893
-0.312683856508	-0.758817150477	0.367554546457	0.191230718151
0.159433006866	0.421410825809	-0.664113535471	0.253787833345
-0.955009803087	0.31882959008	0.175554145716	0.694349454346
-0.675129911104	0.765573522658	-0.497200338452	-0.194496425448
-0.584863938367	0.659941596267	0.725418162862	0.961054916687
-0.382390815173	-0.776306498506	0.210884171296	0.323836591411
-0.604066420748	-0.839329012923	0.0359772457986	0.843004329352
0.559249041738	-0.117855647042	0.119567848196	0.247053557221
0.898960137343	0.438932807978	-0.279468473111	1.15814717169
0.176103515179	-0.838475531401	-0.549337739902	0.64573216545
0.640863200547	0.719726691436	0.867108924301	2.24791131661
-0.598104660471	-0.197070056115	-0.388958854188	0.703538837351
0.69485105175	0.674813549952	0.901033866175	2.37160477889
0.63217610917	-0.825973073135	-0.47527652175	0.495939570737
-0.227091765855	0.766329953935	-0.328836339236	-0.266320351044
0.536561760817	0.561077267433	-0.3710043086	0.518433243064
-0.976392769138	0.441096707747	0.610020470373	1.1638621991
-0.666655733773	-0.611976779211	0.26662789002	0.760328050524
-0.164810699523	-0.838798926225	0.50053017654	-0.00390811253059
0.956768739778	0.0912354780503	-0.865586732216	1.67296584646
0.128453878004	0.166496814192	0.231876055079	0.13026068961
0.0740180095265	0.361427967546	-0.0384241507922	0.0198196971178
-0.333188050996	-0.743926923448	-0.699871424521	1.36935504555
