0.682193913321	-0.122107160799	0.362818580937	0.469422349372
0.473908408544	-0.580117002403	0.963431852885	0.318964590949
-0.020218598662	-0.479654271346	0.910859806264	0.402874518936
0.524737232886	0.822084986607	-0.828287583609	0.711865298729
0.692884319568	-0.000741091141206	0.971563695542	1.42279118712
-0.892733307641	-0.0769041787163	0.55043243621	1.12627299279
0.987052705266	0.562884915323	0.0659313777603	1.57132884596
-0.11926931084	-0.726543613705	0.285818009408	-0.0250877903051
0.728801029596	0.64486510226	-0.0503251844043	0.971208960216
-0.0441629104428	0.965119174281	0.942025642684	1.75590721289
0.0596452778581	0.21646644205	0.747613353178	0.737227688695
0.926934960995	0.71271848221	0.873512340406	2.90544429871
0.062963343697	-0.616148236893	-0.137808619347	0.0690713828477
-0.852587201774	0.525695811155	0.397304409526	0.645415473682
0.261091646114	0.239070370173	-0.384784358278	0.186656587561
-0.316116432592	-0.434602932249	-0.918746611773	1.48070003561
0.089100041544	0.871708722277	0.231597989599	0.341131717153
-0.714116804396	0.0198990641695	-0.107397661834	0.505149699008
0.160961687909	0.582028859452	0.168462796384	0.246022935609
-0.0815587696056	0.85954213555	0.77587495575	1.20542779724
-0.0404313345991	-0.453950318668	-0.306824897094	0.253413287331
-0.985636200989	0.85609593897	0.0262914618871	0.150878826451
0.976325844178	0.774884703949	-0.924653979506	1.84823687338
-0.0695777028132	0.190181699435	0.503131831246	0.340436757284
0.725067575908	-0.452937882924	-0.240000521695	0.363617995436
-0.988949607811	0.251057837323	0.839284257181	1.64484473189
0.94326025674	0.749303270254	0.747502896824	2.7153948529
0.839608798858	0.544217614713	-0.594955244056	1.19205945157
0.991357867627	0.552609046398	-0.0482000870835	1.50631119181
-0.593430977076	0.809323428941	0.328792299869	0.246086419339
0.305699395894	-0.695968076551	-0.212046075296	0.0732359372987
0.581944974036	-0.313020128968	0.535257221518	0.275453470658
-0.0256357720416	-0.722412571453	0.509012832014	-0.0894464089127
-0.993029507085	0.677689787964	0.400042571194	0.74428046986
-0.681963374104	-0.744831459554	-0.777065493208	2.15563542513
-0.346026724955	-0.519533952443	0.263940466796	0.232045662538
-0.634740293291	0.346412588876	-0.503449351726	0.262073268118
0.112729474429	0.918650770792	0.958854159895	1.91652036599
0.358064712478	-0.0460653948701	-0.477118178849	0.361336339849
-0.527295442399	-0.769765319289	-0.855313427577	2.07388590122
0.366275342609	0.970139435838	0.720362724434	1.70727052268
0.0798776996407	0.774557311499	-0.00329091240961	0.0657121330185
0.737500217914	-0.839183793044	0.659258809153	-0.193608789434
-0.306369009679	-0.549613601951	0.854867188657	0.523197820522
-0.689892002253	0.0241756597266	-0.867988219746	1.19169174225
-0.846134652151	-0.164129334368	-0.808879050561	1.6418654654
0.562498838531	0.478698672978	-0.800015872924	0.842731251105
0.336254064305	0.0910395397168	-0.0871584918121	0.143340944722
0.680706474382	-0.209978859319	-0.938470875326	1.39821396298
0.918363301454	0.146741597814	-0.782547953951	1.47570221479
-0.18134845103	-0.014000618441	0.833420927417	0.71834828501
0.382444478619	-0.617062042774	-0.780076696637	1.00014718058
-0.488612689346	0.535904463995	0.405025379877	0.357993106257
-0.881385713282	0.358484074084	0.357197179557	0.716517359502
0.592754193296	0.632649476867	0.474618544077	1.25189309997
-0.186478262237	-0.398210678631	-0.807196879927	1.08203299795
-0.832251610081	0.483369933995	-0.458410847299	0.27891582057
0.448417271333	0.575521480745	-0.87643345286	0.722881139946
-0.917419710707	-0.180035955455	-0.446986738051	1.28709828822
-0.860477400766	-0.3918108322	0.0180844235202	1.07080709706
0.907465167509	-0.643434263446	-0.983722145671	1.8402686427
-0.496199181931	-0.932972402992	-0.765668390071	2.00974933261
-0.835051450255	-0.00832934152905	0.790853934083	1.32312900584
0.0827783949364	-0.0263043817761	0.207637337938	0.0423263204631
0.119423815305	0.395453790783	-0.788743640679	0.371693516184
0.802037613501	0.16721545871	-0.834613014377	1.33439610664
0.313134461837	-0.561864349249	-0.128488383138	0.0108164069419
-0.564137274411	-0.808269241892	-0.913493097719	2.34704368464
-0.877984704716	-0.53762926721	0.570751386725	1.26179191078
-0.249831129878	-0.0646117968108	-0.883262413411	0.915779294188
0.945509771017	0.849950215774	0.157592063512	1.85640562785
-0.853642650716	-0.967150560297	0.0510528053009	1.50753738273
-0.622064518833	0.184891789852	-0.499342132824	0.428967948227
-0.195946915684	0.704585609958	-0.619606169363	-0.152319969002
-0.356442794867	0.982009133083	0.176651081799	-0.0183000335722
0.554515874372	-0.0613752813577	-0.126546012848	0.297234977634
-0.498604707154	-0.935463410163	0.562031691974	0.505152653263
-0.554961945463	-0.924434703428	0.742684383115	0.686025717858
-0.798634233484	-0.816706550623	0.401253752277	1.1233644547
-0.553523234686	-0.928110463543	-0.272042264829	1.14661094363
0.241624957635	0.610222305096	0.978921355865	1.76147422602
0.646775151853	-0.439544203813	0.689194813652	0.306089733413
0.0488748522789	0.596489859546	-0.977762271067	0.40433588394
-0.739354627678	-0.462478371064	0.884169700346	1.26142748557
0.148894738127	0.506568380117	0.0749984603498	0.141211626968
-0.721562240181	0.66145468954	-0.978062527818	0.353033601527
0.946180328754	-0.968044384838	-0.699377953915	1.14547108382
0.616086961979	0.557648233613	-0.731958933683	0.850711224972
-0.113913305052	-0.677212376433	-0.92484196017	1.57176681405
0.843277316092	0.102253022585	-0.533813234223	1.02771683862
0.452741243046	-0.709532540014	-0.816604205399	1.12998967333
0.226975931109	0.629873914586	0.701340427573	1.12811872747
-0.0525129076424	0.0449434830916	-0.992505462665	0.940857933433
-0.464060960822	-0.674920716875	0.183654601895	0.43833364894
0.533667872525	-0.434353069733	-0.682781063472	0.815759151026
-0.590629891148	0.781280173817	-0.948934409856	0.0464891178342
0.288371705638	0.294910827184	-0.478903206909	0.256316719556
0.129993194219	-0.998861123676	-0.259885118809	0.214182499274
-0.0914947612132	0.0117212506203	-0.830791872158	0.687776073399
0.678286926868	0.324613286903	-0.510199907583	0.774940380673
0.698129488419	0.994596557741	-0.156642701588	1.0504826128
-0.880304980621	0.439798109931	0.858502230405	1.50237413018
0.237149270885	0.991142954407	0.369402615384	0.793877697491
0.974877237755	-0.855202681905	0.750898510582	0.0383461535423
0.236878013672	0.321484716307	-0.917680826349	0.679381593315
0.468900190643	-0.169076398266	0.0237753214985	0.137132853591
0.0632189167764	-0.0146257744698	0.76822961056	0.582012787336
-0.111296827579	-0.541465427239	0.0904588124803	0.0318528453326
-0.61352507175	0.912199206397	-0.650255473548	-0.353574415936
-0.564273088228	0.551782056022	0.878344866031	1.26319299308
0.450210334278	-0.0533488832067	0.100191087951	0.183364298005
0.756718145824	0.99895012238	-0.47698041585	1.07957670892
0.999923694939	0.230763632344	-0.745795976779	1.61470247
0.540942752477	-0.0590962427394	0.977328450341	1.15806583776
0.451941626143	0.444805665241	0.648365362239	1.11405165833
0.109596746405	0.582295499095	0.863609388176	1.32452617403
0.57628694577	0.710683192691	0.832578382045	2.02655031536
0.313139690808	-0.149943988616	0.658259398159	0.385706447286
-0.21156175659	0.0322350686193	-0.345751277643	0.146337298942
0.806703017831	-0.964000254768	0.0457786862476	-0.168927132824
0.357912192488	0.896235745134	-0.0315806269227	0.421568487353
0.907405034186	0.857731129642	0.222482792625	1.84202245114
0.0423270645318	-0.751433627384	0.210623189529	-0.143921618597
-0.265678051635	-0.056007545526	0.223021419391	0.1227124739
-0.790115540141	0.524445873808	-0.735387517903	0.365033583987
-0.575099471257	0.0732334856364	-0.826174168054	0.910683004863
-0.671703477755	-0.0713324526027	0.749678810194	1.00764170878
0.732388533909	-0.754984784007	-0.251374402859	0.236423705179
-0.878610183244	-0.0943493025393	-0.484216003229	1.13500269206
-0.523364000427	0.500695527156	0.325224512219	0.280473304792
-0.148166057822	0.686161738512	-0.740060418768	-0.0398244192521
-0.999491489628	-0.888620506185	-0.00969548388043	1.89586147948
0.0363812760797	-0.203139268118	0.878190794415	0.586757167603
-0.333642373271	0.978480060844	0.648739661647	0.840496795738
0.605846878324	0.69925625829	-0.415098312983	0.672739177491
0.626462354964	0.21740754142	0.787192299748	1.31946598187
-0.716552032631	-0.762331370708	-0.165244311831	1.21297351402
0.752681661262	0.521001458263	0.242134150249	1.14345911842
-0.665941254794	-0.811306663256	-0.415644787879	1.49373630783
0.218131801584	-0.319907708187	0.746701725389	0.296487267165
0.37536132399	0.638132058227	0.426538506981	0.834549211115
0.566749214927	-0.505940832263	-0.611662925289	0.718059886793
0.57188209408	0.888203444456	0.928941996839	2.5230194901
0.11604069909	-0.35034284755	-0.0747673250551	0.00459576535373
0.0978004225772	0.180699097169	-0.844863751636	0.588366012395
0.538716984891	0.710114654189	-0.668505354422	0.644950775553
-0.223974050361	-0.928245358932	-0.288094627	0.608488262556
0.350545557526	0.511766551673	-0.559906175637	0.329233351832
-0.586586238436	0.0970653054405	0.626598039834	0.74059227637
0.569561223538	-0.75947752264	-0.528666106181	0.572828916765
0.621792880928	0.0763019570323	-0.491743670579	0.638361233587
-0.884813267822	-0.505228126614	0.831868759855	1.50164920711
0.148717780179	0.399357966775	-0.107667372047	0.050103048672
0.549508387498	0.0620701132086	0.289013217374	0.437535238689
0.420034210098	0.782602974216	0.378609868332	0.94479540117
0.824725148082	0.821297875535	0.663485216393	2.34264821294
-0.389956817042	0.782400764095	-0.327466926472	-0.302011978015
-0.13712424779	0.0825817152652	0.950994506983	0.990404413652
0.967216766943	0.0869511465705	0.599912435168	1.43166688507
-0.108862434881	-0.357842747079	0.85075318739	0.470151790673
-0.238332287782	-0.781209471962	0.0372244609791	0.215295279078
-0.382531498839	0.404077810996	0.534751443349	0.493798155736
0.474499508949	0.441465291967	-0.359068934795	0.405038876048
0.614795374992	-0.747524141811	0.453832583246	-0.21488783067
0.621807319266	-0.672553021015	-0.174588220628	0.11634683323
0.558521431468	0.433043607707	-0.80360194702	0.85159172803
0.682036185634	0.692714213353	0.439700629084	1.43555303693
-0.450145825589	-0.406803821553	0.592396368572	0.49569665729
-0.070266291493	0.544932155888	-0.408291990016	-0.0891420952296
-0.170913144999	-0.634824996339	-0.135217953877	0.241834871907
-0.503336372708	0.0385449212039	-0.437941428352	0.408858720085
-0.662044439458	-0.548616278024	0.827340851997	1.03211142258
-0.548612797272	-0.195072379055	-0.462258417792	0.71185189899
0.311947120963	0.827409296224	-0.214560421625	0.223925841165
-0.465987228214	-0.472345921186	-0.900156123411	1.67271738327
-0.980981456413	0.580988894989	0.123087629534	0.479048395874
0.506238670019	0.792384635298	-0.63825475461	0.559039205763
-0.836544566156	0.877917350825	0.650957185995	0.960621688026
0.349438575635	0.598137720093	-0.193829534003	0.252752843782
-0.456396065159	-0.984545116915	-0.272506245168	1.00019423229
0.281221204536	-0.149328981239	-0.447121724759	0.303776958304
0.608444263301	0.117408912821	-0.956013306583	1.24335816041
0.189031122445	0.623083134376	0.663047031301	1.00627965774
0.532154250763	0.131523652165	-0.148385474314	0.355681066657
-0.366056532388	-0.634385696649	-0.0100756707456	0.372711793762
0.883031586367	0.267110486017	0.669065499416	1.64197483196
0.81210992404	0.941832376046	-0.362235388554	1.21444340812
0.416886807104	0.113768584843	0.137708864915	0.255853906179
-0.872007296158	0.533841862116	-0.510199644503	0.282820474772
-0.157535270048	0.0531617980832	0.104261790036	0.032855768183
0.371701435071	0.300695993277	0.909347009959	1.35028007597
0.63028763655	-0.420955038607	0.978648349503	0.677725386647
0.829706813249	0.981936346987	0.461792416784	2.16983566823
-0.479164586482	-0.389438966854	-0.430511887927	0.769202652951
-0.282564786359	-0.915951216215	0.272591665477	0.163283966778
-0.790337640008	0.589349363145	-0.658792973347	0.204597562849
0.583198433377	-0.513005919018	-0.555871165324	0.63509411487
-0.494577424003	-0.62178210583	0.568107528275	0.52163328894
0.768038483611	-0.844405197336	-0.604858313039	0.817946507028
-0.76268027957	0.0300838539993	-0.272758824922	0.624928586573
0.170258267778	-0.444576295377	-0.984038031952	1.35910591888
-0.870900206502	0.905541433575	0.802581830708	1.34073964471
0.85396282058	-0.0852286354554	0.616796797357	0.984339952842
0.123284380038	-0.698217768495	0.821707560425	0.0305921893049
0.142549899287	-0.889126886194	0.825989191231	-0.158575527892
-0.03010486991	-0.885835718516	-0.212708000138	0.261243309719
-0.991351899351	-0.120876011106	0.959928301724	1.90803929193
0.490520823798	0.398055082344	-0.823195584197	0.785838769276
0.867707198203	0.341963259392	0.026253860841	1.05930688454
-0.0387159334114	-0.742212694538	-0.333502298652	0.388987803682
-0.198542629932	-0.813667067249	0.662219335452	0.100675159014
0.131747902804	0.990097117263	0.179914536828	0.358302833495
-0.296376062007	0.978726871589	-0.633610700864	-0.420901744663
-0.0820060980453	0.364759811149	0.929740052688	1.18036084289
0.89932451601	-0.0561930250526	-0.674029380874	1.25044017621
-0.221139573156	-0.671717913322	0.512874213049	0.115979285673
0.494756860374	-0.875357332029	0.148797557709	-0.296415014361
-0.226780450913	-0.966444304906	-0.430808752757	0.872548895223
-0.654836498302	0.669103738518	0.589333327188	0.732296193366
0.0976282458569	0.239652314052	-0.0624680619515	0.0218597525885
0.452175442921	-0.0610195520335	-0.425666387746	0.384036934166
0.079508003499	0.430157424347	0.931866012145	1.30974582883
-0.0646677800395	-0.583679394314	-0.000280414427613	0.0420909232158
-0.179828827227	-0.201155639292	-0.844479585381	0.951529590798
0.886745822037	-0.962136391591	-0.825923493935	1.40994839545
0.608726736603	-0.793670364875	-0.259138950675	0.16024377
0.8703881856	-0.518935421402	-0.771404071871	1.30127347296
0.718872879603	-0.866325764164	-0.659848437557	0.901043782714
0.433266977792	-0.797836156126	-0.0957685395199	-0.0723765694828
-0.234895431303	0.993386089976	0.604520182204	0.787800600394
-0.885277790595	0.642134198511	-0.108483953423	0.157357133665
0.903320026259	0.764691382599	-0.068895821941	1.45881070259
-0.640097938246	-0.406497763753	0.425212858398	0.677881649916
0.413954047584	-0.289973489608	0.374989627395	0.0832024236273
-0.143110789203	0.957180758435	0.00340266196332	-0.113233655096
-0.181442003337	0.459711667919	0.028528534404	-0.0365610280004
0.715983311246	0.661069178959	0.186939055565	1.14447246017
0.726277008219	-0.564233476856	-0.394302043425	0.495641005503
-0.855363632937	-0.0525902469431	0.255311724686	0.828387899346
0.321568009653	-0.536176638048	0.237696558733	-0.139958957191
-0.321106222978	0.936176849016	0.35858695439	0.266782403327
0.263154071421	-0.907443740437	0.0240243321067	-0.190771010831
0.323831745362	-0.505580624695	0.691146399657	0.0693970604533
0.0352864304879	-0.546489367652	-0.39341341924	0.351731842237
-0.536960348183	0.640474174074	0.44491579414	0.427324319667
0.760327105724	-0.72757353771	0.0735884157849	-0.0232223034994
0.168568972964	0.751876847523	0.20771017589	0.354474596044
0.500664149422	-0.0174494676279	-0.171917780279	0.274483864567
0.845018701731	0.190550875629	-0.220413069523	0.881657677632
0.830021041497	0.155264429192	-0.0485817287018	0.812624842541
0.389034892021	0.347014122362	-0.311650071258	0.275327539786
-0.804202529517	0.0875099679636	-0.57246510807	0.853985867577
-0.126984274837	-0.598125492112	0.71834152526	0.178433706545
-0.777531631469	0.0581574783399	0.867913024802	1.36308481048
0.104467158239	-0.600088892711	-0.49669334673	0.492988246981
-0.160982498421	-0.0563154241616	0.847145737708	0.70492969185
-0.786619987221	0.783496344977	-0.530348652979	-0.131799418034
0.47873816809	0.856078667247	-0.201249313936	0.507243808385
-0.125029131362	-0.928713137148	0.828632112985	0.0488181299895
0.0187845764699	-0.217094517477	0.143743639835	-0.014268890389
0.356472886554	0.504860560408	-0.596223872315	0.361515007736
-0.626297510411	0.945468203813	-0.661014569168	-0.387923807427
0.559288680941	-0.536937979756	0.700984291766	0.127494382025
0.754676692631	-0.408533307678	0.414085983147	0.263525630013
-0.315084401539	-0.829997690421	-0.670623564575	1.36714948076
-0.661521430663	-0.483952887685	0.288139799093	0.701334265855
-0.965333666734	-0.620975752981	0.503072226896	1.47200389928
0.998820948154	0.764610062391	-0.134642097898	1.67653162561
0.72293727105	0.0557404561837	-0.593390657262	0.881971757349
-0.265608003124	0.170882098833	0.291239395386	0.159747942854
0.664457521964	-0.492200787421	0.253402957083	0.0539452066229
0.520648921317	0.948424061697	-0.000494963018066	0.764402074094
-0.760717927963	0.287547339771	0.791049478414	1.21317279987
-0.217331425909	0.332693171175	-0.996197599939	0.635909786891
0.918595007282	0.747040279592	0.0797525587026	1.59598310284
0.484829106346	0.254147879355	-0.478472584614	0.465610773106
-0.558741976968	-0.676809384331	0.0873034220602	0.638888522427
-0.223973280133	-0.508700613638	-0.78619277871	1.18213520952
0.0630442260842	0.589699395621	-0.212386485892	-0.0389844465171
0.204747977719	0.654023014866	-0.545281630931	0.116536944873
-0.49380871404	0.23129050441	-0.789471163437	0.570301313801
0.784192967489	-0.0611413633908	-0.761355214194	1.19322404107
-0.842996483105	-0.433603276474	0.183523352544	1.03027360161
0.120836392357	-0.562033939528	-0.446273223492	0.396667767995
-0.9128655644	0.266469023359	0.428921771794	0.88834139521
-0.880470874984	0.233161679537	0.769516566465	1.34151441483
0.892132705628	0.536051043027	0.56525669288	1.89665100046
-0.28952759703	0.959795633025	-0.522875297028	-0.422515944289
-0.52014504929	0.361119704671	-0.138910456376	0.0518490576235
-0.0653585654119	-0.231219096338	-0.162093435353	0.0831372699345
0.202360126408	0.35618995146	0.178877695751	0.208739932166
-0.0301281714937	0.895350384831	-0.75784530854	-0.130275140191
-0.523914371433	-0.496815136155	0.674255706214	0.654415175248
-0.218559991228	-0.0136969452547	-0.827777878633	0.747316318641
-0.678076867787	0.904599939708	-0.675184666533	-0.308497729806
-0.756462059336	0.0371318147731	-0.336668175463	0.644990398183
-0.626861046471	-0.0229645992647	-0.707585070287	0.924276423587
-0.0403083112382	-0.539817248818	-0.168284941945	0.142546817696
0.131632591867	-0.565080330964	-0.169968709275	0.0678794872867
-0.750354609027	-0.15669528505	0.754475453313	1.13161953207
0.825215408794	0.137104549079	-0.472668971149	0.952732147561
0.659406938966	-0.0539175872169	0.418578584856	0.551903164357
0.280498818671	-0.499958272326	-0.51965576964	0.468290202217
-0.689053630903	0.0705181353394	-0.193131420561	0.449884607015
0.922907999242	0.377575792225	0.944935043426	2.44991372795
0.976764652158	0.317784664333	-0.49189495327	1.35011398526
-0.863532274007	0.0805102302767	0.874508658175	1.51133709269
0.0647369732604	0.113751345302	0.955854209109	1.03394176478
0.277900581642	-0.942382993496	0.827536577652	-0.279699658668
0.495836354394	-0.881436222739	0.850586053224	-0.217435156905
0.156374607001	0.816666328211	0.451103889693	0.724054970373
0.41417474505	-0.607620721318	0.562462136325	-0.105520432091
-0.581648206474	0.478037647418	0.369409584787	0.373320026024
0.234829980604	-0.770026799309	0.164457977264	-0.225270882123
0.124715676682	-0.388184552536	-0.533353265297	0.458646505099
-0.193716450492	0.991548316003	-0.970187596251	-0.175277062427
-0.380974454473	-0.317984413201	0.279812489054	0.255604492203
-0.84624176139	0.580890005054	0.430641421051	0.660159068445
0.45790538053	-0.92983244617	-0.453232160273	0.410751416801
0.044241033144	-0.0930959429477	0.991066395311	0.887786947636
0.249358765982	-0.425581445351	0.510561364114	-0.000555206619456
0.826959907813	-0.666291517598	-0.622054505993	0.934287766413
0.607301540856	0.464763336465	0.753535748744	1.56909856526
0.364338664136	0.194650514347	-0.93887821503	0.902400545748
-0.0155436337466	-0.612764730699	0.42346204476	-0.0703963073693
0.771761208145	0.208224887503	0.256394132125	0.87544084345
0.398299707405	-0.103459729031	-0.991197072751	1.20245529471
0.958622860975	0.853547788076	-0.00683082865409	1.7314044337
0.745850612215	0.789025396435	0.375740997731	1.58243869779
-0.365760136988	0.782319706689	-0.62713644861	-0.249681962633
0.886464941568	-0.910625097823	0.287682410776	-0.200626785488
0.739194369498	-0.127912471116	0.410291062481	0.567713549733
-0.915256116538	0.0426415867017	0.559693535422	1.13578885982
-0.753022913627	-0.795699562861	0.670692579886	1.08238225573
-0.479870173138	-0.551774981188	-0.0197882610877	0.506365981489
-0.349881443991	-0.456880436005	0.611657439931	0.376941517512
-0.0010390103014	-0.644037488337	0.231668105617	-0.0948625925819
0.399389992625	0.603173263332	-0.0741727202122	0.361176322126
0.586958258049	-0.270177297951	0.111681931254	0.168236131875
0.216542029842	0.115543244578	0.351485693566	0.236064409642
-0.677344387302	0.842370016297	-0.359920942717	-0.285422708937
0.779808906963	0.28852648655	0.841416057896	1.78384925688
-0.783323298718	0.105457929503	0.580753913392	0.929507950277
0.480681531671	0.352304918415	-0.385113064418	0.413036048333
-0.603222497445	0.0483762521333	-0.896553945809	1.09513279581
0.915897866328	-0.533320800051	-0.90202987227	1.64513070233
-0.810414698522	-0.114824746238	0.988018378377	1.61255900212
-0.68217306473	0.683227655382	-0.89363882151	0.187312173194
0.298272511942	-0.107556160653	-0.586724151756	0.464236472546
0.568799215019	0.117881291288	0.645441536528	0.883263591809
-0.857443973549	-0.219855627804	-0.061269090121	0.940948306564
-0.51784710238	-0.580432018541	0.534483272248	0.544181824099
-0.39188985789	0.0503977031093	-0.372172603554	0.253583114464
-0.608551350212	-0.691503130358	-0.906111408116	2.23876666858
-0.120868448735	0.278871788415	-0.791764521019	0.386992650202
0.132435816918	0.972800158898	-0.184401832319	0.000990733326126
0.253016376167	0.94221413875	0.90255707008	1.96742419078
0.0950674354083	-0.120664900791	0.834424959701	0.593145723005
0.727112139518	-0.810130832574	-0.805964766986	1.2421522138
0.282281923362	0.687768379236	0.150264440175	0.399754197632
0.0867821758608	-0.273066244738	0.144144800182	-0.03474949269
0.604348847283	0.0718780506654	-0.940227170668	1.22512238253
0.658586268579	-0.850037409189	-0.242433095409	0.138763913764
-0.202350357245	0.836724271014	-0.129599977982	-0.220009080886
0.808281315613	0.0815546187079	0.363282271929	0.880839115941
0.980455850705	0.0492294473508	-0.946802394942	1.85938519128
-0.566967510157	-0.0218615903933	-0.698833230504	0.837492458942
0.310100222721	-0.785105502437	0.562794339122	-0.272414707271
0.0885080418815	0.76385156214	-0.545352349549	-0.0437183794304
0.0221778625329	0.686862188735	0.751675462876	1.09703844793
-0.843827921291	-0.955917075315	0.311519384827	1.31793270721
0.646041174344	-0.850004989216	-0.881835574731	1.39542959657
-0.296096144816	-0.898039927626	0.309865398435	0.171324152598
0.519563261393	0.555759710754	0.493254834569	1.07612980647
-0.443013027908	-0.595172478732	0.959670372029	0.80972753369
0.77071948666	0.559261080608	0.512154367772	1.57377204166
-0.422285026234	0.561353293193	-0.0582276815947	-0.0880222846754
-0.490563517685	0.0283953190246	-0.426409887572	0.396440204723
-0.352110954978	0.623540166993	-0.712223234843	-0.0324110575914
-0.254922073276	0.792565054706	0.75264036969	1.02592691836
-0.716340951471	-0.0245285899103	-0.747932123801	1.10846337435
-0.763048657109	-0.160025785235	-0.930292039879	1.71866470729
-0.819579788793	0.785868444768	0.698587354184	1.06465118521
0.581346125512	-0.4643747462	-0.60879335529	0.721338467455
-0.429817005009	0.146690373113	0.623742158182	0.602243890764
-0.989054392379	-0.95047632774	0.144388394891	1.80191163512
0.478542451395	-0.116279419409	-0.357158180825	0.34245035141
0.735728084326	0.659147150179	0.382642180789	1.42488142568
0.76727828582	-0.760518316328	-0.609682239463	0.840573721173
-0.682613913407	-0.712682927464	-0.893559299322	2.38772171562
-0.280863607571	-0.359047813014	0.531951963531	0.271704532482
0.335287965913	0.228170646417	0.885089674211	1.1742561065
-0.15516368731	-0.0738102013443	0.433485740309	0.191442650141
-0.649154378453	0.426602838848	-0.0576079505963	0.123213267073
0.756760317848	0.91790061205	-0.0272003570724	1.24308957262
-0.113768069667	-0.181762918828	-0.789837530449	0.801028489527
0.427513609178	0.745077356561	0.366239920579	0.908307347172
-0.453646325531	-0.807990990464	-0.739681375967	1.7171215581
0.0683993203958	-0.308071064226	0.81372532452	0.395070292658
0.589167643729	-0.588749643983	-0.117064716117	0.0828722296216
-0.274791203248	-0.637964548271	0.7846275419	0.36589307541
-0.0844396733043	0.403845856283	0.138390225931	0.0480696201836
-0.0441173516786	0.887369192449	0.545912220065	0.745243799871
0.0485357672427	-0.253012755241	-0.543345799466	0.422773628073
-0.605231699135	0.390742921817	0.0127051864571	0.134941290583
-0.194794022636	-0.0875284842286	0.86698771885	0.730776320554
-0.0719595763043	0.209581679572	-0.605247484427	0.229572504821
0.839150257376	-0.500219458529	0.0453754080371	0.263775132701
0.812731265432	0.55581890781	0.569023922682	1.75232599391
0.520876711003	0.775393626115	0.244753838869	0.924882038035
-0.925598462204	0.70492377681	0.741569700285	1.27693188372
0.199278392455	0.816295715144	-0.28744539379	0.0503663867034
-0.28727304252	0.400498117271	0.903467036388	1.14556302122
-0.790136033381	0.876864156634	0.418668463607	0.473871636379
-0.72817870292	-0.104183565806	-0.806363500789	1.34034039745
-0.915222218949	-0.193123125493	0.0896825196269	1.00510547134
-0.84473000973	0.723325979339	-0.463755907318	-0.0178235264896
-0.215255277165	-0.370978300952	0.164798972377	0.0922117298662
-0.271599846405	0.277551359616	-0.490620042103	0.102919335899
0.293621760197	0.495114993835	-0.704006722906	0.378651455676
-0.373880879805	-0.146132971852	-0.121781516909	0.227050269211
-0.165016367885	-0.609878751654	0.471236513273	0.0625370931115
-0.611602258943	0.716290725945	0.149758797138	0.0656708319347
-0.185013049462	0.122654922606	-0.409692996268	0.12913455565
0.182584078585	-0.84841092669	-0.636826375954	0.824268907315
-0.291239201957	0.703453426485	0.780654079315	1.03852163676
0.244297258963	0.920707405087	0.830726946872	1.73957115796
-0.755771961529	-0.189869391073	0.0223110423775	0.71095081854
0.0188685320827	-0.00468915708239	-0.901314744119	0.816862218375
0.826751420825	0.172055784795	-0.696614732791	1.19118076777
0.190358710002	-0.135746003551	0.368071609354	0.0959084639715
-0.753944408874	0.756575861464	0.925708902578	1.55532201378
0.860140121691	-0.985912441936	0.2858289173	-0.308285934707
-0.319205315613	0.0517521078687	0.101637776132	0.100962692281
0.485977135582	0.134266231754	-0.621987502321	0.604780629931
-0.646234696886	0.53343350169	-0.552563217141	0.0834664232985
0.0201338969513	0.359916415802	0.941532211443	1.23300769792
-0.519128797636	0.158590486357	0.779344427662	0.918140168787
-0.425727865699	0.73532388509	0.848294377845	1.21157081654
0.129840187641	-0.349188223727	0.72263561244	0.241386192292
0.799096021407	0.582530012317	0.782892945951	2.17303186889
-0.966794621742	-0.652045107468	-0.00546317614394	1.56867762723
0.330273067343	0.326805549499	-0.888835928708	0.716568164337
-0.468655764917	-0.905169294279	-0.591771364076	1.52969764931
-0.802234158309	0.126959796134	0.490533006396	0.844628760421
-0.402323972103	-0.616214442311	-0.598712064427	1.1371735776
-0.355510169239	-0.311592112651	0.739210937099	0.553262157076
0.420213099259	0.767542024643	0.0589534035013	0.547834980242
-0.86792997272	-0.411098568945	0.290567860489	1.0750848572
0.698205068836	-0.194439339797	-0.0418908416763	0.361631855737
0.848483909424	-0.551831433866	0.697958536389	0.353695510806
-0.474372418329	-0.606015292242	-0.90513845162	1.88030949088
-0.711196752972	-0.175271616788	0.922137187943	1.31916594374
0.461291668644	0.809297876906	0.361940999361	1.01003174099
-0.247155537513	-0.179648229773	0.429084609221	0.212516225917
0.19973850149	-0.714825894484	-0.822386196998	1.16129922188
0.171009641063	0.672396399852	-0.01138532326	0.136704739542
-0.142444268061	-0.559687295333	0.297908599562	0.022028491978
0.857023003418	-0.510648459928	-0.943594868296	1.66906749334
-0.382225730333	-0.946043643487	-0.501467629717	1.23357877865
-0.112616666596	0.159293624849	-0.160391406981	-0.00508052862451
0.455492915861	-0.945005026999	-0.968054286542	1.62897597003
-0.370062001355	0.664207585894	0.439115919466	0.375634811821
0.0102313008327	0.163412373612	-0.685408488412	0.359557168673
0.655390717718	-0.60835226254	-0.181853738959	0.17453048282
0.0736491541636	-0.0852343043125	0.198998081086	0.0217855367658
-0.241795322	0.79889460707	0.245324603397	0.121468662649
0.731887446304	0.497920603009	0.0511267411345	0.92815207409
0.0401994667435	-0.593417714227	-0.524772579343	0.564556526011
0.178939667684	0.249611241791	0.312878260175	0.252675494069
-0.647663819354	0.903319883505	-0.642041396015	-0.333330787805
0.998904505201	0.502334718544	-0.617325513042	1.57058137519
0.631151020977	0.91919375232	0.826364916161	2.42097012926
-0.0187393654814	-0.686831694368	-0.286748615164	0.292394759473
-0.92543467078	-0.701568828478	-0.559915476509	2.21201003343
0.271431916795	-0.116253938747	0.956629712537	0.846048690929
0.84374097482	0.145097391128	0.774942104024	1.54730078898
-0.841147828471	0.336479626915	0.325089980984	0.639570213089
-0.437842824667	-0.390161907177	-0.77404182754	1.26367831708
-0.73657373232	-0.0959065972354	0.411493925044	0.743045411638
-0.609689155758	-0.230776061089	0.0651181153793	0.501635195281
-0.479709187505	0.448184624336	-0.645202814552	0.14223931343
-0.770913815154	0.180922388815	-0.556057916192	0.66342962103
-0.991241854924	-0.125231135705	-0.249736468874	1.20033784371
0.646480106613	-0.404592262981	0.831203807173	0.510976818656
0.963896152786	0.321159761184	-0.935302267447	1.81306933023
-0.71844866791	0.0659687501665	0.804344049367	1.16880424913
-0.910496764243	-0.214907179279	-0.477317385702	1.35508746872
0.344550771085	0.170918148326	0.140568779509	0.221390550932
0.630933551785	0.817384475264	0.150467869762	1.05942311752
7.9832526616e-05	-0.831237996567	0.0433116509887	-0.0341927443407
0.83423174113	0.297210862838	-0.918892199099	1.51514346371
0.831333123076	0.385511476771	-0.37422277199	1.00737873109
0.5052615271	-0.345683269167	-0.655184432788	0.736381691895
0.670930243543	0.83122181865	0.420495531346	1.53418080111
0.10077717335	0.0300059952689	-0.0593541426691	0.014921892183
-0.746618081697	0.0191280561033	-0.90271331208	1.34078138029
-0.876529541284	-0.871364127858	-0.775331142272	2.80881456079
-0.538309778908	-0.0381653030266	-0.495176582372	0.574420585949
0.928627270152	-0.906072450874	-0.656499589317	1.04677292292
0.972434495916	-0.729372486131	-0.582491615736	1.00051172328
0.0481752902182	-0.48419858909	-0.884996831731	1.19072806048
-0.655586555729	0.86568869245	0.717946526263	0.999225267978
-0.20611712149	-0.430574738594	0.0706187153764	0.105813461525
-0.473530604672	-0.0701349522695	0.617308298505	0.595216927269
-0.995312252409	0.146792206251	-0.188268051162	0.852350974847
-0.278065328658	0.112652808663	-0.632235374724	0.37449396509
0.465596135852	-0.761118674637	0.516210595304	-0.264018297543
0.286577742912	-0.401172959988	0.46072150767	-0.005405141991
0.747964555565	0.63305708341	0.133709954334	1.13547962202
-0.751051960588	0.502699083731	-0.88517230672	0.525080620132
-0.748989143489	-0.366894402921	0.445900584896	0.871013564411
