-0.62614470738	-0.643228185797	0.0708383319702	0.754263976273
-0.297274205211	-0.464473999797	0.236036200615	0.172528502019
0.673627624749	0.389083678647	-0.24057348864	0.680144076591
0.0436768350855	-0.464977235643	0.355890974337	-0.0572238839394
-0.3279988632	0.569978659841	0.720321317987	0.850061482412
-0.417254645077	0.289212401542	-0.282660048093	0.0515741323397
0.696166660398	0.0452757528948	-0.119901747357	0.525115275873
0.150405085713	-0.210677356472	-0.460381110596	0.299877386294
0.588309775908	0.713858211549	-0.36948123087	0.638837326191
0.368394375597	0.487472316347	0.307581388725	0.55984019829
-0.779618368691	0.794039296093	0.553586743905	0.734785091588
0.457469178855	0.737491501511	-0.445529612244	0.416580013896
0.669827545477	0.408912204849	-0.249647359288	0.682809551048
-0.182805220675	-0.974152931435	0.035047370837	0.178584809471
0.0682796476495	0.157838516695	-0.416111304975	0.122909495559
-0.449737544733	0.300751738911	-0.484264157822	0.155872997504
0.776127443272	0.288109603068	0.762359847432	1.62681930783
-0.955696531181	-0.786533002249	0.745062745093	1.63414477798
-0.328717315085	0.835942016846	-0.171740041779	-0.280803617055
-0.279451999977	-0.123943213337	-0.450523347683	0.371540197345
0.74529682716	-0.744978934753	0.227348171858	-0.117445483439
0.51065373659	-0.0667281596495	0.548401165716	0.490842292653
0.27671036496	-0.743483316871	-0.0490105788359	-0.0903203293244
0.521305305499	-0.998229346126	-0.997004540394	1.74063421131
0.503961527132	-0.921887209857	0.027733674036	-0.235416627995
0.723432885304	-0.529907149929	-0.349951030764	0.447910158383
0.719540799509	-0.268831028906	0.338838095572	0.348025129832
0.0834517541894	-0.513107779219	0.810770846419	0.205480987954
-0.709486343291	0.486261352647	0.653600691605	0.9033897028
-0.221921355067	0.854401986244	-0.618306008195	-0.286340520463
-0.129393296634	-0.919023069231	-0.961444590593	1.94362350915
0.804286558219	0.619323938191	-0.336431093474	1.04981683732
-0.236181621278	0.483141122431	-0.017987455082	-0.06669422607
-0.848159433984	0.322099152994	0.00834317555406	0.448939928523
0.824302391971	-0.519069000534	0.145366105854	0.197280880125
-0.416779754701	-0.685111716336	-0.8565554155	1.77976938768
-0.375086838116	0.906371709453	0.778066807355	1.11132773643
0.266982789909	0.605506875679	0.758970172754	1.26853710625
-0.217933951514	0.707903194781	0.932694552951	1.42339564959
-0.206916625149	-0.921082279186	0.262842154987	0.0603884737129
0.346511953058	0.0906127544143	0.823130890862	0.903599556871
-0.411258542098	-0.514623396054	-0.865572643842	1.57543679131
-0.991539506897	-0.292832941759	0.0554764923876	1.26033832115
-0.952123845842	-0.0606299911559	-0.477574450079	1.22129976823
0.955076108724	-0.560482352038	0.264680400702	0.298574090655
0.614588967338	0.535307920623	-0.563022815636	0.722318059143
-0.283999740037	0.680573681058	0.393652717177	0.310245244373
0.446174772116	-0.135698686649	-0.717064640848	0.750013025841
0.00686943906654	0.719335295049	0.52270801628	0.65421461457
0.0576618768204	0.232583775067	0.688499710011	0.650901821399
-0.571069185027	-0.185748667865	-0.691462404862	1.03875383238
0.194126865582	0.97811997515	0.0605220736814	0.290425375487
0.249978796183	-0.0434712408744	-0.480790474639	0.303682549115
0.577431222952	-0.564670690298	0.833537882558	0.231479320103
0.782665972154	0.788018987956	0.743868997405	2.36884565106
0.0373714417077	0.562501703576	0.645988565284	0.803089019222
0.21602374982	0.727058419735	0.133971437486	0.319081554346
-0.393187047111	-0.702122104362	-0.811361742822	1.65864426293
0.0560534414363	-0.688676178769	-0.0405065872038	-0.00592397626091
-0.427386872133	-0.0458180615829	-0.455565766037	0.430654884007
-0.51066751214	-0.00589721612048	-0.193444051047	0.302354206902
-0.440736623029	0.627498760729	-0.643526406408	-0.0719987006525
-0.0929420858549	-0.454077546882	0.026733577639	0.0394167124898
0.513043211677	0.913252527353	0.177087014062	0.924836320458
-0.177346334267	0.165294499057	-0.162199570787	0.00163535275846
-0.317073316547	-0.093770630997	0.75419058153	0.628350159577
0.557296688918	0.0548192148243	0.302098831164	0.448954690904
0.387317301331	0.402685814698	-0.378542822188	0.296842718423
-0.388089010805	0.516115507314	-0.845808511074	0.229171472235
-0.634815665515	0.368488135613	0.507739302692	0.613963996665
0.414958383896	0.0321600574976	-0.791192533401	0.786076373394
-0.379044778062	-0.438334623414	-0.795685039667	1.29171437839
-0.687338856346	-0.657787921233	-0.320410268653	1.23798264576
-0.466785547369	-0.460097365458	-0.952847536537	1.77897661694
-0.562576633103	0.914822327855	0.380762249286	0.295144500754
-0.249079852064	-0.831536024789	-0.484856859635	0.907421762732
0.821962770583	0.153845349738	0.409532921746	1.0327998957
-0.818929216551	0.285834344641	-0.0535334881458	0.424131090653
-0.983168526537	0.311391511403	0.928803296908	1.8123670449
0.323246432908	0.36997906992	-0.363169180017	0.221609528858
0.729941527977	0.757435348954	0.853502120282	2.46063669586
-0.32306870189	-0.221986841391	0.389041387648	0.241081519314
-0.964462387894	-0.485977840377	-0.368499491742	1.71376950865
-0.158660841473	0.73939979715	0.733187470397	0.987542002247
0.540926148265	-0.97685028283	-0.862550447163	1.35077315912
-0.060158737017	-0.562340872467	0.655653430419	0.0986294890223
-0.298317588732	0.520639733168	-0.728481391531	0.0850861744528
-0.463649523754	0.369647114766	-0.313131281473	0.0258872968566
-0.835109631956	0.49254950945	-0.363325639905	0.239124912735
-0.0674587096576	0.985969075049	0.26411231883	0.268200371608
0.662452134219	-0.470751658735	-0.866564429713	1.28586294265
0.91210029944	0.932353288698	0.605034984864	2.61250036087
0.0229570674292	-0.0745213512953	0.558714207549	0.269341663241
0.95103083961	0.0297110928547	-0.694920923907	1.39498405386
0.976513691579	-0.72079846818	0.0879411416208	0.194055221014
-0.867874281403	0.377206907578	-0.327574709812	0.409579341686
0.782059658662	-0.149143673664	-0.666224821854	1.03819678986
-0.312883644333	-0.691424176846	-0.67814297247	1.24299382876
-0.197788347685	-0.818511553906	0.741295495966	0.143772362321
-0.833704268263	0.681930999438	-0.711142500136	0.147307561667
-0.731422956707	0.112299181261	0.345002644681	0.610611681772
-0.0831434718259	0.787808865866	0.987063997178	1.69332477534
0.813572363977	0.616416083428	-0.885048560825	1.40115186913
-0.343045351283	-0.835672109419	-0.845073293059	1.82470659743
0.179015753196	0.877384054655	0.732322197763	1.3679358278
0.30577458805	-0.410771690734	0.683695033609	0.154490888261
-0.290992694108	0.750906182049	0.203454177511	0.0603371370904
-0.446018513822	-0.17968218186	0.15349781363	0.275054851111
0.591261462018	-0.650219625288	0.288265894155	-0.139198605761
-0.732340481491	-0.87220489835	0.90979647269	1.20927421778
-0.522867488812	0.69998344093	0.359797134624	0.288697841302
-0.477987235229	0.92466055464	-0.0424798518736	-0.250979050575
0.483438148718	0.549752556834	0.172362454092	0.623949317384
-0.0473435224979	0.151964147846	0.342165399735	0.164120925239
-0.0678567820466	0.898432193215	0.0688633478253	0.0102510346435
0.460892286023	-0.193688672547	0.857485086117	0.692347609102
-0.433503154192	0.184868775718	0.567385444804	0.534601882826
0.434151666374	0.654521012563	0.314335143798	0.777194596925
0.08787970127	-0.521296797617	0.168556942293	-0.0975453163905
0.0930846044999	0.954738042574	0.714366568391	1.28988868991
-0.516303074728	0.901966763699	-0.959919049881	-0.143489844937
0.21190058962	-0.253605733857	0.510622159023	0.122400937269
0.492371143099	-0.962331977984	-0.570016532898	0.64206883188
0.0857344540144	0.755551658302	0.494831019198	0.690855340204
0.335912951861	0.756157827687	0.663625710558	1.30904557861
-0.754609891419	0.382870708015	-0.215906334171	0.244469398931
-0.499709785159	0.403330623462	-0.999178807949	0.64352048888
0.328528775799	-0.58383617262	0.783025352579	0.0720943513373
0.116449090524	-0.611149921162	0.781339098411	0.0753679965028
-0.396396918312	-0.198749105111	-0.130219484596	0.27875216983
0.43111418299	0.566013117391	0.323596788583	0.717750630105
0.0172028787164	-0.918108526954	-0.436131672989	0.575128873429
0.939944357748	-0.791331272352	0.964509298484	0.306719847603
-0.125258425165	0.648847932459	-0.604786102377	-0.0922319795951
0.0506242474805	0.591554194997	0.0256782352748	0.0483592399624
0.064717291535	0.661426982853	-0.0860660970933	-0.00252497515548
-0.386435552312	-0.0931774419118	0.135979571148	0.191159727497
0.747881815572	0.617979474905	0.461827102081	1.520186764
0.655596639954	0.0315641013015	0.104644844109	0.464753836934
0.35407047679	-0.892728032249	0.155499709628	-0.305361527585
0.057862149464	0.799345630462	0.691865086837	1.0813165171
0.969567677281	-0.82459325585	-0.190199736467	0.333575872759
0.629027046965	-0.695244283971	0.616471441077	-0.0902136410283
-0.515347513981	0.181927687373	0.343821677287	0.352591107144
0.730342378379	-0.491192681983	0.380142958415	0.132446387606
-0.435430745284	-0.233562845384	-0.384004608533	0.528449126159
-0.106377730935	0.953768373644	0.103078211924	0.0187943625313
-0.979036553086	-0.416329180379	-0.743125600646	2.22773458856
0.490582999171	0.932087107365	0.385065465609	1.20512773649
0.480416034624	-0.571216396017	0.507691120701	-0.0758731677813
-0.958248855834	0.210869111082	-0.0844937509132	0.70549785708
-0.149322767875	-0.929192116005	0.148103184119	0.0453650697635
-0.204845066994	-0.0640875650906	-0.227109493802	0.121223139678
0.024498387605	-0.987053884373	0.451695379603	-0.265400020687
0.547560302175	0.93060045892	0.981218443495	2.68529412068
0.624355712388	-0.160779458867	-0.0789498568791	0.308363077181
-0.631202863337	-0.879658256249	0.155684874792	0.840948159542
-0.680854493033	0.808301963827	-0.603597029712	-0.210332473314
-0.133577564749	0.925753994905	-0.692553038314	-0.267321029416
-0.458736501934	-0.426178130948	-0.936370797505	1.68179366998
-0.16003798485	0.29153176229	-0.36590016595	0.00616741207888
-0.0304539771127	0.62525021931	0.616627883413	0.747662754791
-0.789859825083	-0.341754714302	-0.896401034564	2.00370095637
0.596860932784	-0.564093455408	-0.813073098224	1.13929470364
-0.427092653431	0.559431302743	-0.434733848459	-0.11073106908
-0.509879972508	-0.0155845637875	0.630605971324	0.655760015405
-0.721270946288	0.723263541844	0.453094903468	0.531564814941
-0.873218019602	0.315887574246	-0.270373544691	0.474365198254
-0.506505211128	0.716866864639	0.00895516639684	-0.100049416662
-0.262968172021	-0.646721101865	0.780665204424	0.343784825667
0.439272688521	-0.915908250162	0.139589496921	-0.317738928822
-0.0648441243976	0.366913908713	-0.685796701411	0.199101316698
-0.806740244386	0.301730080444	-0.148644782839	0.384656692257
0.457436597418	0.865580293732	0.543227929306	1.3705003188
-0.428975104738	0.180467694692	-0.623910013103	0.383271594943
-0.741566473364	-0.415093038491	0.670059985295	1.02858306372
0.994960024623	0.204122184334	-0.634849841757	1.4664862493
0.00407781777719	0.667504405119	-0.546669269971	-0.0633182651905
-0.667231155872	0.135385449144	0.360439138424	0.533578612799
0.9970641254	-0.417879438515	0.376694983994	0.561970295838
-0.178474940055	0.888194781626	-0.884791148445	-0.129678710691
0.599613516288	0.10913431098	-0.306280238534	0.485356678586
-0.799281780921	-0.654519513477	-0.697535041001	2.10510231678
-0.380662707183	-0.762026058284	-0.922313324383	1.98846765435
0.265572646546	-0.972394891742	-0.844742625959	1.34730086414
-0.495746766297	-0.661411894807	0.303015203698	0.465058017974
-0.148651444833	-0.351871375579	-0.482324668942	0.476756771432
-0.280921999918	0.215616221177	-0.81644469383	0.508889048369
0.787641482309	-0.305870695338	0.837864051954	0.825200766169
0.243176780634	-0.037106103072	-0.865623138182	0.831534922696
-0.627406560406	-0.552340867755	0.134381820295	0.684015178444
-0.13538121988	0.66537278687	0.444692966046	0.421887527305
-0.816683371803	0.181861795114	0.218365170908	0.60584385558
-0.611812895347	-0.239198319635	-0.969573295118	1.69265231297
0.153760478771	-0.0553792328564	0.207113311224	0.0465532948702
0.158710127331	0.179449254806	-0.546924286096	0.254650337743
-0.299921425435	0.209216145437	0.63285931923	0.56011976218
0.0892145395146	0.0351228328375	-0.145520099946	0.0271577227623
0.463806555434	-0.606531826621	-0.43250011076	0.383184511597
0.954536078531	-0.384495766101	-0.512420267245	1.00372199794
0.656808752687	-0.917879605527	0.821741071806	-0.250474602958
-0.81315855535	0.947869408824	-0.188024755212	-0.252410887996
0.0109345520429	-0.345160034273	-0.0505262496315	0.0163379380268
-0.285536362798	0.3895035114	-0.4342861222	-0.010237935076
0.609000017477	0.697361808577	0.303371394747	1.09916820256
-0.00935668166411	0.68886313316	-0.857128415342	0.137867029119
-0.889809247246	0.173015554453	-0.852829302759	1.21757474119
-0.983519020746	0.324769403543	0.487579779668	1.04397781419
0.576192303857	0.150408546345	0.483110235025	0.724721225222
-0.295927718307	-0.539807722908	-0.353639667222	0.563275719954
0.534692322619	0.448604200105	-0.571714421935	0.596144990867
-0.910569055985	0.608385724445	-0.447355821214	0.203121126334
0.243602890405	0.25885036272	-0.0671577059684	0.109525425676
-0.0666286506303	-0.0945315416401	0.0610171637137	0.0086929338616
-0.119793565719	0.360301356238	-0.227261003091	-0.0590461699173
-0.359794930479	-0.75986961184	-0.037182937383	0.432486381192
0.0800807864246	0.81013349625	0.960021080329	1.7706747688
0.316337891393	-0.666543907838	0.377416098938	-0.219904922525
0.455422617385	0.327171275293	0.415327365908	0.664790963794
-0.990764931239	0.526367126566	0.932896146386	1.82145014291
-0.857619103579	-0.470007746674	-0.025599364819	1.15128537645
0.960999088794	0.275483599587	0.31696383343	1.37604314632
0.473268220509	0.748703057749	-0.811664164297	0.629423446304
-0.410807862842	0.417031471067	0.677959939163	0.73980360267
0.609774207108	-0.446404171506	-0.568256562841	0.676206455274
-0.119877282343	-0.085107643125	-0.481593483869	0.297492605848
-0.91011158072	-0.518224122249	0.837247821489	1.56704676162
0.605602807761	-0.868434228017	0.990820128422	-0.0379090325188
-0.943661029701	0.370987829316	0.555987037868	1.05579539254
-0.0960185356624	-0.850471135048	0.983114298468	0.221283942754
-0.0781204958337	0.4663021687	-0.6943720942	0.128040447035
-0.447614595839	-0.998612541336	-0.227415936757	0.926170790333
-0.507531955208	-0.565943368451	-0.587591281763	1.22262993356
-0.111050955794	0.705308578671	-0.3052564156	-0.188111366361
-0.36831328494	0.317986495483	-0.11377183137	-0.00469785118305
-0.356653955432	0.981190546415	-0.933087781433	-0.267627547743
-0.808009261623	-0.985985256286	-0.325309170233	1.87614028759
-0.964025358985	0.573020702729	-0.177190392549	0.306801076069
-0.640854790128	0.0115894023803	0.112022795137	0.417115121879
-0.927961122562	0.879279787113	0.832506705712	1.47024812072
0.688417051417	0.00569709564205	-0.48031623042	0.705807288166
-0.745960204912	0.618603521725	-0.502583708522	0.0366933495062
0.386298544683	0.859246011903	0.8692285477	1.98359148073
0.364946804677	-0.514445573177	-0.0744466626511	-0.0107180362488
0.363789328073	-0.478760699681	-0.798446153836	0.977955541819
0.193123486207	0.209999074278	-0.259403696127	0.0906681757627
0.608559995391	-0.796117352312	0.224370081385	-0.242422885973
-0.9076760365	-0.770182744664	-0.592815552601	2.33095879708
0.894138292077	0.272165664659	-0.1284557643	1.02437666283
-0.344250596203	0.566957546232	0.0688688560379	-0.032878363363
0.813592540527	0.827649558904	0.647075064112	2.28955985928
-0.739502739103	-0.595380797543	-0.128447306595	1.08012380215
-0.56902924074	-0.0340685858988	0.180988358927	0.369771066999
0.418623960612	-0.059805042985	0.150687015966	0.163904929753
0.449478860873	0.978271780907	0.692673736005	1.79916380594
-0.624917326883	-0.359169476158	0.786912480255	0.951569202643
-0.904208540092	-0.275642874406	0.129612366447	1.04790436532
-0.727326784143	0.486657446383	-0.916972588782	0.569632445592
0.454501626913	0.84037084177	-0.924333955615	0.666131600808
-0.0203258078122	0.488008173307	0.507501841182	0.495717143389
-0.993211763449	-0.160928255101	-0.664215057267	1.69437805557
0.161952019316	0.390468789786	0.0329373222044	0.10341152908
-0.0867138726841	0.79636686045	0.965926166624	1.64070818928
-0.149513356126	0.299406781126	0.44833537916	0.312828195913
0.0472066805841	0.68802132238	0.370145683932	0.426383623758
-0.0700769513082	-0.35866513918	0.523701394819	0.116474655873
0.444200495155	0.395867256967	-0.00343278838336	0.371811366971
0.178376608646	0.0337733742286	-0.361084186546	0.156029352883
0.585315629153	-0.790737288013	0.585215883064	-0.240510897983
-0.495887692987	-0.317733961791	-0.600904003259	0.955478196097
-0.752900237584	0.437865872728	0.612505381275	0.88054749356
0.817144796745	0.730269825413	-0.370169373809	1.13116364823
-0.439851570401	0.332115680191	-0.874180063527	0.521249677559
-0.777724333702	0.915653770861	0.0972247418164	-0.00879422772566
-0.548386407212	0.754363808825	-0.987978295397	0.117850834986
0.16931728902	0.981569880526	-0.787874789758	0.0422576165995
-0.548357416291	-0.996543729699	0.677324195802	0.63094288676
-0.570454806062	-0.954689412505	0.632630447063	0.666281542131
0.869417117432	0.520322784676	0.974165754361	2.66414321469
-0.0204308817534	-0.143335462178	-0.742461193835	0.661015533526
-0.211848960574	-0.0203057796841	0.201502856321	0.0856934689155
-0.817840980989	-0.107963178826	-0.884301983679	1.63462263381
0.36817783273	-0.566151004916	0.883002877521	0.206891781784
-0.656700181357	-0.0697108376408	0.513747564544	0.70515703493
-0.576981835579	0.927487311852	0.00305152758757	-0.199395728141
0.612891518247	0.372914794573	-0.863723530877	1.02811538247
0.642898553456	-0.275686640519	-0.113281700628	0.280143002815
-0.508578248513	-0.822358928455	-0.0820777252688	0.751119801531
-0.184417586556	-0.698577677321	0.136397138352	0.0861600387527
-0.63741984793	0.611632062335	0.458754547141	0.507482370668
-0.944101118704	-0.643659447601	-0.83201763247	2.72679587733
-0.0141253403814	-0.0473536658033	0.297419881319	0.0752430760293
-0.190834442548	0.0223644475951	0.105742320451	0.0456961844915
-0.0729249896922	0.563458123321	-0.908895766192	0.278194687375
0.856702668245	0.439475030377	-0.845554888744	1.45380170239
-0.938190378659	-0.310651520654	-0.573462547035	1.67865775953
-0.594363322039	0.635221844997	0.623981662149	0.761435089935
0.303530170157	0.833475142622	-0.378184489342	0.172931552844
0.267808761726	0.644799646208	0.482092965015	0.787671527867
0.256541323699	0.748680253468	-0.781754699311	0.283736977482
0.871682105601	0.238872185173	-0.617474100906	1.20182718009
-0.982809226312	-0.635222046413	0.894748530644	1.82242700372
-0.0117600038057	-0.51234666108	-0.298595540016	0.248307220832
-0.475299738983	-0.630224318906	-0.209498326332	0.701375784914
0.852665424362	-0.0503114103029	0.555567568297	0.96484346095
-0.865623308478	-0.957177756763	0.726766825023	1.41040406748
-0.671700039014	-0.918885935988	-0.522017371579	1.82057321878
0.0691980499785	0.254842062805	0.262145008379	0.157948524026
0.872723027049	-0.856847240232	0.05449938578	-0.0298723005214
-0.493964439974	-0.807655277597	0.313268801033	0.488077996089
-0.550285100917	-0.782620432554	0.45940756082	0.584991618969
-0.0236841105535	-0.257913480788	0.493672953368	0.123057463598
0.222681256198	-0.332322674216	-0.915063654883	1.11702280466
-0.0423315732358	-0.402454876719	-0.499999884719	0.470055786863
0.821043856183	0.0420829591621	-0.140062522248	0.72238823358
0.807539708655	0.361601864169	0.499004303136	1.37357442589
-0.564295881714	-0.834073420908	0.113638657135	0.707224799477
0.792565346129	0.989980742098	-0.992053472397	1.4148405167
0.0128956793467	-0.0216911246876	0.563431251381	0.305119894264
0.729136876302	-0.0520549297869	-0.941739039962	1.42957999447
-0.352998049962	0.295769549127	-0.120497686623	-0.000918304764819
-0.9218448931	-0.383887875483	-0.528336237256	1.68564413973
0.581345677921	0.178171134435	0.418824684912	0.691578402103
-0.734195336349	0.309582810624	-0.195538684995	0.289448497786
0.689587053814	-0.597784806157	-0.086241576473	0.122297155083
-0.18487123816	-0.215093602589	-0.168853590759	0.138772857589
-0.981879828197	0.382563741377	-0.687372018458	0.797973057021
-0.724062531962	-0.864723077234	0.561059523673	0.980006802221
-0.174278234492	0.607267364863	-0.715104574275	0.00165430053201
0.00905109654805	0.803762925225	-0.728212232948	-0.0476600801372
-0.322930060455	0.116985947804	-0.573084924466	0.327888992338
0.294523208041	-0.768637782165	0.664400847406	-0.208892853135
-0.918583271735	-0.943436509736	0.373898358316	1.49747084309
-0.0187065715172	0.426118027338	-0.293468627264	-0.0465497088823
-0.957246202495	0.352597547474	-0.129342196472	0.54992129139
-0.0803948206728	0.483195813341	-0.368474124438	-0.0746550874452
0.27764696468	-0.772211497927	0.0746957418436	-0.189415798343
-0.191291311903	-0.255346883238	0.570613549526	0.265333437792
0.728447506768	0.538484437086	0.154662975932	1.0300976574
0.849889119862	-0.4541150185	0.542687492151	0.38443127627
-0.158519995559	0.0661894662296	-0.26227280264	0.0660635612905
0.724883680385	0.640242281484	-0.649502443974	0.995572029597
0.764803266266	0.687499492269	0.631756098835	1.94417365894
0.280794070231	-0.551441214974	0.0745318247904	-0.111541040479
0.67688136703	0.0190717573968	-0.271959315065	0.539852829223
-0.143101850292	-0.750248579325	-0.758488100831	1.27219891862
-0.992582924373	-0.689561329539	0.0200852281663	1.65622108252
-0.452650482985	0.965865836405	0.964257778397	1.62882953124
0.212752182939	0.0542437297737	-0.582460381647	0.364469235908
-0.846086395045	-0.510548191054	0.482671969028	1.13437499537
-0.387624864754	-0.607113965325	-0.0405716126718	0.411863152879
0.425460948279	-0.387857506676	-0.301710529924	0.224048733664
0.581058052613	0.288137982334	0.777217234109	1.33306579007
-0.406994984578	-0.822623154795	0.757967374843	0.451441443873
0.777677347747	-0.59345290591	-0.408007731198	0.551870857749
-0.8519795784	-0.947997179695	0.864617671525	1.46145204328
-0.906282157924	-0.556653484204	0.962418413825	1.7163481106
0.298659311641	-0.445598158141	0.843993735196	0.292358716415
-0.347282883457	0.853918710299	-0.659696529484	-0.304073649441
-0.359515488001	0.329069138951	0.725615381809	0.776241245256
0.184634928694	-0.304250678725	-0.0618597642884	0.000562260230701
-0.772811663355	0.389936838891	-0.579916177021	0.406062221433
0.384623314427	0.418212436504	-0.437423237893	0.317192598409
0.559842120665	-0.549001287742	0.506004846744	-0.015687252644
0.317473318552	0.136382239979	-0.48130990804	0.310104134506
0.254391629873	0.732542593835	0.100713529361	0.334987970775
0.0645061018007	0.0928058425856	0.0306198548323	0.0139268572366
0.974518891399	-0.790718795729	0.631009680142	0.0783386675284
-0.47443347337	0.609710678841	0.0262684549836	-0.047473845212
-0.111304080039	0.166804226489	-0.100944611516	-0.0128255659907
-0.576633553289	-0.346583017941	0.484023663365	0.598882176617
-0.361621686072	-0.508620127687	0.76478609085	0.510610477559
0.609273389143	-0.297175865613	-0.664513392931	0.829208108046
-0.799151529849	-0.768895682987	0.45514137164	1.11030476139
0.679982018315	-0.128690303287	0.979785136884	1.2087585211
-0.928370650249	-0.341884489575	0.56882859514	1.30835988688
-0.429704779022	-0.990333440923	-0.0744991968642	0.689526385815
-0.922683439773	0.338972243086	-0.34672612919	0.541269129709
0.580344749326	-0.250601509688	0.376581147827	0.238806314483
0.408163578385	-0.520330216776	0.901133703645	0.297372519983
-0.658618367959	-0.947793280888	-0.560683495918	1.90379025117
0.0595867883123	0.933392165423	-0.203607832521	-0.089421379515
-0.352545870755	-0.129092350687	-0.748304314753	0.826359276665
-0.336020740635	0.0430393571768	0.338167194979	0.227359371911
-0.999497972131	-0.0454057120354	-0.408447434378	1.22975426663
0.330643804823	0.559215285028	-0.768337779787	0.454903108551
0.000188952923852	0.632163187298	0.976706501598	1.57151297015
0.121076242168	-0.654915519563	0.887929599133	0.142264844636
-0.276797306078	-0.745959423437	0.596589548616	0.193983801306
-0.347210003499	-0.131248545687	0.300144472077	0.216818773199
0.105479205148	0.633606927754	-0.474921079113	0.00259496335774
0.63147878437	-0.79993974767	-0.567407185416	0.669462950471
0.300432602355	0.57717081817	0.567697982874	0.913600388471
-0.366619097116	-0.620500727833	-0.581153105548	1.06024183603
-0.191341886425	-0.935954466134	0.209720807518	0.063392701327
0.802900495008	-0.775957018663	-0.29825177779	0.342017613754
0.752551989559	-0.384870796911	-0.297608004715	0.479810367462
0.206203826547	-0.575815113074	0.115732412716	-0.129461742578
0.932349489124	0.571657698552	-0.71510858846	1.50484329646
-0.304010474918	-0.924090342928	-0.163773870425	0.551519245597
0.599720559404	0.0478192187352	-0.219973790574	0.426212411714
0.419124334966	-0.304577402719	0.0407228041413	0.0372645076607
0.732135692291	0.732739316974	-0.701521691908	1.05058743787
0.311483664187	-0.744858624169	0.288555863323	-0.266658057594
-0.619830076362	0.608451317428	0.534393423565	0.617781610761
0.865723629538	0.761350339282	0.367570565219	1.82355447677
-0.954305984329	-0.262204020219	0.262824467649	1.1610858461
-0.475421617113	-0.292779982604	0.696722914653	0.646655943777
-0.38153770079	-0.941783314045	0.754322277903	0.363490821606
0.490575718665	0.107003567772	-0.334018428528	0.368985034946
-0.722972143557	0.381410051233	-0.75554857691	0.529619708687
-0.835213635701	0.146306168114	0.620073204538	1.05059622416
-0.375750996063	-0.136836406298	-0.310209718953	0.33128327988
0.3296087942	-0.994481727898	0.988272569474	-0.225284306923
0.792152624304	-0.332892275448	-0.952214815628	1.58750230238
0.14363815207	-0.0576867339167	-0.759150337668	0.632448041585
0.266642332214	0.37393434295	0.249305443474	0.326181929973
-0.925966098778	0.277705834202	-0.466619284659	0.688417687297
-0.858208540715	0.516651662565	0.854684780757	1.46518741737
0.788902292412	0.188867217205	-0.304741214372	0.806676190199
0.342297970195	0.122263227922	0.356219672112	0.329463376909
0.839984990354	0.419622569672	-0.616127276414	1.17912335392
-0.0351671067739	0.526761724014	0.01863029651	-0.00712714533741
-0.712174009196	0.680846859102	0.515896245649	0.639705656827
-0.0797269265695	-0.226248160157	0.11029607157	0.0116053934101
-0.220475444366	0.494086758178	-0.0199250271002	-0.069772261338
0.0742528897662	0.727490416995	0.608420143706	0.872326652697
0.0538524421392	0.668295154783	-0.593884532142	-0.00530190613432
0.482180102032	-0.43465686685	0.411549200193	0.0134048166581
-0.229252316939	-0.936144665885	-0.644253374218	1.28534672841
-0.371901056788	-0.961215721597	-0.673592876892	1.59698296573
-0.169577804578	-0.996439590065	-0.563472311341	1.07669783446
-0.408668137117	0.0552778224654	-0.210694229103	0.17716470155
0.015756475744	0.364615510269	-0.539185784875	0.100119132501
-0.544282144539	0.879900084823	0.118317234906	-0.0645645391778
-0.935552479628	0.0277993870299	0.910456802606	1.70349238711
-0.753097933442	0.587706087677	0.83120101598	1.3039532834
-0.767939501334	0.0861994860801	-0.0689164554663	0.522344002143
-0.646477777926	0.442276735859	0.466491713338	0.555944386819
0.38127692522	0.535655216051	0.626271385179	1.07728644949
0.525717154365	-0.188810486604	0.912061802742	0.836767513894
-0.622330748836	-0.734715249795	-0.273113556036	1.11978316157
-0.938993751248	-0.630445484706	0.175067558742	1.39397173372
0.243069434697	-0.873856492068	0.0502310482659	-0.19469662287
-0.675693720016	-0.563859329297	0.896507817101	1.13578018071
0.803344718302	0.0608045296651	-0.680013277235	1.11527990391
-0.986228136276	0.17197461417	0.483532842176	1.119999117
-0.727461041671	0.846020448307	0.135916139892	0.0472136812352
0.350522585951	0.970684483906	-0.00166500643201	0.46149949504
-0.59667035191	-0.701997195948	0.709295105625	0.780052794409
0.428772380095	0.295134344335	0.707631113868	1.01997924734
0.889807526575	0.421989571036	0.70243563555	1.95708326541
0.998179990099	0.975832656453	-0.67729061844	1.76822020244
-0.745396622909	0.628659285916	0.00578820427695	0.0906879284376
-0.74937548247	-0.187876108352	-0.476620959335	1.01906659294
0.545610517621	-0.919134328407	-0.933242995339	1.52491964236
0.424706791505	0.0656138495518	0.213713621808	0.267938591847
0.710212447722	-0.664900212598	0.633178865408	0.0120960267962
0.142389293776	-0.40504882516	0.18365703298	-0.078060064855
0.865409514666	0.959543787249	-0.807099444252	1.45629420679
0.379881920529	-0.767859841913	0.235810202928	-0.272848531235
-0.0414965835699	-0.927513824001	-0.818484558812	1.4692833374
-0.225759506393	0.664650693065	-0.418749600587	-0.202054841922
0.00657304997444	-0.707375087932	-0.800948657624	1.20348347245
0.556151451951	-0.330582234632	-0.318698732347	0.332375668841
-0.649236769696	0.601410945132	-0.321870903928	-0.0589255218983
0.434603949523	-0.0250616420422	-0.585575396677	0.535562730501
0.0911608245219	0.148244480663	-0.28782253057	0.0619980925516
0.496042920536	-0.0865784487153	0.47296730608	0.385861249425
0.618949035696	0.0505724778978	-0.399013305738	0.553432221788
0.31370053856	-0.236509557268	0.677691307629	0.323199889708
-0.568906265202	-0.972743480901	-0.573277185725	1.76335257614
0.341331283882	-0.0502227933095	-0.143059510164	0.127015306494
-0.513734530351	-0.216552294403	-0.581773974344	0.839619005129
-0.727077977255	0.705591227698	-0.885919429915	0.175378800511
0.466442740399	-0.347676228696	0.134355396132	0.026736972224
-0.27631069723	0.900353965501	0.640667807794	0.814853210701
0.204290457187	0.389971873374	0.396720115366	0.43349865973
-0.846291485772	-0.570497057198	0.462530107757	1.14907811629
-0.721514865353	0.799994677561	0.8097759998	1.24692930857
-0.873688603445	-0.106319925787	-0.903454049629	1.76850667057
0.310980957504	0.2780364214	0.194225528789	0.27489851548
0.477825110972	-0.131034944232	0.26776202886	0.202315371486
-0.847644378278	0.108606892416	0.368856571664	0.802556506682
-0.529002955053	-0.00100132615329	0.368848028531	0.416053361923
-0.806027267964	0.572376018601	-0.690941297284	0.270250925646
0.435516158162	-0.635775341147	0.824759346084	0.0686502143219
-0.962676549421	-0.275309469083	-0.504227894884	1.58484459254
-0.0820967677917	0.176371662684	-0.543996344826	0.192246819199
0.537573505805	0.148671663542	0.613586997397	0.836619224532
-0.287649133987	0.377142358838	-0.848104968692	0.373683080858
-0.252895953189	0.259898489256	-0.0878999126991	-0.0168895728972
-0.232632066292	-0.218805680259	0.290439030272	0.125824016495
-0.325322149691	0.440112537725	0.252077578604	0.137141752658
0.212574595396	0.117094709496	-0.752257567178	0.547885385183
-0.642401560586	-0.752581057725	0.173619787778	0.795619878173
0.626282643487	-0.307678538118	0.275631897059	0.190703144868
0.784983799847	-0.464983012027	0.880943096888	0.617632599715
-0.580285069438	0.548163010047	0.967760928819	1.48569191056
0.540982245419	0.100962626071	0.500643063333	0.648470493275
0.900706522122	-0.382194545475	-0.75468642594	1.3250157562
0.741116915289	-0.78854135972	-0.498887317198	0.607134780745
0.89544875569	0.0262641820346	-0.659307343072	1.24271670774
0.876121601869	0.124550387143	0.453170619213	1.13851653214
-0.381261874459	0.394884894191	0.170568277209	0.0912544352494
-0.371073681751	0.687312898418	0.235767053052	0.100283789446
0.358419970748	-0.0750825354929	-0.877347436132	0.937165788957
0.0834801670778	0.537493895638	-0.88943321836	0.364865542982
-0.453171919505	-0.204291327595	-0.206863476737	0.382996793994
0.00310962954413	-0.399125396923	0.513204043748	0.0573141605258
-0.232454454219	-0.50378039298	-0.979316254375	1.62356172315
0.715150129411	-0.909759644735	-0.390277420302	0.36820009197
