-0.493725329768	-0.714693917302	0.41649011368	0.472428255187
0.840504097781	-0.752158067164	-0.334029122649	0.437073354802
0.517787143016	-0.20088123504	0.883576937287	0.767303982387
-0.176705174946	0.625204203436	0.529937071561	0.532900085219
-0.9704288625	0.0410891616302	0.305043142299	1.00744335443
0.749833861534	-0.588417680751	-0.812873617744	1.26010804547
-0.156062519086	0.344129410249	0.123029667046	0.0281242329456
0.98654164256	-0.244676236724	-0.89333010965	1.74849645022
0.883882851008	0.0783557951588	-0.101207097478	0.852818951906
-0.219433720388	0.0265072370669	-0.152533284432	0.0615577429249
0.295810079185	0.040558071687	0.0234224331902	0.100999668445
-0.896837544951	0.26008096632	-0.90060802466	1.14793101547
0.663393669139	0.539402113635	-0.512452519124	0.784116719964
0.227378631558	0.858917855462	-0.359483466194	0.067462203295
-0.576590295524	-0.0229427890821	-0.261402285141	0.4200134106
0.524065398415	0.714773976331	-0.348305543067	0.521589863833
0.515816664009	-0.355986098958	-0.0680638894013	0.11130576038
-0.68091881308	0.848472318466	0.741150058414	1.06405838347
-0.499295610968	0.424310270516	-0.273016406996	-0.00386585564439
-0.297051912731	0.781660076339	-0.309955914937	-0.290161276852
-0.883318259107	0.536618251802	0.706098877662	1.18372761725
0.226665287392	0.305170353099	-0.873534561028	0.617034457174
0.57127853702	-0.0725889970696	0.599923395608	0.601250873802
0.0836648594411	0.739377748546	0.43997012741	0.587737579356
-0.527663804018	-0.485795162714	0.94977470893	0.975441652059
0.878449087039	-0.13515006534	0.471923737696	0.811881837224
0.837488603779	-0.316319461498	-0.134098748579	0.49687373561
-0.737126060236	-0.384474293657	-0.993015347246	2.19462920412
0.318465344955	0.375090447277	0.0714762811286	0.252792413641
-0.646951272854	-0.589540922464	-0.277850756508	1.04095563383
-0.747670383847	0.327139111847	0.567081590922	0.821514876318
-0.232153378679	0.272543795477	-0.34011466274	0.0136050710043
-0.701937360276	-0.967118366722	-0.612232548067	2.13850260602
0.531519061242	0.345280707475	0.648831438316	1.11104700337
0.925177156924	0.049825361934	0.376601974963	1.06264343564
0.977987424681	0.392477695202	-0.111788531437	1.3089198238
0.128860675838	-0.597120296987	-0.00962746158045	-0.0544988105142
-0.886680832255	0.151395954579	0.121930969282	0.68529002404
-0.00895643278507	0.758772778226	-0.775943315604	0.00660768400465
0.74498617661	-0.625892515209	-0.492985832866	0.640314305767
0.0391937570641	0.619834233108	-0.272938972272	-0.0688514530334
0.777612968781	0.484358866499	0.233257068417	1.14871465458
-0.236737139283	0.539935951043	-0.648614805366	-0.00128770538603
-0.430525031792	-0.785038011022	-0.759702727892	1.69687407089
-0.470330932823	0.427907807434	-0.606385150318	0.128178918531
0.848042537861	-0.793704760156	-0.812156580529	1.35029160216
0.0643861262984	-0.405871239023	0.122999533805	-0.0567799914654
-0.53331220382	0.572473100936	-0.930883183364	0.312752934136
0.771930525888	0.867730304367	0.440183676112	1.84142663094
-0.450691801014	0.263424404217	-0.304733698604	0.0969882143995
0.208753933168	0.236721915624	0.309816231284	0.262321224494
-0.730833527183	-0.523451519748	0.0968233282048	0.87536600353
0.0242045962293	0.546345213101	0.6317705989	0.758108859885
0.634886699422	0.414682789701	0.667299722256	1.38836433848
0.580424009293	0.979806293322	-0.231096684538	0.732570819393
-0.0107013592325	-0.455304352866	-0.175866956737	0.11598907193
0.841847020658	-0.864554814204	-0.499131707202	0.661542693176
-0.425749893355	-0.441839103516	0.143081019824	0.326629311599
-0.501726689178	-0.828383391407	-0.906691478608	2.24052932636
0.3924353298	-0.86631665744	-0.510948769412	0.517744299905
0.623465395975	0.153397213292	-0.360535607452	0.559027721069
0.986790567744	-0.96907992672	0.568125744331	-0.210315699801
0.600531996923	0.355963370969	0.719462744029	1.34813509702
0.00051813287474	-0.407021081095	0.379027506016	-0.0108209574877
-0.379988744283	-0.192908421134	-0.454760533369	0.512228753686
0.695853647787	-0.305940325206	-0.151506303285	0.340628655472
-0.573984859228	0.0190943916017	0.966847888815	1.27175493926
-0.827489605845	-0.142651359305	-0.459890857856	1.07988522201
-0.418235904592	-0.701755501879	-0.863324502285	1.81959253465
0.224571099614	0.883059574768	0.0701854311646	0.315645750259
0.129386760502	-0.893432805697	-0.164340969466	0.0749781250246
0.828101437978	0.493080132525	-0.490985223857	1.09304378916
0.330527596481	0.678397894828	-0.575311882329	0.274171109778
-0.262076363601	-0.118933085111	-0.220006195425	0.174422312407
0.336183441223	-0.893313377797	-0.126537452161	-0.0582485336782
0.57451122212	0.205417254016	-0.341591938562	0.494593836469
-0.400644348551	0.329394808512	0.382927135147	0.301313126742
-0.691429728634	-0.284451254176	-0.440615188383	0.9942284103
0.280395904915	0.876261185546	0.801618979101	1.66934249619
-0.331952808878	0.251024389353	0.481201516727	0.379212632772
-0.53966308953	0.614924085645	-0.0381512015117	-0.0626201602134
0.47678969861	0.526952942801	-0.146041064422	0.422945375311
0.863601967263	-0.816929388058	-0.653573847312	1.00138898825
-0.182582237501	-0.195021928649	0.687032109836	0.406970606387
0.801827718524	-0.637284088215	0.910348839688	0.380519823352
0.603256111379	-0.947617170681	0.971692446196	-0.184344150186
0.896372266808	-0.191497062092	0.97324006327	1.39265419299
0.742955343203	-0.382029334493	-0.576052546081	0.820057413331
-0.80706314202	0.912139149283	0.629623412115	0.885926832005
0.646043493494	-0.0313768576715	0.925490335878	1.224594764
-0.0310819137234	-0.882776151312	0.235571820764	-0.124058645021
-0.68875965543	0.811139978086	0.2641728101	0.199777772128
0.893381695291	0.114865573134	0.662950378373	1.4164030333
0.00838820495037	0.947033273141	-0.615587468635	-0.196019612613
-0.646649813796	-0.12269191638	-0.663695630063	1.01941666467
-0.812916657815	0.871938358203	0.136280420672	0.0894207558967
0.653583285107	0.85701450538	-0.701371130396	0.878137696532
0.334874469047	0.384105420976	0.864856184208	1.32094017701
-0.429952361561	0.176973969879	0.391823464186	0.331636837963
-0.144430776786	0.0675935505618	0.499702375	0.294576781601
-0.948082364345	-0.617799701295	-0.458087604963	1.97743581041
0.123220935083	-0.577423961523	-0.28282599635	0.18733372981
0.870267200335	0.863861659405	-0.100227989018	1.43261800066
0.322120615095	0.564737112356	0.581206075376	0.951704299414
0.872637468704	0.0732685271557	0.921866214678	1.74281411141
-0.599831496664	0.0427180165676	-0.63009957074	0.704283077722
0.325318309479	-0.569962292496	0.140809797395	-0.140016042866
-0.484104003538	0.821861792386	-0.547518326765	-0.313717973063
0.630495637652	-0.105712713055	0.401168173866	0.449400672345
0.0876309966563	0.907017073926	0.204001331481	0.313811235751
0.071474356294	0.567893708826	0.16052574381	0.16262849533
-0.173807759248	-0.403413446218	-0.157348978482	0.18856091901
0.233186834574	-0.496566234776	0.629097858445	0.0219587520015
-0.745191913155	-0.566013418116	-0.699290099691	1.86191383246
0.954359526956	0.518547189046	0.501200076433	1.91677996414
0.777966322431	0.564688227181	-0.655213108256	1.10385311096
0.923125660121	0.459883822627	0.626904695466	1.95800436669
0.65129631358	-0.568652464882	-0.739409081666	1.02101822089
0.134308806216	0.791995594486	-0.664202009691	0.0395300824041
-0.214216422875	-0.404238677293	0.867348383769	0.534160694687
-0.100351840392	-0.754568593241	-0.160714745434	0.232892367678
-0.788291860762	-0.156470708873	0.579350040761	0.989743802163
0.650086166331	0.00719814271178	0.168634575468	0.456942912438
-0.524195607836	-0.18506710935	0.402367996051	0.459227323473
0.218077114945	0.0508111477912	-0.608868667996	0.398422115572
0.103819567207	0.428112430424	-0.660090491513	0.208351462142
0.544627416266	-0.975821850435	-0.371194243749	0.265164309808
-0.732120261229	0.128656324845	-0.153052788804	0.445542121594
0.400944124137	-0.184856972171	-0.842758951931	0.952671393066
0.277633244502	-0.282824173961	-0.331023670054	0.201756991592
0.965554825233	0.50541306019	-0.65562065333	1.51877933988
-0.910771385245	0.652754776375	-0.156276492447	0.157406259489
0.331327707872	0.279273311677	-0.0752410920629	0.186957429212
0.192376441856	-0.956518179859	0.512023948182	-0.374594560078
-0.0390079373545	0.14361652896	0.944124851491	1.02288310389
-0.894231330321	0.613544674359	0.992684451839	1.84547748143
0.339131538444	0.529433288985	0.795344081998	1.34821156814
-0.46445393802	-0.236395570908	0.588129206398	0.532377138284
0.811728529492	-0.180328462706	0.202020995196	0.516907794736
0.880173348441	0.229082644452	-0.754010810763	1.37213907382
-0.127351957173	0.797756946785	-0.286153582243	-0.231774522976
0.134730861362	-0.653743408372	0.677578330592	-0.0537769807087
-0.229135799679	0.293666441821	-0.247782764271	-0.0261554647494
-0.42573866332	0.705805515159	0.823991953929	1.14130551853
-0.397948459697	-0.19063617992	0.984894506548	1.01648701341
-0.746351373153	-0.926906737289	0.334611546911	1.05064967849
-0.23751932624	-0.698942613655	0.664692108151	0.199661768305
-0.688219440069	0.436558529953	0.0218525517251	0.183215382522
0.240611891125	-0.737591322782	0.364823234044	-0.255573620583
0.925990259044	0.0500012588699	-0.921068519336	1.70607127034
0.56658916635	-0.24911464592	-0.729711798888	0.894138829707
0.941649244913	0.656822255264	-0.336834984368	1.39741657377
0.1460916698	-0.621457611605	-0.236282859538	0.133222367059
0.656241424818	-0.562519621494	0.765263202087	0.216656331436
0.812399638145	-0.0985163809153	-0.416964043231	0.794895301709
0.641532896738	-0.444286837405	0.593880732601	0.215380767885
0.854331474607	0.703680723296	0.616430423555	2.14481553188
0.817243826141	-0.853767409146	-0.790734303714	1.27051524416
-0.167891954846	0.165407872546	-0.152296683974	-0.00157973310919
-0.280943314265	0.127700690853	-0.834444869313	0.63279154414
-0.327534427333	-0.422999328764	-0.0778582574773	0.284821542906
0.375704812388	-0.271605278978	0.686242053718	0.323651887513
-0.976809553738	-0.892764358605	0.782705838282	1.74007421259
-0.0935686218298	0.186416347593	0.709628545878	0.627171401055
-0.399244319486	-0.494078345718	-0.0875932299802	0.407604491653
0.00347682983496	-0.30909168246	-0.845235353927	0.974615450311
0.810501285482	-0.838061565108	-0.535774107956	0.713727940148
-0.618488714777	0.979058299378	0.261535012813	0.101450368832
0.215651371671	-0.0430875407401	-0.0638046635674	0.0440338479749
-0.44834879264	0.00641583261207	0.762230039495	0.78402508251
-0.667511929524	-0.0634267962875	0.349921025935	0.588160673993
0.421185330753	0.738610653321	0.439206980689	1.00579478199
-0.296591552804	-0.544168107949	0.702513556535	0.360602037565
-0.23082579488	-0.518994230237	0.206246662533	0.10857466126
-0.16212226468	0.787582103825	-0.203841472327	-0.22039151537
0.709028645969	-0.643614583734	-0.40526134475	0.471449313226
-0.372496514101	-0.130712767333	-0.0622906136628	0.199466002238
0.356701299198	0.745930787512	0.323484328348	0.739249328346
0.854951059908	-0.529483427918	-0.227301562404	0.450277307639
-0.347345042496	-0.735380595672	0.535834996359	0.269155867319
-0.725814462748	-0.15107071225	0.999119413581	1.48375786334
-0.685077739193	-0.276724128528	-0.76262285272	1.45153880889
0.477246526156	-0.0474241297346	0.787682657745	0.788220050318
-0.121975063405	-0.30030218057	0.667121569594	0.296220420171
0.992965743865	0.300550094845	-0.757422968625	1.63046292533
-0.266340677698	-0.574751454237	0.327198808785	0.143018117723
-0.334190187811	0.13409969784	-0.561541007218	0.306894101818
-0.999028035965	0.339404466252	-0.380907525894	0.674791267092
0.229216289062	0.991412396466	-0.373410679845	0.0490195364705
0.667487764697	-0.0323094191216	-0.864207441649	1.19875031671
0.800289784931	-0.078077229432	0.801426982508	1.15769134062
-0.130705001633	0.0701810657379	0.49553821709	0.288246305926
-0.774468115224	0.0137070148782	-0.143354145229	0.607770669073
-0.602954311696	0.780735033907	-0.965905226015	0.0716632032658
0.147653690765	-0.377427667615	0.0480321828457	-0.0497485598767
-0.650548551771	-0.166922923096	-0.149407552032	0.579067046011
-0.68253997731	-0.762420421488	0.968166398316	1.18543957916
-0.46429977661	-0.454743253084	0.422740685548	0.413182686042
-0.580327062216	-0.796479570864	-0.937679173324	2.42508268628
-0.777066875992	-0.545059559438	0.963268511018	1.43022817293
0.140030007602	0.46633964836	-0.989921207715	0.603214437108
-0.726618988484	-0.967815624543	0.761584232102	1.07414578792
0.500579046418	0.426870175372	-0.767528725001	0.725726869302
0.199717705105	0.797377315279	0.204837907687	0.404429198567
-0.465823297159	-0.464225592881	-0.963790038141	1.80954567997
0.113270809695	-0.706019731294	-0.866416538242	1.29524363896
0.153076308773	-0.904005914176	-0.582284798035	0.750494955038
-0.402211463519	-0.0568284439626	-0.126895549088	0.207944869981
-0.683800974029	0.0711588879248	-0.308349104127	0.492062645883
0.281781873601	0.737835126735	-0.342027724494	0.151932483584
-0.657011106404	0.168878267611	-0.399864541241	0.413071916826
-0.233553541293	-0.325695158436	0.0221975986793	0.123877597254
0.393706250168	-0.633741199474	0.741160689459	-0.0148881565417
0.338794203137	0.255421080331	0.989287895791	1.43269221731
0.204964645353	-0.0991843729016	-0.49323754664	0.313885950199
0.297754220524	0.45656512052	-0.495125715609	0.243694109657
0.950487034737	-0.8676106003	-0.506301579829	0.774386883764
0.589362159634	-0.946155370606	-0.178551284916	-0.00946259886489
0.870285640707	0.239790005991	-0.0666885743989	0.954539007721
-0.828134746347	0.195128065449	-0.210689581096	0.527493476335
0.359704612299	0.702206979413	-0.216240454711	0.276888875117
-0.0665205463607	0.462525322822	0.85230375734	1.09429131119
0.0629723286821	-0.0621321255609	0.5215504354	0.239662729075
0.785446860054	-0.567938141037	0.995280434088	0.596166963318
-0.881766976641	-0.484763446082	0.784720716403	1.44034408339
-0.570582443122	-0.160378257989	0.181638194112	0.42093495907
0.217409156317	-0.671510897749	0.843886760732	0.046739832154
0.514894678774	-0.939350268034	0.545683772935	-0.433367342609
0.662693011976	0.703784908809	-0.993345808956	1.19318947572
-0.571261783063	-0.370291856018	0.464961714221	0.581891470266
-0.408102070071	-0.411895915412	0.970185327849	0.876287071969
0.348162587071	0.659473533542	0.0292306184062	0.37095244684
0.452124595272	-0.0375560297937	0.829266100907	0.843974968601
-0.347414928874	0.566381984798	0.348282254722	0.242488899494
0.942379486787	-0.263912165945	0.0933994482772	0.623447891862
0.37217893653	0.28304106398	-0.931876923883	0.848494248214
0.550528013744	-0.518854565696	-0.851317068168	1.18388761867
0.237489316553	-0.636476402954	-0.306771893994	0.194606896099
0.886318797613	-0.386014151668	0.525909213475	0.517001514157
-0.378397298309	0.95502546937	0.0342062463815	-0.184356638261
0.0186810868605	-0.225762329894	0.211968344579	-0.00679239092055
0.651641919481	0.890666808955	0.407351820438	1.53378327188
0.763564271505	-0.139867869596	0.758258587134	0.945132360542
0.0970503270582	-0.227471818648	0.728456378601	0.352287949864
-0.712007884952	-0.13610709864	0.853561157736	1.21625547297
0.545761712796	0.0532873533408	0.214460783422	0.384359519554
0.0623735002747	0.300478834392	0.628403506693	0.606345290639
0.836539430077	-0.625191969599	-0.765151788865	1.24062449806
-0.8739303899	0.785947903511	0.0964995138175	0.162046315376
-0.337263269741	-0.102945681797	-0.777901906273	0.83367932826
0.946007258974	0.403257502714	-0.283020553403	1.2423847309
-0.00526588185299	-0.8944736274	0.581129520566	-0.177355588622
-0.795343233721	0.0730294927543	-0.72440350981	1.04634497066
-0.341593620466	0.0534274933275	0.498189274251	0.37324526777
0.621607970363	-0.776457180705	0.0832099045424	-0.153940543027
0.381683582344	-0.873195087236	-0.569070897358	0.633149726131
0.179145282232	0.865228303256	0.312517064712	0.555160126103
-0.433336296212	-0.816463856655	-0.817100431291	1.87636985347
0.16471159708	0.173098086601	-0.247388045607	0.0740196202745
0.0672910600469	-0.347450958974	0.54987645123	0.0924567547386
-0.349634547439	0.700310805435	-0.905214790179	0.0628735827946
0.227813510031	-0.725025788193	0.102874188508	-0.177275015265
-0.461188161015	0.101563242494	0.82569566122	0.931488408453
0.646565459479	-0.0921480326207	-0.886475934502	1.22599375412
0.68770130985	-0.546529008402	-0.79968931758	1.17364079104
-0.263026516482	0.54322929809	0.270336479039	0.146235746101
-0.678795111649	-0.631572248516	-0.145659323816	1.00268198382
-0.112931012153	0.123956815478	0.106953965847	0.0234516686903
0.945092447767	0.821437505459	-0.652819751589	1.55945711735
-0.381085947042	0.792857081707	-0.395814858991	-0.314075404216
0.323318920476	-0.138021283329	0.791224656205	0.576740846144
-0.45430013008	0.911460401573	0.073289265887	-0.135516390596
0.160393101533	0.437809267753	-0.161638624398	0.0513076904634
-0.831754937259	0.216562856576	-0.540415695176	0.686704207378
-0.0182012386981	-0.2349313793	-0.0736952948551	0.0273516609545
0.385588028136	-0.229787803569	0.852121944157	0.590379279168
-0.00852686184314	0.0925480200333	0.00169368537452	-0.000556821009669
-0.875454491706	0.82459071863	0.345711323302	0.449115586184
0.285349782156	-0.461831373535	0.971743825409	0.445145292953
0.167143851136	-0.497939258892	-0.487036209352	0.424428299968
-0.2675426733	-0.74744217069	0.385197304989	0.132016012506
-0.979658298051	-0.878297956463	0.216709043144	1.67678996179
0.494606881163	-0.0672805156356	0.890579870778	0.944572394207
-0.654356200529	0.452344938154	0.842366085505	1.22280797897
0.558238399992	0.55117947048	0.131987857297	0.709489448703
0.613181893587	-0.0516796391519	0.770704864725	0.898459254836
0.377231128022	0.418739871084	0.77122327883	1.21799232003
0.249316238674	-0.474437126681	-0.331237487756	0.21074334219
-0.843760690947	-0.564870395583	0.0723685189331	1.15290590747
-0.631675383126	0.0353478802637	0.224034041406	0.434795784019
-0.667059320333	0.360865342663	0.952639153863	1.4555453588
0.966890170324	0.925321623624	-0.180719436936	1.69499689582
-0.902596610608	0.79668882307	-0.0332224439396	0.0702277910881
0.0589307369861	-0.210826530921	0.157532118655	-0.0173469127584
-0.840910079929	-0.51190444536	-0.099101249845	1.19814679865
-0.300173374464	-0.55458314739	-0.519059293869	0.813859236937
-0.78655269604	-0.759424320714	0.862687064781	1.30507582412
0.207153280345	-0.292771647772	0.858956420723	0.468591920372
0.0841750649867	-0.511158031179	0.843137168897	0.243962631381
-0.271049302723	-0.682792757652	-0.0538218968873	0.298184223355
-0.231730020013	-0.697586201548	-0.169575379713	0.362399721035
-0.20530790711	0.443282597108	-0.347754601589	-0.0820783855712
-0.64566534549	-0.577032173385	-0.38222518712	1.15610574007
0.155238781743	-0.116357941275	0.332397373901	0.0778467543717
-0.0318746015023	-0.501240502724	0.559204393231	0.0494064937225
0.000113298354162	-0.189025697863	0.199233925338	0.00201242176673
-0.595902518595	0.318268680127	0.000542463842018	0.165615647108
0.875017777391	-0.751351826793	-0.194050621487	0.291665837875
-0.249483653661	0.574582213374	-0.497968608024	-0.119257946889
0.441475311493	-0.848544574621	0.940735581064	-0.0929836697239
0.691577001049	-0.808438138784	0.507302283468	-0.23358538221
0.237532712436	-0.686586821378	-0.790270194181	1.06045103994
-0.159194177768	0.919542638837	0.24383435175	0.162628226263
-0.350990221639	-0.103520798146	0.595343417511	0.452332282594
0.72105797759	-0.0920534396942	-0.177908329787	0.501577187505
-0.651977441768	-0.0743909801681	0.434949837912	0.630400842248
-0.34844513638	0.31186869883	0.0439929400287	0.0284002815069
-0.117251969719	0.270804268464	0.310299495538	0.162311895342
-0.279321943718	0.0227008007054	-0.324180758354	0.169413917764
-0.346325646019	-0.363432269265	0.00641867733769	0.243515813476
-0.567277051092	0.724836151673	0.708683203741	0.926531427469
-0.474555662704	0.263200544319	-0.594317414708	0.297088290647
-0.0859642123009	0.40137594584	-0.213102449539	-0.0672356644691
0.713660762796	0.639658796997	0.579486465864	1.6722892491
-0.31410129065	-0.775772271842	0.69180663698	0.284242709148
-0.884967003379	0.415253775879	0.484232116183	0.851240664378
0.284489735195	-0.963786723615	0.15773634151	-0.320396458701
-0.176344617151	0.086659554726	-0.0200631387012	0.0144793448657
-0.521485411661	0.696340911873	-0.91022586111	0.103499019589
0.069169853477	-0.965069510019	0.360947001328	-0.28002545592
-0.360260710927	0.17638145231	0.750398959761	0.761699529579
-0.996764473808	0.195669367367	-0.493904773009	0.945803032568
-0.716590073132	0.615887836261	0.540936970869	0.69793153028
-0.32864946283	-0.302383313829	-0.781913811915	1.05521548192
0.42400740479	-0.469735457651	0.335353023559	-0.0644545886057
-0.0489325985454	-0.906781940665	0.597574484418	-0.138008890374
-0.930174927053	0.741450210965	-0.39668676586	0.0387839029955
0.430403419956	0.306182203214	-0.903804998161	0.857163440391
-0.383301727734	0.117274168831	-0.266078436652	0.141562429901
0.237330501796	0.537415050006	0.0228006673349	0.19664404278
-0.141661997628	0.0903817600947	0.0737806360365	0.0193764668876
-0.580877269287	-0.779127364421	-0.35195003962	1.18807851501
0.979966468765	-0.701598249657	0.465759105898	0.162947291962
-0.190350415276	0.989613461057	-0.295689157837	-0.3573259455
-0.397975060808	-0.0810753496141	-0.824915650669	0.938016271716
-0.741947252606	0.209670938311	-0.468673663384	0.516308705004
-0.102875401216	-0.281569541002	-0.894024385713	1.09055956585
0.616701359611	-0.259626603663	0.363728325561	0.25807323247
0.842616148747	-0.269320850892	0.805872878845	0.91546060339
-0.727968105395	-0.742156727471	0.378145344954	0.932554779466
0.108599287728	0.0884987711668	-0.30328353258	0.0865453899944
0.252839587115	-0.525258950856	-0.0114574173267	-0.062729016034
-0.959139111046	0.977399747367	0.111558674001	0.103968267042
-0.393436634577	0.113928057184	-0.885326415097	0.792908256847
-0.746133079002	0.148037879771	0.123494205125	0.479791251528
-0.427639141296	-0.415257749945	-0.354523910599	0.633361707376
-0.674953297758	0.163735316983	0.893045479005	1.28880157415
0.902400858498	0.481135377515	0.357732973952	1.54859515727
0.246534818194	0.375211210045	-0.351688053645	0.145009230945
0.916619471567	-0.109337697914	-0.962267796127	1.77114164984
-0.220895252487	-0.316478969231	0.939134730884	0.70346106554
0.767773198537	0.906980378223	-0.238463516457	1.12641402872
-0.631217325578	-0.93788222093	-0.100958297795	1.09532238976
0.557781733048	0.0400360583343	-0.205778397246	0.367558036581
0.843771429456	0.583330952805	-0.475332738813	1.15281313022
-0.900760859899	-0.399350980595	-0.524316793891	1.65538438555
0.690225120642	-0.508419964612	0.121470807264	0.0784834592403
0.433142811654	0.0363656040297	0.693321986268	0.709272644725
-0.606877822011	-0.178660501447	0.650322873761	0.783458616254
-0.802814298742	0.37498196261	-0.878512124712	0.785827269475
0.922232868731	0.630965315943	0.557341721285	2.0947035071
0.806290845455	0.994178945746	-0.0974932086937	1.36428154047
0.684524536495	-0.977361851226	-0.804391975783	1.23277415413
-0.747207098276	0.538469054093	0.840691268199	1.31541858869
0.47437241201	0.959528227334	-0.80792001647	0.557715596649
-0.806211851404	0.188790269044	-0.849613072149	1.0592162889
-0.474223511418	0.316344311744	-0.825393609798	0.495036066135
0.245779966427	-0.452112719417	0.829531771776	0.262368638103
-0.611489547883	-0.566645563854	0.538568266031	0.705295765218
0.87416700368	-0.0274746149887	-0.445761735893	0.951101205717
0.317604560367	-0.140348507054	-0.674620779482	0.606092546221
-0.316713876252	0.487448509503	0.623846401201	0.639203303208
0.262460423688	-0.273869787791	-0.774514809029	0.808994889259
-0.885660078832	0.330916661912	-0.323528200127	0.488923722619
-0.122973507383	-0.882707373548	-0.727128281417	1.2942291384
0.613172103719	0.534398573387	-0.843577233694	0.964474405227
0.462451914068	-0.691814845284	0.0065120105595	-0.110532025853
0.497110646488	0.111239963629	0.639642160775	0.782713429627
0.659603677618	-0.618385019105	0.0364602552469	0.00597085331715
-0.00343305024369	-0.973310197569	0.509123649524	-0.232975140756
-0.371847473305	-0.961382977818	-0.93200481521	2.26040491475
-0.154862801908	0.913289209465	0.448612736353	0.493514520043
0.123370705705	-0.853461795896	0.54388871139	-0.258445159039
-0.79368646784	-0.102282908213	-0.721588181729	1.30561441114
-0.244684758564	0.15030912781	0.587596526121	0.45668307728
0.702927042101	0.34510100525	0.719450570738	1.50257949429
0.586513015427	0.145993208263	-0.27268158132	0.464170019976
-0.0069616283969	-0.971646632982	-0.277787081681	0.353889252411
0.365461904995	0.543082038891	0.725612781559	1.25261937812
0.607076266098	-0.275593330371	0.319309668724	0.215194472414
0.186936821366	-0.931792346802	0.0311681553457	-0.167311719009
0.0165496424394	0.736855166004	-0.803875716161	0.0663447729468
-0.18281901248	-0.601596734934	-0.486207347336	0.672304449578
-0.812085016637	0.450100753919	0.37218302957	0.600002065717
0.0629408754851	0.874381441225	-0.462452523032	-0.131501680303
0.939914363699	-0.760363989254	-0.925473546209	1.72896001822
-0.279098815786	0.880098508156	0.889027829067	1.4050642445
0.395855921674	0.810265473446	-0.539154403631	0.331279569351
-0.600940891301	0.272299101153	0.622357094039	0.754289920094
0.0457189879047	0.496946436123	0.255353117488	0.216912150257
-0.968397881476	0.139387311971	0.657413970177	1.32664037357
-0.842734681961	0.646838387821	0.757067509011	1.22794014134
0.277078727061	-0.421908822237	0.686334305199	0.141354941713
0.505088567537	0.284314214357	0.753451696451	1.18062480633
0.563773848766	0.137571111149	0.635547019167	0.886752870549
0.697485182019	-0.99353837375	-0.866551757883	1.40537165906
-0.466751583302	0.907644335632	-0.651091275995	-0.372826849177
-0.968200133399	-0.242367125012	0.141900410562	1.15781511305
-0.426440396096	0.348148891501	0.0646367518495	0.0600677834269
-0.79868495578	0.742589451974	-0.989058982794	0.288575538419
0.922914150272	0.277580984758	0.709056319546	1.80753536317
-0.245178829181	-0.229523271925	-0.787715848702	0.917682282597
-0.943514322139	0.335916740614	0.798506260113	1.47912088796
-0.751293027024	0.694703130212	-0.465046387661	-0.0642854436498
0.660774295742	-0.579130183248	0.150292132991	-0.010502654346
-0.869123501338	-0.241244966614	0.0606530697054	0.95409387773
-0.44099994488	-0.210802982709	-0.256489616889	0.407300754986
0.975648641105	0.132214272266	0.88985140228	1.99037151968
-0.422061862801	0.636789765182	-0.649586019462	-0.0823161905925
-0.895330776869	-0.192359776585	-0.441684459218	1.25389031363
0.387067036461	-0.616339108433	-0.192109375645	0.0665668720764
0.204271742067	0.852336226146	-0.848526274751	0.212602306484
0.883746640127	0.245358266666	-0.718151046349	1.33737929716
0.603575354674	0.0378118543585	-0.368270510496	0.508823690169
0.470184870636	0.848336041653	-0.291797106732	0.457552133582
0.959658476925	-0.988554329729	-0.79468772597	1.38939042401
0.696678316001	0.357156977317	0.656037755277	1.39887819552
-0.458325202795	-0.00125927209533	0.584586758905	0.551644672549
0.597974136924	0.220364053736	-0.164818671002	0.480190157109
-0.337984190593	0.867944219451	0.755918314941	1.04838931929
-0.632258791243	0.139180300528	0.664102161027	0.845214829161
-0.13065919949	-0.366072835384	0.463377447213	0.109991372669
0.424513557023	0.704162149509	0.134219510264	0.591665314694
0.276094235414	0.9201667354	-0.731835137317	0.192453077149
0.0385005055535	-0.150203178773	-0.298052167413	0.129302868094
0.629662582321	-0.851612122906	-0.799761159886	1.18095089118
-0.0353232188971	0.486587968196	-0.741371077594	0.172948704847
0.385096741889	0.680938989249	-0.434450948811	0.30343992376
0.620594460429	0.59583155366	0.548344313232	1.38230957581
0.561134668073	-0.989380291501	-0.558494453449	0.624175993933
-0.294805876499	-0.837242934428	-0.594143103152	1.18418278412
-0.860842122245	0.9835894301	-0.690839305845	-0.307909345621
-0.91485561695	0.327712990846	-0.987159936726	1.18813033481
0.17198547897	-0.739633333641	0.115383857099	-0.169655500567
-0.439431622808	-0.739880459648	-0.261119597363	0.779607754038
0.302443665272	0.885316366793	-0.24843823929	0.201005616922
0.104274283996	0.0308663117193	-0.619435633708	0.378672499804
-0.381044254781	0.481987093462	0.929166011162	1.27273181262
0.114587609545	-0.897880275097	-0.0893865153565	-0.00150729599402
-0.922342060174	-0.439906634427	-0.103488021057	1.312694105
-0.761383072967	0.173597979426	-0.450791035167	0.572485765303
-0.856041039715	0.0308518465152	-0.389060865168	0.845760925616
-0.39531492772	0.0135577988634	0.869914109324	0.919458969924
-0.790339941009	0.214782584043	-0.430126215113	0.547510908533
-0.704872639715	0.915802172531	0.0116950733643	-0.137831308254
0.696224403072	-0.200835876466	0.348266260366	0.39624660969
0.49129716548	-0.305285106076	0.655227082051	0.320678657336
0.643639411847	0.28781519356	-0.730753014108	0.923199041814
-0.344577317933	0.755722291125	0.452483779436	0.405022417001
0.0183107794131	-0.126187664389	0.534397496452	0.216171002437
-0.260615957921	0.576249031268	0.935706456294	1.33248749558
-0.941399794348	-0.0878318893111	0.492865700943	1.16854576881
0.389258649051	-0.478342961546	0.0491728273014	-0.0557803480272
-0.210656452761	-0.196643218584	0.764052985944	0.519331430982
-0.0436122057356	0.322078720976	0.537801366381	0.450300146951
-0.232272254082	-0.157466258253	-0.721821359038	0.72521402566
0.601847732599	-0.765724699882	0.367665074684	-0.244981603011
0.857630170062	-0.505264453734	0.0523361204112	0.278494957428
0.0509372061582	-0.256438707369	0.948560590553	0.646051869914
-0.830353935146	0.190904217679	-0.865320459863	1.11455576205
-0.00211234750277	0.185247597399	-0.281761710019	0.0268071361249
0.639339031842	-0.681665646813	0.00599362536163	-0.031110782001
-0.646299866508	-0.858570141088	0.81842242907	0.93973949703
-0.459872697836	-0.495264269289	-0.346322766612	0.730702164493
0.356577033813	-0.870258531202	-0.369378424778	0.274728121434
-0.414692705521	0.500854196077	-0.476911477491	-0.0471490989265
-0.704302021216	0.93552366896	-0.522896764499	-0.378611147142
-0.644589819416	-0.129034426623	0.902232777281	1.19627520835
0.0703419638186	0.268991627138	0.448229599178	0.345349173971
0.868859921631	-0.651329224192	0.0529697462524	0.157308755015
-0.799854406734	-0.178861757078	-0.286472374123	0.916135809892
-0.905757402493	-0.739174009104	0.40174918434	1.35434865452
0.261061009883	0.000559704792416	0.80335436841	0.714126850512
-0.7551377222	-0.464249585714	-0.397860099474	1.26380439928
-0.382602832352	0.850418390081	-0.165646171895	-0.292417453968
-0.854646890396	0.218731355247	0.156582584215	0.602250861203
-0.219926936182	-0.00748503407412	0.710658640149	0.549730416551
-0.467277966566	0.504770061492	-0.661428631001	0.0860992332852
0.100950316794	-0.439114809262	0.480606675098	-0.0141965449604
0.0519626371042	-0.836760938959	0.862737397404	-0.018369327207
-0.185974831878	-0.140002088365	0.0817248494975	0.0558608043629
-0.125305024002	0.977248513318	-0.0799679669727	-0.178506500473
0.142383608056	0.414538142369	-0.808195647371	0.397448810328
0.835346516932	-0.617229861681	-0.0788734609109	0.237107066454
0.693262986226	0.0841474620855	-0.997095170341	1.4492456396
0.231124700431	0.496814032227	-0.787250815016	0.396891215479
0.68276095754	0.672644939035	-0.929375269891	1.16401704833
-0.539904079774	0.751544730899	-0.189954102173	-0.220942094657
-0.63087165055	-0.827125812812	0.173084527573	0.806604839339
0.0033971887925	0.0122705312016	0.366820560312	0.139111632801
-0.304252309782	-0.506661595821	0.570874031643	0.283379640933
0.578010445202	-0.0672505646366	-0.226285612001	0.361647559331
