-0.485291917509	0.648466212736	0.7599334683	0.991102887744
0.499860908158	0.475836752646	0.336985616792	0.761622566323
-0.224223379613	-0.889142040909	-0.802956255629	1.60832346968
-0.0675596544781	-0.996523625648	0.581788221768	-0.169399074387
-0.850022300255	-0.315709180062	0.146652885549	0.966105160968
0.944085219714	-0.141062191821	-0.405263163619	0.979527713635
0.442062493543	0.63446765174	0.11074321884	0.558420650922
-0.737350994808	-0.657816777954	0.560480205333	0.974173122961
0.824977535391	0.438067488041	0.981243973163	2.43467458787
0.54813543825	-0.904296096907	-0.892914277951	1.40953052547
-0.359551478642	0.0195734805114	-0.15486335288	0.143191035179
0.4057859022	0.443028626993	0.30742708698	0.575147383583
0.0648780728423	0.811518793322	0.414259555839	0.564649334202
0.576441051465	0.26074120538	-0.962118354322	1.1573940487
-0.975543421614	0.0779517912814	0.861455368028	1.68489695042
0.0503925460489	-0.978669272547	-0.632018821135	0.971206962499
0.690369407038	0.766676955437	-0.357325580208	0.859628515627
-0.516681372767	0.201543343524	0.716129068994	0.819997839979
-0.489546989986	-0.473288864802	0.90937597415	0.86792053444
0.416211101948	-0.81759317498	-0.94067869423	1.48690921111
0.928910864472	0.911619484932	0.776221805112	3.01982785085
-0.784462272204	0.683922161115	-0.093199444457	0.0238148949722
0.955346714143	0.583703051124	-0.0875334319173	1.42689470657
0.418736562658	0.303257044243	-0.176009256578	0.279928332707
0.851975471295	0.446341922872	0.853668671525	2.21591289087
0.160673568192	0.881579809852	0.186961332075	0.367238444483
-0.988238524309	-0.463049559054	0.428474185344	1.41940413877
-0.382083584309	0.576886810687	0.323939288581	0.217381850762
0.880710136196	0.768312170514	-0.774184099341	1.45685661426
0.690573579201	0.269845508885	-0.155639675859	0.64546508836
-0.942796639787	-0.0868929311449	-0.300382506677	1.08711863429
0.870838552922	-0.475055488351	-0.632271317439	1.04479412955
0.795424983392	0.951524616648	-0.791909488609	1.26316662218
-0.502959736817	-0.48289735071	-0.946708907344	1.84926739978
0.0036051401843	0.123029882914	0.882795001055	0.888393716515
-0.0315062273213	-0.0798391240884	0.879864437597	0.707421894486
-0.9110320336	-0.041917146475	0.933302296455	1.70009903694
0.634844519364	0.10633441994	0.594351946754	0.886987693593
-0.160739700887	0.613066777667	0.0854963864368	-0.0129822927959
0.821307362652	-0.718750875294	0.426550192858	-0.0404078592913
-0.613882143592	-0.871201732819	-0.216082580368	1.14660967345
-0.248286437261	-0.268101722919	0.689677059963	0.41896301554
-0.120964810846	-0.372792693219	-0.436608230031	0.413118387569
-0.517672160052	0.319889158851	0.115283079593	0.152554749255
0.506066189279	0.389682423193	-0.395965379559	0.455795920068
0.474533559095	0.879043234754	-0.317680819527	0.463983541373
-0.288778018979	0.587106361165	0.206845458475	0.0780746604787
-0.206312877786	0.751825078463	0.520174298628	0.549115191844
0.560933382741	-0.148045274853	-0.55809639852	0.625697847806
0.71738819666	0.945384315065	0.624106852569	2.17238356641
0.409944906939	0.649335504367	0.404406820909	0.860387193457
0.170361977229	-0.62338259858	-0.055510045979	-0.0394921268645
-0.45478043861	-0.986498701404	-0.906192498281	2.37060812617
0.493945189166	0.128383217402	0.948771558784	1.32936993856
0.221001373225	0.169124017158	-0.872287194208	0.699578481784
0.10288557784	-0.026728709363	-0.482094322466	0.253136138204
-0.527354618395	0.0439399051844	0.713717849604	0.795684845094
-0.171023604738	-0.618401588477	0.0220309332438	0.12187174012
0.518034191664	0.31971971116	0.283685390406	0.605162377674
-0.00636277508802	0.642009802984	0.830563977249	1.21902225663
-0.627594252182	0.236715165209	-0.648465680143	0.512319545999
-0.161263009142	-0.827578880354	0.158579022183	0.0533742753158
0.721311019607	-0.363540263017	-0.0820136608403	0.294605497619
-0.371281363373	-0.974476764284	-0.288708489641	0.864347219203
-0.821019897489	-0.393134406749	-0.52908002672	1.4847700795
0.514506205127	-0.0895612554697	0.874131694763	0.904454701196
-0.712518571892	0.338669077118	0.714047551601	1.01806443938
-0.316958204011	0.216391780054	0.300247916904	0.186995345923
0.63466336969	-0.200157022161	-0.479397810421	0.601542361475
0.52981957798	-0.472503771	-0.346878903094	0.314593599869
-0.15074874575	-0.0333795131301	0.255881867229	0.0846914219129
0.264501840017	0.842527187575	-0.136085772571	0.196674589014
0.262679764734	0.976297761567	-0.68257152019	0.124965158022
-0.757335141481	-0.173872617408	0.562023026873	0.923385827835
-0.0608834977616	0.512220569246	0.000590829427608	-0.0271759955163
0.0474622857534	-0.959535846715	0.547515064243	-0.268876681163
0.233776293819	0.180210215342	0.834705902445	0.943936705805
0.855875897257	-0.651692635225	0.779481903686	0.274364954847
0.841644741975	0.824893723543	-0.394567428757	1.23284059714
0.868639851565	0.667083821409	-0.112374603646	1.27165555485
0.22165104107	-0.880225829622	0.650531356311	-0.295397244765
-0.158244089697	-0.817844909213	0.675105203353	0.0580959969446
0.297194777525	0.530874809726	-0.768991988616	0.429208159676
-0.284936716023	-0.238365869276	-0.740210244197	0.873460184061
-0.831003723098	-0.541532836572	0.242949784172	1.06804230304
-0.0800115958868	0.79881027795	-0.724797686336	-0.111156384835
0.663673259585	-0.525849425208	0.131720541668	0.0395551233824
-0.900459337383	-0.86128036324	0.656161431246	1.45178383147
0.839945459301	0.681569227206	0.142736480845	1.3956478481
-0.85813374228	0.485857797818	0.389985965648	0.661029325234
-0.673706249528	0.750203371676	-0.503245678629	-0.175816981092
0.311743604712	0.649559317752	-0.33798373535	0.194372559085
-0.266889710792	-0.796091428899	-0.640300960734	1.20342215602
0.840124991135	-0.869818627107	0.108711682925	-0.107687582445
0.779195452492	-0.669427181903	-0.969326175074	1.67401746068
-0.0668957449734	-0.78959276375	0.122293386268	-0.0243108636746
0.783624344979	-0.589395596566	0.29779084555	0.0653651503795
0.410372830363	0.848803008833	-0.860518249781	0.526812731692
-0.293961757718	0.475211324387	0.220620460611	0.10023428771
-0.184857283222	-0.485376103444	0.861156420244	0.447503155397
0.043691442314	0.12896174594	-0.346698423551	0.0830324296918
0.0273151501118	0.344708410015	-0.0708533431897	-0.00924166764403
0.291559072756	0.740457238478	-0.0389574798243	0.273565056078
-0.240560255698	0.964564403364	-0.33936595462	-0.386337691274
-0.649596853785	0.679854752693	-0.510636848404	-0.106064333273
0.910446486752	-0.963439035299	0.090798491639	-0.127481324756
-0.0695962136331	0.292818391354	-0.236684226242	-0.0288214898035
0.331742507299	0.420923517482	-0.492181637875	0.284763252626
0.469446024577	0.866271314318	-0.0336904072178	0.598997204901
0.398208446478	-0.50659876664	0.710934470146	0.1021073541
0.838261307377	-0.593601421764	-0.400774278841	0.603609119884
-0.264037235006	-0.019356253375	0.638117823446	0.469669219417
0.182088779183	0.760325776126	0.456377858493	0.726879715048
0.0722916665244	-0.266735032729	0.250740212672	-0.0180671795702
0.104968747033	-0.720566888876	0.783126693384	-0.0156263127811
0.297191170962	-0.523066847238	0.27451974519	-0.135359343846
0.0492559974657	0.651001983234	-0.0435133383192	0.00805804639145
-0.883655723687	0.657774729402	0.11874975314	0.291813124081
0.649826546661	-0.866489044181	0.306954271926	-0.312544631189
0.608796547681	-0.284261066206	0.562348281948	0.353957948726
0.626283515148	0.221347343478	0.721411454745	1.21097422979
-0.450098498819	-0.25921489507	0.42537792529	0.389942978836
-0.504616768873	0.494800706674	0.0562357831572	0.0359413181436
-0.665231333189	0.663610956583	0.770659563881	1.10641221908
0.468602257209	-0.842585695862	0.892006671495	-0.131165643535
0.885079391154	-0.341674282728	-0.371523561515	0.745926465674
0.761009570149	0.198916243637	-0.616319422101	0.987766416657
0.352497219964	0.212017233916	-0.573971488139	0.406741197557
0.94421792992	-0.788027472499	-0.68942294548	1.16606604934
0.215542169476	-0.0372673200213	-0.0761240835687	0.0470575644974
-0.789232323557	-0.294105109805	-0.397404123084	1.12981354003
-0.438468697316	0.939735048874	-0.768371024595	-0.35146075509
-0.190785547638	-0.12116129116	0.999444316048	0.93730992558
-0.0720623025078	-0.420832026302	0.170625120091	-0.0071724831928
0.0131944768696	-0.458331676623	0.25717234968	-0.0576059692561
0.920290731122	0.855531781037	0.566910448859	2.44067036108
0.611707060642	-0.687250185565	0.486996489929	-0.143733109769
-0.222820054891	-0.320311177727	-0.707896215043	0.848884652686
0.24674684072	0.606516293478	0.773211488762	1.27736135526
0.00711817816254	0.259394382682	0.193729332275	0.0896804386269
0.582591156982	0.463150208642	0.3748490865	0.923362942374
-0.753568706068	-0.0523076579445	0.397752198921	0.744684534659
0.685202902214	0.483527984511	-0.201406686997	0.743996679628
-0.233105006236	-0.034078882372	0.775944937828	0.637929112298
0.823379816359	0.426719639315	-0.904966128715	1.46210353433
-0.210700223751	0.777482803127	-0.030518229952	-0.142217252903
0.312433902	0.605597615185	-0.798317432733	0.440675759055
0.0867295280039	-0.851621420663	0.143154768138	-0.1677590922
-0.995576122856	0.401686502745	0.190806998484	0.704314231985
0.885861768493	0.205457953731	-0.904850739899	1.59960449917
0.235094496669	-0.0943672253336	-0.403033978296	0.233553792931
-0.578017589181	-0.217695423521	0.567574481729	0.658518542413
0.132040077294	0.0462269867211	-0.717491482993	0.505164955822
0.615057567226	0.218985354133	-0.7908648771	0.96526383882
0.153494066456	0.359492393913	0.822415885556	1.05076052214
0.722433833827	0.11545285028	0.679614212054	1.14565656461
-0.624398255312	0.717381195529	0.702424823674	0.939248607045
0.888131902907	0.231712256886	-0.88307221695	1.56976720856
-0.523447543768	-0.203213025701	-0.12769823643	0.42262547483
0.766499294117	0.304411386386	-0.00314326190797	0.819905316048
-0.354902638237	0.421585504166	-0.59442147145	0.0790714849493
0.806288000566	0.858622139957	-0.182596177434	1.21895731172
0.772060376516	-0.580897636839	-0.667746367731	0.981366675411
0.65264486401	0.824732665362	0.836858989133	2.35472076908
-0.0829754039598	-0.0380944668834	0.249926039967	0.0629880476414
-0.55926904973	0.539964080054	0.0496221389931	0.040053201356
0.393168100049	0.721907339965	-0.0828972301054	0.385439924045
-0.952103464493	-0.356934975137	0.286987235575	1.22626592511
-0.0198125420505	0.111388910333	-0.40922000996	0.120064084908
0.954867679826	0.741786104498	-0.346031618424	1.48313629719
0.0135319364997	-0.811910423419	0.73275630431	-0.0688042867771
0.902009544955	-0.606754398793	-0.837699325506	1.4763408706
0.116165345905	0.553671037367	0.948566425228	1.5027837949
0.481613312937	-0.151651367146	-0.00633535968035	0.159914968594
0.591701283411	0.910089516249	-0.364857995746	0.689679463785
-0.0338352811859	0.29836723315	-0.451229276359	0.0600253161628
-0.339333325173	-0.473184890364	-0.53955582617	0.822144661848
-0.502313684256	0.23382022138	-0.436613862418	0.223410455424
0.52857676432	0.883295466176	0.0886994749651	0.832498296178
0.590221586803	-0.355531504909	-0.3542558511	0.389965476446
-0.312679891887	-0.215003252175	0.506016009236	0.3122530224
0.288291851512	0.0686654699152	-0.992862113743	1.02050772041
-0.449044230941	0.536752075907	-0.089783906935	-0.0795152502762
0.846649925139	0.193632942392	-0.966222883712	1.62724949295
-0.570359265066	-0.0767726615111	0.991801185448	1.2766240648
0.555355868124	0.440431130838	0.267960608467	0.742837234771
-0.702254335794	-0.307777084003	0.826729424466	1.1383321136
0.664542999056	0.240044488058	0.560257170615	1.04951202452
0.798945213471	-0.361648298509	0.00778982078034	0.346619782951
-0.850702218958	0.961549183091	-0.558937459052	-0.319332532372
0.807068436703	-0.610159035628	0.728383765772	0.245032336648
0.0412907844558	0.658549048959	0.19606914722	0.196461196639
-0.692623438734	0.0174370978995	-0.442181449298	0.655463958058
-0.141755957513	-0.898761346217	-0.525565319806	0.896076226435
0.578954281762	0.988302060954	0.61082989218	1.88416736875
0.544146682961	-0.463596686273	0.442666322887	0.0345658465135
0.025715769713	-0.256268746314	0.924694589086	0.612160912764
0.982828884087	-0.54041412212	0.334801950974	0.365978650764
0.514234324254	0.128532466879	-0.0378827703269	0.327098684856
-0.232242224462	-0.577813217643	-0.220479310832	0.364136064333
0.719870431888	-0.851462340486	-0.661246616849	0.90554455624
-0.244771998107	0.953088906271	-0.021611943804	-0.193507172672
-0.834724912089	0.740386865773	0.607751729919	0.898079881121
0.591192451053	0.227470590551	-0.262922393776	0.49330848312
-0.39775761578	-0.255351714806	0.112631175487	0.243704428068
-0.963881008232	0.661737381522	-0.523739303138	0.218955486137
-0.626690960128	-0.702145437284	0.971453243861	1.09438970004
-0.364979790471	0.233947246076	0.996178853339	1.27324983778
-0.156802077198	-0.405533658074	-0.885719920513	1.23186442836
-0.156480790645	-0.640733104766	0.113249827122	0.0650112706645
0.623220783382	0.196995292476	0.312920401086	0.670738728689
-0.617521019255	0.175042234344	0.793677974954	1.04209184427
-0.152183331505	-0.725298572349	0.0345215556795	0.109691422221
0.511255888283	0.559878717112	-0.790659138831	0.730092523648
0.997096760133	-0.311247686794	0.223783503943	0.664284847659
0.559699658199	-0.00477233528313	-0.698582406476	0.801943881065
-0.447156847992	0.951172135612	-0.97115078923	-0.205971602122
0.166787922363	0.198758490873	-0.738599923612	0.459695567774
-0.715208724225	-0.346388278522	0.491374785042	0.830506151451
0.39454603353	0.0609441243106	0.498463347794	0.458555956414
-0.680766655005	0.704723835675	-0.787502073395	0.0488787840883
-0.431554619724	-0.315311116985	0.522105078615	0.430281536584
0.0348258174698	0.528871964542	0.316296273873	0.286954800671
-0.322291355095	0.959571796676	-0.481605543131	-0.435581174229
0.721738102493	0.386508067023	0.0184851720304	0.807349857178
-0.491627010176	0.518360310213	-0.662511238139	0.08235879737
0.847347568857	-0.542007454069	-0.506376729393	0.789606557909
-0.528738888217	0.233488363292	0.42369394935	0.434554603781
0.285964925663	-0.995265794842	0.294039688737	-0.409023476301
0.519228294491	0.413295366429	-0.42271766873	0.488175643694
0.0969538366228	0.675980248314	0.703520406549	1.04544578654
0.00433203370501	-0.224264138706	-0.630169289263	0.537484952734
0.171868640468	0.229195360837	-0.541433228305	0.237986281227
-0.0335170081105	0.0401474500762	-0.892054826207	0.759725853782
0.917841912711	-0.720258012355	0.0948123169361	0.122050829523
-0.284771765725	-0.608796296268	-0.265987757355	0.487144803402
0.172249328763	0.551206114044	0.561471577347	0.749351612878
-0.444109591455	0.429105900658	0.939761979242	1.29307327113
-0.251891776314	0.531912120025	0.490683613986	0.431236148629
0.157374821517	-0.325281915867	-0.219772117892	0.0933633303599
-0.945423579998	0.606146224679	0.239841934072	0.523664248074
-0.130450285015	-0.250680852399	0.302646170881	0.0654457701607
0.00452969817473	0.0581949358312	-0.39915102183	0.136377093785
-0.796705252482	-0.685965694642	-0.169372020696	1.3261220085
0.809713707125	0.131821817999	0.878051503187	1.64909500813
-0.0578469349092	0.351675778418	0.67211189373	0.671102773121
-0.788400739513	-0.289599211013	-0.485204601214	1.22583433292
-0.413294543629	0.687269509363	-0.545746170031	-0.190468178839
-0.568462476987	0.697220791623	-0.972206984308	0.194149226646
0.145850863333	0.096298434583	0.0361112397239	0.0400991616472
-0.847024037541	-0.425239434304	-0.609202931814	1.70782306497
0.0362667332255	0.193657522885	0.253493340356	0.121688367625
0.691865996241	0.842137016112	-0.806332578111	1.03245423758
0.708702793355	0.911605161676	0.972606949939	2.98091456874
-0.255348232798	0.366756472148	0.488183671972	0.388919921836
-0.756910320413	0.277374839065	-0.821351447042	0.809761328956
-0.246712303823	0.728643035136	0.742873620392	0.974252664353
0.93075889529	0.743063103149	0.956405640416	3.18330620623
0.58402347172	-0.723958013014	0.228120038884	-0.194835634559
0.0111192634227	-0.968390701678	0.880703485217	-0.0878705904354
0.889714317922	0.18899413798	-0.133975860374	0.952371237001
-0.73457819314	-0.218256336864	0.10950023371	0.688022648698
0.0169531372946	0.71832757066	0.170147852652	0.163637500203
-0.404146814642	-0.510351231176	-0.380566760344	0.708645245978
0.164851254006	-0.238321190449	0.814358497405	0.456989264588
-0.228609430086	0.405332346279	-0.295330935093	-0.0728873447811
0.805474777827	0.246500393774	-0.971031160423	1.55088141873
-0.5003990597	0.409084716657	-0.345262256414	0.0236581247626
0.0762787281425	0.242498744223	0.970771651415	1.20212444574
-0.42622285664	-0.665189544443	-0.20274599709	0.64115536814
0.236756099332	-0.45557768724	0.841673959179	0.273159832224
-0.496053338355	-0.837293840581	0.363024828121	0.489239892565
0.736909595573	0.137172747278	-0.0124905455256	0.64256231705
-0.95809265227	0.745565247991	0.620901677223	1.05206255018
-0.101462612452	0.0723261545113	0.109954579946	0.0229988627297
-0.0498326735657	0.330111157369	-0.234797190738	-0.036346477794
-0.637578913133	-0.50315565356	-0.418965220494	1.11364488052
-0.415106713093	-0.495642406828	0.663035945555	0.489046006853
-0.712661182487	0.750106277444	-0.773887515454	-0.00828166245336
0.742307835426	0.226043749694	0.840237069687	1.61474364022
0.741508618596	-0.964506608063	-0.360499759875	0.312309546355
-0.249838910711	0.943854345201	0.969689967404	1.68215266195
0.266608731064	0.955988290694	0.480305424094	1.01581470238
0.959581018752	-0.638218407176	-0.725845813567	1.29847376627
-0.293444752197	-0.00124028255454	-0.998437978104	1.08459051832
0.94440743721	0.769384590011	0.89580356464	3.11019942107
0.609754418548	0.983761079937	0.567285576314	1.85153951251
-0.402713166437	-0.518640931367	-0.1512668432	0.47237626043
0.359915820062	-0.174281993892	-0.168133033055	0.124383827821
-0.232367461525	0.807462013046	0.417437098131	0.377685069399
-0.268516641308	0.915657085001	-0.906591971397	-0.181986337608
0.89844909256	0.676820689	-0.0898321843477	1.36256924622
-0.794215946689	0.556359425823	0.489952674738	0.701552854176
0.505607354421	0.173922446495	-0.827590225392	0.88454432936
0.49740056833	-0.968967010959	0.243014495782	-0.410974401006
0.698737414386	0.600774913634	0.0434681497033	0.936021937967
-0.615075000062	-0.70953655902	-0.169764560541	0.96400962293
0.498388987048	0.549057931306	0.307979081943	0.785985481157
0.624815475609	-0.0941031674739	0.649714380551	0.692585858351
0.652749466296	0.601841680287	0.945491414808	2.28192385861
-0.299353543202	0.294039300533	0.599156854074	0.536755435438
0.407069629808	-0.943227578701	0.167657714624	-0.348283888716
0.386597220927	-0.444624268003	0.302383692196	-0.0654443256307
0.971069809388	-0.923768115891	-0.486034148297	0.73114528923
0.436956452622	-0.98746072327	-0.268915484392	0.0973126232057
-0.951618986986	0.710263089587	0.0283191450436	0.250594872015
-0.00164667710565	-0.694379707966	0.0754559743293	-0.0455553626439
0.684805998755	0.068488180151	0.974659832957	1.53257484075
0.0410886464346	0.975475807861	0.0479977302886	0.0908936642821
-0.964271611131	-0.511338777326	-0.535367909865	1.98326237804
-0.896961801775	-0.172206628155	0.499584992465	1.12255655898
0.0651308216626	-0.0276065853539	-0.735588199643	0.563841062216
-0.745092217764	-0.977327572895	-0.26807243977	1.61721900163
0.412510689357	-0.105494202647	0.628345712597	0.455179087178
-0.750257178672	-0.0607419024097	0.886549096331	1.34057650399
-0.202026175756	0.802571633501	0.559922931245	0.641566048303
-0.942599044718	0.488424233029	0.974421257507	1.85353248606
-0.543951143773	-0.455451050401	-0.8096158916	1.56784426679
-0.123537771912	-0.994474385984	0.517331024756	-0.108724333063
0.546531864216	-0.00818224700582	-0.891067779602	1.09551794441
0.876282395037	-0.774958921307	0.267591609135	-0.046979259253
-0.759445697866	0.397447220092	-0.393789309099	0.273477740338
0.416202017583	-0.529042849803	0.540604064029	-0.0407145426405
-0.219298905931	-0.904390826185	0.404112468299	0.0442552068169
0.0798758430633	0.295815432998	0.93999237957	1.19165858383
-0.535163281023	-0.327287108504	-0.215964184862	0.578874602926
-0.920313450149	0.236375926911	0.799841743569	1.45824704997
-0.0465582657527	-0.442456608179	0.508517672477	0.0563609031156
-0.431523433641	0.849110559719	-0.999650530247	-0.029711269127
-0.0529089107953	-0.457039616465	0.0627027876441	0.00225480270118
-0.106896525823	-0.0975545400697	-0.811427020514	0.759427308052
-0.941226694642	-0.164127983296	-0.132554078964	1.07971574743
0.749113550669	0.0871411765232	-0.27396451891	0.677632715069
-0.355199953536	-0.385685186954	0.970389398248	0.830553135227
-0.128752934126	0.636338284035	-0.987446432854	0.281347385977
-0.709813946211	-0.617102593417	0.833142147116	1.12185552292
0.46949992852	0.554327634381	-0.997530458063	0.92279528332
0.137023088475	-0.00591691997549	-0.30471830073	0.112620808726
0.979385487585	-0.588716319048	-0.235643827441	0.576871094221
0.258298367591	-0.738583786215	0.62732880071	-0.193850396238
-0.56918143511	-0.587174152155	0.327728091688	0.573148370364
-0.0295322085773	-0.76299124238	0.956424010953	0.208408712223
-0.20839929642	-0.0641918827816	0.140155255542	0.0674544758769
-0.943328203121	-0.503089357132	-0.730781921011	2.266137301
-0.0995391428245	-0.448236745668	0.499337868639	0.0800418682299
0.357177181781	-0.811215980504	-0.986583008393	1.61150563641
0.450067522826	0.376758322371	-0.255032019797	0.341083355148
-0.894593040403	0.959596520352	-0.541475517744	-0.284553947131
-0.597728359783	-0.933961893925	0.0752132907151	0.850945394699
-0.509258147137	-0.074618138181	-0.843353411228	1.07151819282
0.279455907209	-0.852577132618	-0.350657161633	0.261760610414
0.114856318105	-0.952866804938	-0.95790973526	1.73410065071
-0.118340506109	0.544339104687	-0.183429519652	-0.116614361578
0.131371902173	0.708836780406	-0.275988194272	-0.00908128682751
0.284291262067	-0.152719191238	-0.0536813491297	0.0484846495369
0.824557164247	0.10775975133	0.777045883082	1.45628316763
-0.499304341692	0.661721831165	0.579508508022	0.638207784313
0.533629212089	0.0567165183229	-0.642054729388	0.690844893686
-0.970802280285	-0.611044259075	0.168761299328	1.46101998051
-0.564220362445	0.269479581391	-0.101385783721	0.149256428898
-0.303019807412	0.176781785658	0.897090210081	1.0016126753
-0.288621168208	0.769626155484	0.237552468263	0.100429546711
-0.596239290036	0.086256744104	0.337453981662	0.4470545026
-0.925980901744	0.494554474798	-0.146357942198	0.348531303868
-0.656708679421	-0.507101877703	-0.408695515936	1.13856678235
-0.705108668621	0.00593936558509	-0.616178729451	0.869006852292
-0.955927602731	0.878855480507	0.876567429763	1.61242191764
0.337300659047	-0.213054421324	-0.894798135305	1.03321273973
0.425900890518	-0.528249118691	-0.762946648827	0.941523282286
0.577533016625	-0.175958469284	-0.527647797908	0.603178857203
-0.541361816673	0.0475999465709	0.440941176418	0.482721720501
-0.743967940728	-0.164316874537	-0.152956590604	0.724263851124
0.296660371356	-0.801602027013	-0.548175788352	0.590119338957
0.751026498703	0.448138022654	0.132385080375	0.977456929498
-0.00480073968263	-0.291563348541	-0.494095202451	0.389612887649
0.815546930226	0.894795738274	0.349284301701	1.82940234095
0.788375754904	0.148906290226	-0.675980715392	1.09522258688
-0.837837827266	0.242458183278	-0.0485181178576	0.489421980365
-0.240345407138	-0.0614891507974	-0.729203174552	0.649119903454
-0.799208274354	0.737030132546	0.289399403394	0.346741380745
0.93520327093	0.721731450555	-0.855156736194	1.66367030304
-0.606355023166	-0.82671109509	0.766244552749	0.82261468064
-0.0828737180784	0.263276235068	-0.788946662191	0.399775301557
0.64498505593	0.570675416834	-0.758166278777	0.926232087121
-0.313378454351	0.166610140557	0.170373439439	0.103407078882
-0.758367498454	-0.967313876838	0.622685689991	1.09410562739
0.411969740775	-0.259851830962	0.709524701313	0.381721984898
0.0550458851036	-0.116500798919	0.0459039988821	-0.00662351555491
-0.183133092768	0.320486679925	0.834984067911	0.939645678162
0.338191375032	-0.919391169282	-0.412584780534	0.352996247346
0.694976141148	-0.0189616582673	0.804685343277	1.10207426987
0.493439447985	0.208927749309	0.112284931051	0.382643025782
0.752952325295	-0.828515447013	0.355202645276	-0.225017387424
-0.800015733321	-0.821548643556	0.666776234915	1.19407845019
0.306419645735	0.924895036984	0.0514600564159	0.427542297056
0.353080149326	0.505957565583	-0.0776117627097	0.270064491847
0.859626443289	0.786521174181	-0.47860941784	1.26770255509
-0.356003581014	-0.884425402515	0.375520384706	0.250492952064
0.52271093521	0.822629472641	-0.0364428853946	0.674573235067
-0.981117264621	0.349015023774	-0.968112556499	1.21952251663
0.548448247359	-0.977425487359	-0.673470739692	0.876558487753
0.084040716864	0.461798786205	-0.0326935085014	0.031843786086
0.836875520956	-0.911166314522	0.616367926461	-0.243876417741
-0.827448566421	0.501092634701	-0.761522300172	0.468365745728
0.922540440398	0.629817772109	-0.917671169899	1.69626799333
-0.16618116067	-0.514725189911	0.0263160155227	0.100300824233
0.858087808371	-0.511212680877	0.960097479685	0.728622481934
-0.87431273953	0.928042556341	-0.749201148522	-0.180964851472
0.017455402132	0.960801819216	-0.970029293489	0.0260267935373
-0.589791417229	-0.0223252234867	-0.652123814055	0.800845419784
0.733862732701	0.532928677748	0.56525088203	1.55039797103
-0.602229585553	-0.671534176306	-0.434998422562	1.24843815742
0.783161092381	-0.137464410315	0.226556361963	0.525868867318
-0.895877276858	-0.187587388418	0.851567909222	1.53607587776
-0.362618920351	-0.617049170216	-0.762046491634	1.40618119604
-0.757633061211	-0.129772639204	-0.250583319967	0.767638756359
0.253418764245	-0.00703449373447	0.0959835389135	0.0709760415016
-0.833240827454	0.487713707692	-0.615553646948	0.366599644013
0.0983122235618	-0.950145788256	-0.661086510742	0.981418286691
0.924814757694	0.904778131063	0.336196393055	2.10924566298
0.375613780474	0.292831564445	0.0955968913003	0.288209835907
-0.616368910122	0.719861835927	0.808463718221	1.17180593828
-0.153903891707	-0.568156509236	0.512987430168	0.0828268616571
0.429365508811	-0.567754266871	-0.436315388007	0.378671681537
0.133668999744	0.0369825098178	-0.967683836484	0.923435446997
-0.295546505481	0.337255796042	0.121465970664	0.0433920495866
0.68772131157	-0.724254084825	-0.242279097038	0.209046419821
0.268984626195	0.0200629269638	-0.540196004714	0.358723158559
0.305709734824	0.303674537807	-0.960272581811	0.816807803319
0.752244572439	-0.153031922793	0.0120431535475	0.449056514037
0.0356156776913	-0.424011336565	-0.923509697512	1.23061576797
-0.947810217388	0.974764274202	0.0376160944849	0.0125344651548
0.759041291772	-0.618353238802	-0.372656148623	0.476093783031
-0.580071875318	0.624249121784	0.764971822423	1.03708889923
-0.690457287634	0.693173343466	0.338946025351	0.347957437206
0.811444055354	0.367501253615	-0.158999633976	0.923496481345
-0.136225339102	0.442148386794	0.544647327814	0.495781178149
-0.515584434122	0.760422582602	0.258987420211	0.137779628531
-0.857597670783	0.143733111567	-0.914373457246	1.31686166041
-0.525683018866	0.394584066121	0.270635165465	0.248948210059
-0.279415388864	-0.151578344801	0.776380540503	0.605510548097
0.866751896818	0.245909969375	-0.423505784554	1.03961463808
-0.993817728229	-0.0591406940405	0.533052461538	1.29906858135
0.706586956479	0.225303565117	-0.374869589652	0.714529441669
0.12446631782	0.742690323616	0.346683210021	0.485599307686
-0.259494800223	0.0504283657256	0.242038339763	0.125039808486
-0.383312556485	0.279087263276	0.55018234303	0.496200358592
-0.411339634766	0.409261471521	0.776326505056	0.921258201203
0.438664829894	0.321895463954	-0.103599242266	0.311015728769
-0.0739491024802	0.317372630409	-0.622103321257	0.171573023452
0.868205830642	0.483236939804	-0.090877713609	1.13767378369
0.846823062161	-0.702241693099	0.823543398433	0.222332056326
-0.217612154381	-0.663969550187	-0.371247846143	0.576165122672
0.332973709095	-0.873060297707	-0.17241802809	0.000424676702064
0.528303787818	-0.84557270026	-0.0433861873789	-0.129045831329
-0.486841312161	-0.232444257536	-0.234893833411	0.459952766251
0.993357795335	-0.142963413787	-0.932680846732	1.8479786877
0.0578157388263	0.588074872598	-0.667197688359	0.0901332026729
0.537876926044	0.735193493183	-0.973557093827	0.916815778048
0.93222938633	-0.231515907553	0.938348564233	1.31648110486
0.917455870765	-0.383057518243	0.254442162505	0.457561736602
0.701283538608	0.377486206163	-0.481599262242	0.806664234953
-0.443778797484	0.187524181107	-0.340541382252	0.165829054691
-0.827857277408	-0.953827339657	-0.689103454608	2.60712986229
0.912016125461	-0.737695764439	0.354030170205	0.0231537846195
-0.482992803084	-0.752453427184	-0.952932282494	2.22182873467
-0.819656698956	-0.611812828918	-0.18864632753	1.32431726808
0.98895549256	-0.163807551374	-0.318775824652	0.969870502267
0.558501275449	-0.387463955908	0.500777562769	0.152269472985
0.825922653444	-0.219830932618	0.911626059732	1.13124334817
-0.651517804336	0.653927092988	-0.991837269039	0.333582211744
-0.408938834928	-0.935068530346	-0.535767207685	1.33764236242
0.664720676905	0.415258484362	0.667553669573	1.44071970594
0.44228906743	-0.171514845116	0.609581093041	0.386797380505
-0.403020270443	-0.466696478274	0.515400356058	0.375615475228
0.531597265913	-0.460252703724	-0.318669320879	0.286145126796
-0.842662392491	-0.733330914123	-0.260625713783	1.58708094592
-0.286838654705	-0.592776082264	-0.517951559927	0.827610622738
-0.955679919338	0.0761283622313	0.460312990479	1.08750068443
0.00401021341243	-0.545003652964	0.838168981933	0.243552586173
0.590176362809	-0.400493431313	0.165379025715	0.0730633912679
0.712836084582	-0.504401377252	0.74435005995	0.327185597014
-0.0306946327097	0.589088756419	0.108023926858	0.0581651469756
0.15393844074	0.767830929645	0.893062450376	1.62517725137
-0.342068914617	0.750921424456	-0.655654160032	-0.202318112514
-0.845952521199	0.99144767265	0.497780144531	0.618226047883
-0.236056963382	-0.675962727119	-0.483008596383	0.775081710897
0.706307491487	-0.365470115758	-0.343923669219	0.484713305306
0.122228999048	0.493120497465	-0.512285219121	0.085031356656
-0.0294748339463	0.95565800663	-0.420250834982	-0.252304406159
-0.0659114323026	0.798533936085	0.821972502151	1.28372353323
0.733112274453	0.203074287984	0.791535440619	1.47359870987
-0.24750545387	0.708128792544	-0.863278931448	0.0199310576256
0.521574973936	-0.820146567705	-0.628292819695	0.754316595629
-0.749126001314	0.251482217881	0.706801536189	1.05011432704
-0.647965803054	-0.0952436754136	-0.799185319107	1.19638884796
-0.210543827076	0.733464547325	0.18925663497	0.0645333762778
-0.0571216881329	0.442079764442	0.635362819636	0.662577503037
-0.0574445354604	0.635009499945	0.391608889933	0.368854936962
-0.20541854642	-0.539226985736	0.565760334405	0.16797551903
0.118512521504	-0.969952447678	-0.886583906867	1.54506896189
0.3294113402	0.739610007209	-0.165281098977	0.257222041626
0.697226854292	-0.60300590706	0.791360360538	0.214749622861
0.926666049318	-0.856114239447	-0.381818556702	0.538043680444
0.179084190613	-0.272757799979	-0.397295293062	0.249433477452
-0.546657997401	0.842988989765	-0.256918981403	-0.312564216433
0.655017517576	0.658149154696	0.706614340569	1.82450863107
0.781122346496	0.938055231073	0.601499743952	2.26892994671
0.549307027023	-0.81088228849	-0.941669516403	1.50663948137
-0.521117899101	0.0522074360783	-0.892056360054	0.993550209474
0.436602897606	-0.765661229792	0.721630917062	-0.175441456268
0.161864215486	0.434185515886	0.943530870519	1.39639706355
