-0.429649161307	0.113907912449	0.827330989006	0.914374073994
-0.586997248159	-0.54119197549	0.263784527434	0.589068177093
-0.709426274022	-0.420899406971	0.550248534094	0.873056903885
0.953417499026	-0.809039928181	-0.933875610017	1.76531841395
0.544655939514	-0.453331625776	0.909485792768	0.46460606409
0.370454859365	0.570663007342	-0.142936999977	0.287503814652
-0.763855575709	-0.615943422775	-0.23568679681	1.25468515687
-0.733793864142	-0.0973480189021	-0.312242433578	0.737778333662
-0.887921012504	0.877961688294	-0.847235862722	-0.0171889280999
-0.457709447805	0.349451431953	-0.254455056021	0.0253784084962
0.738282878338	-0.479842214497	0.776936182151	0.421625370149
0.0939325147638	-0.652884568924	0.893287976824	0.162245701785
0.303889459867	-0.821972362252	0.862621764265	-0.122374874491
0.489254798568	-0.178073675014	0.955783352397	0.895568820563
0.785846712507	0.625850768622	-0.87308217221	1.32523115548
-0.486946540822	-0.3349298051	-0.814942645051	1.33728993963
-0.614304597646	-0.600885256377	-0.622036976433	1.50719956245
-0.299147387886	0.866863290458	-0.921102095837	-0.119871252005
-0.0694292158949	-0.98396638634	-0.901389989718	1.77257779512
0.20523016922	0.601623710362	-0.94764267183	0.493493091393
0.263153542541	0.974881561271	0.557125054895	1.17931259349
0.871207096129	-0.329740552741	-0.899765580283	1.57799679416
0.994768335954	-0.133133291452	-0.690758322894	1.42623724919
0.157580858654	0.791047279632	0.700756815333	1.19487752326
0.302884129138	-0.295912732248	0.381227048668	0.0346356505334
-0.834048692798	0.912324795187	0.74677990083	1.17369995948
0.426328869421	0.130694011479	-0.160361543712	0.242232466322
-0.5537628287	-0.188968930315	-0.568065436509	0.84134229788
0.57274406833	-0.373275388958	0.135470357231	0.0820289703284
0.737647197144	0.105071447663	0.88768177349	1.50287798631
0.472845315093	0.857162138304	0.263799354611	0.924596711751
-0.112908651216	0.495439593047	0.0716874422008	-0.00253516613078
0.498865274931	0.336592595254	0.40669685221	0.719074398668
-0.332553984067	-0.917248810675	0.381111191872	0.211298851779
-0.514547476901	-0.199408888187	0.817319596187	0.872394976617
0.79384460038	0.85150575563	0.120361367769	1.42312775212
-0.25096686176	-0.503977110584	-0.0305704799917	0.205807295966
0.102887401799	0.874625006034	-0.32618891615	-0.0783200618682
0.576492484825	-0.415298227978	-0.0561157071288	0.119381003988
-0.514185594391	-0.965592273398	-0.232161951615	1.03895342095
-0.0191104604462	-0.918551755695	-0.110470908001	0.131596224706
-0.861194813393	-0.639958042887	-0.274016585334	1.54322926064
-0.403793754866	-0.103454134168	0.570595995074	0.471372804725
-0.983486038964	0.0790986337219	0.178879923509	0.935599571455
0.852933975364	-0.237720247272	0.02576825424	0.519275057958
0.719961920379	0.156245009325	0.561992861335	1.03448017981
0.9587206173	0.91647992328	-0.324807263357	1.60561384235
0.919343295598	-0.355072345533	-0.21127309359	0.638412267807
0.868331723857	-0.0981983256525	0.478851129828	0.851007286614
-0.619887628679	-0.5879403855	-0.969379738806	2.2583522189
-0.490974261256	-0.0711099922886	0.869518388827	0.970199683733
-0.991466598348	-0.40232270467	0.752020367528	1.64487530402
0.498677979497	0.58290395405	0.72059940017	1.47866482845
-0.197736129182	0.8018259711	-0.325410567563	-0.27448099388
-0.0900093545635	-0.667008697741	-0.0702895995655	0.119963108359
-0.04405475084	-0.980403463868	-0.364730721982	0.535744014163
0.740308286633	-0.830536257572	0.500773950497	-0.231932887811
0.725909354656	-0.539285984921	0.253324543556	0.0630305982799
-0.269253111274	0.632019430507	0.0809385604352	-0.0399701666812
-0.144035213959	-0.795325711924	0.804196702911	0.142435073648
0.0796914604142	0.266945060061	-0.918901211944	0.626707268649
-0.0672903325606	-0.315596263789	-0.211143635341	0.136982343583
0.673977972118	0.116733226295	0.108244819673	0.557274638053
0.223679125519	-0.646854547269	-0.201084729136	0.0758521314417
-0.4919795321	-0.828713779292	-0.887340953512	2.17247972027
0.810136508815	-0.587311595237	-0.916703585102	1.55925470543
0.356482424116	0.380326351158	-0.173297255118	0.226781804246
0.682908297716	-0.497188005901	0.248710543214	0.0650309636137
-0.744302932014	-0.19193119306	0.877864928551	1.29899897404
0.572269741189	-0.908381449853	-0.0703181917822	-0.12352617143
-0.670162513976	0.610587752014	-0.429711952208	-0.037799720796
0.395300044173	-0.825548437518	0.965365708846	-0.0351024096499
0.766882357518	0.920099000986	0.671877337713	2.36332906545
-0.651797649748	-0.376128093331	-0.797071763736	1.60512406274
0.194286423561	-0.288045857513	-0.726333000588	0.71856065464
0.919093145804	-0.74128690311	0.375779553888	0.026070310308
0.68172847453	-0.279736078266	0.996816308464	0.988846931016
0.0624121771942	-0.460035157453	0.961733516618	0.457683611341
-0.549540487877	-0.570077189918	-0.266338388229	0.838044821865
0.361758477297	0.532747529273	0.0507965992593	0.353237188117
0.349555817965	0.709714577125	-0.585890256157	0.297726666271
0.717248198651	0.141149197162	-0.61307203127	0.905006676383
0.329604672427	0.100694845717	-0.112581118845	0.143166901651
-0.994946671267	-0.880159525857	-0.0103810832374	1.87487544529
0.286645225376	0.399697446944	-0.605610136773	0.321439662242
0.913783179493	-0.0326552149385	0.0617770671643	0.806958975611
0.778790107051	-0.412136093317	-0.880221338122	1.42310710624
0.208699461223	0.1040695229	-0.36356993969	0.159621269356
-0.626718204245	-0.392407449493	0.922747744385	1.12807491048
-0.778705898603	-0.910058637372	0.615692550426	1.13381189868
0.327150171952	0.24655527595	0.208711906004	0.282707517217
0.258341623952	-0.432034453056	-0.981785410594	1.3431956278
-0.551201675339	0.592304314173	-0.517311122919	-0.0614506553655
-0.881913759205	0.891487129311	-0.751305217478	-0.113762288575
-0.90003624738	0.705057792689	0.530380116113	0.830739378202
0.35801785066	-0.133345206414	0.426221724028	0.20526715146
0.0248490092615	-0.885378370158	-0.419223380477	0.52553625402
-0.858241560247	-0.737421693546	0.639017166882	1.30658233873
-0.00633565132069	-0.267513244219	0.119772009303	-0.0159602534461
0.250847749701	0.814182846141	-0.642271798375	0.15674691052
-0.517531494571	-0.111314665806	0.865856252271	0.978772243475
0.512454138452	0.912965237759	0.611774192628	1.66325829236
0.0483572887366	-0.338161902734	-0.629995305728	0.595920331142
0.986682518147	0.156876730431	-0.89552360195	1.78980562599
0.0463607808676	0.716672740543	-0.366898232193	-0.092956818899
0.627068580392	-0.0461777740433	0.247036580206	0.413877845879
0.429560023758	0.495475175394	0.582328049565	1.02499319193
-0.510232554193	-0.533617321167	-0.248591745309	0.727056905131
-0.0215803192704	0.00476056991584	0.204945708168	0.0433413772301
-0.421621100855	-0.797266801491	0.746321128928	0.475887027346
0.0858946784684	0.132925118801	0.130948878131	0.0533494599952
-0.458431450774	0.193628422657	0.574480516142	0.562657655963
-0.698054623496	-0.9349099895	0.653275119321	0.955913444686
-0.719252520653	-0.408216949647	0.584007135672	0.913597981492
-0.672050819799	-0.601441321622	0.862822792149	1.08137732786
0.587799107653	-0.880548783337	-0.849597929369	1.29785106649
0.302215883838	-0.59341656217	-0.0282895973281	-0.0704176534676
-0.850556736089	-0.382333762465	-0.244093734826	1.20155034582
-0.18805171223	0.175394347814	0.386315162391	0.219377139702
-0.445818026401	0.753604268097	0.13450744723	-0.0177590151426
-0.757885371881	0.0319903632644	0.93280402016	1.45010928804
-0.348372396222	-0.847102620626	-0.431684988779	0.96850391106
0.844950195998	-0.0692058416606	0.344469972392	0.750285571756
0.653682862674	-0.280009718498	0.022668165071	0.238430269777
0.696392316777	-0.172915754141	0.964333723533	1.12773609353
-0.287469940516	0.972160424092	-0.291222334269	-0.395132312597
-0.861975534348	-0.0213790266157	-0.0736925676333	0.768436089595
-0.940428100624	0.368466075859	-0.788954590155	0.869635504039
0.462279720163	0.670128577477	-0.583618259829	0.4730003899
-0.496694271567	-0.674083806365	0.688022360473	0.591108801484
0.326241585226	0.0602371222125	-0.0361933837472	0.125215201918
0.00874897406094	-0.0538319808792	0.676819658257	0.421255876844
0.275749503562	-0.789325351626	-0.889775518764	1.35240456286
0.685989113476	0.832538504365	0.4105420186	1.55203020153
0.66258248852	0.160737185442	-0.48580084189	0.703433396392
0.680584545364	0.648634786334	0.0458941638504	0.936520959992
-0.352557263007	0.971377503122	0.474284209368	0.467484952173
0.623124989592	-0.40909154057	0.737781426085	0.375870883169
-0.112271207115	-0.194928511918	-0.554699476901	0.450307936549
0.153424181525	-0.754574386199	-0.7261280078	0.982948501374
-0.987087933626	0.481002209613	0.84255696119	1.61472510446
0.485692791942	-0.595765740626	-0.461365567945	0.434262348808
-0.411223936888	-0.247171459259	-0.567739719361	0.733405390687
0.966580673417	0.621107721743	0.123424034094	1.62652203099
0.934488620121	0.312539438734	-0.211593683253	1.14397404576
-0.61792337791	0.0718400412477	-0.738526217796	0.829802880434
0.961370106785	-0.492579416503	-0.695709719618	1.27738565769
-0.712202210886	-0.191289789415	-0.349018676313	0.832046745641
-0.503083604516	0.167469635154	0.573241878688	0.593448745194
-0.0367264184199	-0.247619501127	-0.149228487015	0.0696640320626
0.552401250975	0.753307449904	-0.868564239318	0.821383045398
-0.389059007448	-0.115706781634	0.145945276851	0.200796842449
-0.551209712845	-0.439988662621	-0.356934903292	0.830808007843
-0.462705020581	-0.52537182557	-0.646615925358	1.21501406151
0.827631481382	-0.0236036454679	0.413972922579	0.82704105944
0.161923689084	0.162969067324	-0.803645542685	0.567484627401
-0.111150112511	-0.387902413438	-0.122264935042	0.117845322131
-0.497170085021	0.780467071344	0.236327852561	0.0994501740852
-0.353688946688	-0.17873791057	-0.884833012677	1.12939615855
-0.431921959324	-0.490008568142	-0.571108202831	1.00421453185
-0.414354772586	-0.107396016111	0.164059208472	0.225486047885
0.158320514501	0.650595003676	0.648844122753	0.971201361085
0.552410219794	0.818262781705	0.212695729538	0.976454246697
-0.982729524672	-0.08536575722	0.279405941664	1.10386474913
0.0851219403256	0.494714682335	-0.897624692802	0.411018792765
0.84551970427	-0.495776937183	-0.166292209595	0.405811342321
-0.205259044809	-0.530387957172	-0.845500677301	1.31431297328
0.292501205169	-0.768142968768	0.999742630773	0.0924142662971
-0.298240473518	-0.284951954336	0.247280395833	0.164616147937
-0.260670045358	0.719256847653	-0.749208762468	-0.0970996055229
0.476809332316	0.86990603913	-0.23567534429	0.492653919714
0.893768768366	-0.401861283891	-0.729706871949	1.26536460594
0.676857206003	0.686351416903	0.327938061078	1.25532170448
-0.578802351045	0.0554764304963	0.482075613189	0.562043004257
-0.0365563403541	0.125429610123	0.00843743064463	-0.00211938762597
-0.935060195909	0.411027820455	0.832350324899	1.52492801891
-0.569267846432	-0.059604855562	0.31520459644	0.438563221918
-0.248831850022	0.599231755775	0.74945925401	0.923598301288
0.0225480291669	0.89268002703	-0.358899488272	-0.170936973304
0.739319867872	0.406790335146	-0.221748195902	0.806309283319
0.287909758922	-0.851820154007	-0.449336997528	0.422302741881
-0.0121090699173	0.31670460569	0.220199326294	0.114537515469
0.20259685782	0.391792993576	0.151623957467	0.202816544885
0.262856636627	-0.232008509537	-0.375785713754	0.236509020949
0.561749967327	-0.226393112807	0.309446135685	0.214087139056
-0.343796315489	0.969944308595	0.18060048144	-0.00747842998151
0.66856086416	-0.0639412141466	0.72283903425	0.880502099653
0.522026571612	-0.334774284202	-0.682124362862	0.791402011346
-0.28986552557	-0.890161724563	-0.470776356436	0.982746690155
0.622795401141	-0.173392923039	0.211787695105	0.288017336903
-0.250608500319	0.797433787517	-0.0608411454073	-0.181854205206
0.144570060947	-0.333228615292	-0.515567391302	0.410337164167
0.432646998395	0.874934134422	-0.987084639564	0.676423093217
-0.986323969854	0.929195858113	-0.498234188488	-0.158373011772
0.354878064596	0.484210780626	0.451253154357	0.719905276865
-0.260353033086	0.584594105531	0.348851762572	0.241217089691
-0.13517927128	0.237287396522	-0.382324702499	0.0416484428973
-0.547793947849	-0.693069651335	0.788521094836	0.755003046472
-0.816370334349	0.36877697381	0.0135710297354	0.370590797522
-0.152561097207	0.47278093985	0.634482545077	0.653686263447
0.698111317834	-0.162874157739	0.812129593348	0.900934672088
0.0911363411193	-0.712577597992	0.747310787466	-0.0306793951945
0.323315125987	0.433413730127	-0.787396180512	0.523386314854
0.737100413502	0.526475169311	0.500175064121	1.44488693092
-0.327610837236	-0.130981407784	0.10633439402	0.147618964068
0.757866286272	-0.359532914446	-0.13586404068	0.369190065268
0.722476733398	0.679170038506	-0.476916930277	0.916199249628
-0.444613763544	0.674714132212	0.904505704481	1.32610756001
-0.414119852798	-0.903178558221	-0.338361758588	0.965609189014
-0.822702803738	-0.0192429704463	-0.579327801117	1.03943983792
0.461209993356	-0.254703330615	-0.894718125933	1.12365114806
-0.882313723926	0.00187470891688	-0.866442619083	1.52592191048
0.331902070496	-0.760600075252	-0.449899853564	0.402317985318
0.522377591984	-0.0118897560464	-0.321793148632	0.374044279015
0.212127900396	0.200415920273	-0.231657277282	0.0947493422031
0.98238264655	-0.689103935049	-0.575119439103	1.01519135463
0.56747932528	0.555048435121	-0.160669473152	0.573646636039
0.0316605799665	0.949433320759	0.65160327048	1.07430268091
0.200248206343	-0.39468493692	0.675105526653	0.15037788337
0.900733744493	-0.453110500841	0.6751936881	0.553138526646
-0.0620953693083	0.0734184633184	-0.173560365232	0.016677553367
-0.222754950854	-0.98519989454	0.828753769847	0.139422606602
-0.90780478164	-0.930370639422	0.166512792798	1.54151233339
0.905569549151	0.406212432424	-0.0368204498937	1.17430863865
0.766264515357	-0.361472447839	-0.0949342928782	0.353506448633
0.555342032854	0.777929025773	0.859074292173	2.14672892669
0.625998168659	0.474101398862	0.824868772074	1.76014024447
0.721999005673	0.219425771908	-0.483414680833	0.807323867481
-0.617408429745	-0.252088794485	-0.342842559963	0.74080270444
-0.276074300462	-0.418396684587	-0.0718740485699	0.226963333876
-0.876891169295	0.233317717731	-0.868209970378	1.11556366033
-0.677756087726	0.519311164371	-0.0688272589386	0.0763814389665
0.225461029262	-0.281698831893	-0.475898311437	0.347859768396
-0.201203756871	-0.705572377245	0.18814997228	0.0850937536736
0.0255683577501	0.871200561167	-0.0675556544452	-0.0313618490771
0.169867739543	-0.273992284159	-0.134206844785	0.0370957161147
0.754058999689	-0.196470526584	0.440036616901	0.527632604642
0.591570916674	0.403051740332	-0.112210811573	0.555754340295
0.543734389283	-0.207078022237	-0.929864091278	1.24025328935
-0.655737741233	-0.201027006217	-0.734182209611	1.24842694879
0.335388938504	-0.209446887604	-0.0549716385026	0.056775090395
0.557103476771	-0.458468390412	0.217518728412	0.00253888545285
-0.855514432966	-0.32529113864	-0.208529346335	1.12151344583
0.836572797789	0.813289179864	0.510237881751	2.05554329497
-0.658255760844	0.655288278028	0.925314208894	1.46450730242
-0.0821967554555	-0.715091442264	0.853850626736	0.184014119642
0.301055134526	0.386795687795	0.673616981684	0.921393003602
-0.797748813904	-0.66702806195	-0.00372080937082	1.17101974403
0.42084948262	-0.229746154019	-0.858273022018	1.0142432432
0.666249931024	0.698935104287	-0.904440230662	1.09542153951
-0.506753771242	-0.56680179255	-0.857814248876	1.7660842701
0.44349623066	-0.0621054842148	0.782004955764	0.732110312861
-0.858657383061	-0.88518549279	-0.318987529301	1.88147973742
-0.584870724259	-0.896082768479	0.896431812738	0.866479236269
0.74707885596	-0.175044182126	-0.859993572527	1.31748082602
0.0487688546073	-0.719314424543	0.029560506797	-0.0530912147815
-0.688444987218	0.490109063409	0.0794586469052	0.181800452115
0.6197217648	0.196653491483	-0.925660126507	1.18073788856
-0.756529967713	0.885555824082	0.725333983823	1.07082119491
-0.828005776499	0.994704135556	0.958046245379	1.73279796638
-0.67803554341	0.343051570441	-0.761969729188	0.546333996117
0.62279170585	-0.764514411189	0.410608411531	-0.233580505766
-0.044410535986	0.572832893357	-0.276673949565	-0.105406984796
-0.885045334482	0.409666220514	-0.602869282338	0.537208258154
0.0909268490466	0.61334891322	0.61887828756	0.826636235825
-0.630342525408	0.387457135469	0.469915961177	0.555994292876
-0.754458546599	0.991865591267	-0.753519815119	-0.35871203905
0.312715413607	-0.539479661439	-0.794080752707	0.988041981893
0.0337019562355	-0.261780157383	-0.632572121564	0.558055636965
0.629321037793	0.205069553942	-0.313533447184	0.559106611459
-0.318141364015	-0.662683602063	-0.534042778537	0.951144074011
0.168916226646	0.992008181312	0.231428296439	0.479236790261
-0.11999610339	-0.218029989261	0.0256160349534	0.0356329313832
-0.205236320559	-0.172975295214	-0.105590867855	0.107036803327
-0.119300241352	0.871692902569	-0.949927955793	-0.0154429618944
-0.168862618478	-0.163948140535	-0.436350140626	0.318139535627
-0.928075319184	0.354331074036	-0.547471561957	0.638216798044
0.95180975301	-0.867844455082	0.0598259160881	0.0315785401707
-0.310081420344	-0.968716324701	0.97759280167	0.405209001105
-0.851229509617	-0.393270828117	-0.400777714238	1.37759237201
0.435502203813	-0.450982733385	0.852680242361	0.335777724565
0.319708240926	0.904460856936	0.141824928853	0.539766356003
0.348389287863	-0.521773328288	-0.37504520218	0.275942344707
0.540441054147	0.556388810642	0.595421511374	1.2785845311
-0.997138118962	-0.788094853751	-0.454378227726	2.34467656508
-0.487538949014	0.372632875937	0.829972067207	1.0541496968
-0.774420368717	0.288136080082	-0.0881029817071	0.358964945699
-0.80547051291	0.00366167286389	-0.878564757563	1.41449239415
0.765615411005	0.836234645897	-0.317465766271	1.0617097298
-0.235072732677	0.168782250475	-0.0140249639205	0.0134126194415
-0.539924752577	-0.321825152682	0.06187744775	0.44919520385
-0.671041394996	-0.760465299028	-0.0729526474472	1.02140029453
0.686143730892	-0.441928276703	-0.112674067892	0.230056205107
-0.0314462812556	-0.6198632004	-0.631964123612	0.811591218878
0.0712161539559	0.345647963951	-0.471323922681	0.0889215450553
-0.543208381625	-0.970340340061	-0.660568971268	1.89950043763
0.985739981505	-0.884186753849	0.57925809692	-0.0765273167584
0.405551169802	0.896530961442	0.887066350829	2.11023009065
0.00944202094527	0.182329451537	0.375541656482	0.211314550268
-0.845032724888	-0.525229056776	0.853299708885	1.43785863911
0.573650134228	-0.727382985704	-0.836279127689	1.2194691173
-0.585478885162	0.977179242545	-0.530723615021	-0.466276833144
0.662826634529	-0.484941773013	0.231142646295	0.0592430223158
-0.519412391084	0.171085252736	-0.910903686004	0.854828769647
0.0518594812608	0.965827692741	-0.928450782669	0.0180741075192
0.911736228484	-0.17985439351	-0.775862598597	1.40878825294
-0.0238300579608	-0.833266891086	-0.559261303912	0.799211804043
-0.397926814611	-0.177971845825	-0.736811522058	0.903188445129
-0.424473655772	-0.428764272044	0.844887482757	0.713754314479
-0.939550037663	-0.436873844359	0.904760068463	1.71654388235
-0.437705781369	0.839413268433	0.68928792036	0.877885573767
0.38944432671	0.378278924031	-0.570964399125	0.409002010992
-0.437076081183	0.988879233027	0.080946564123	-0.154581236703
0.035517702507	-0.310708959883	-0.0981894938127	0.0303753709771
0.0362824759374	-0.635238042963	0.858797838227	0.170261077939
-0.978976358109	-0.665786181414	0.280638346443	1.50209638935
0.627679497908	0.335821424122	0.00214212067261	0.605493733669
0.902148531889	-0.111882436342	-0.736666067394	1.33803428714
-0.0822477774255	-0.711829079294	0.996600290435	0.349114128301
0.406592742445	-0.135005843084	0.512325357991	0.303735617775
-0.726442396099	0.453311024326	-0.389825373133	0.173665890496
0.938620034463	0.427644470518	-0.977939917818	1.82055912126
0.355870213733	-0.582754024968	0.283085569536	-0.165573005775
-0.150502706604	-0.288734014652	-0.805083521083	0.946720788481
0.214369201091	-0.400060751015	0.544305372285	0.038706573074
-0.456652299357	-0.437279687035	-0.329617409363	0.660998731218
0.765301185347	-0.956924303201	-0.528065516324	0.637522516549
-0.440347563078	0.562639253433	0.837115557487	1.11790568106
0.868768912363	-0.877907970054	-0.690009687763	1.0739386443
0.430422626403	0.76345681302	0.0662785341365	0.568866366456
-0.777231566695	-0.460136167114	0.83702779712	1.27719003314
-0.617929395097	0.776809833102	0.860137093563	1.30982187887
-0.819635104457	-0.398593996049	0.809846726346	1.33155501338
-0.777718096949	-0.946479957991	0.861788066356	1.26795356852
-0.867986373457	0.600041051451	0.416238713838	0.655587870736
-0.393267392281	0.623401912387	-0.367222203864	-0.184579279745
0.25054058092	0.0844226155998	-0.179724185065	0.101049870751
0.22511922318	-0.727059844126	-0.0319882704683	-0.0887158462817
0.661266602677	0.801295271794	0.75631115694	2.14517844211
-0.762434717964	-0.0240254242169	-0.597292877687	0.970733513197
0.0870129589954	-0.0351976049405	0.22143149205	0.0457466547707
-0.126244354274	-0.508083193321	0.251729038619	0.015548486735
-0.900801894813	-0.512591909711	0.159968708178	1.21677913921
-0.387036187094	0.538460275643	0.685114194924	0.779681636466
0.168687252195	0.975266196923	-0.192976436566	0.0420068736546
-0.883928658896	0.335018486702	0.173555171562	0.573463020874
0.128020250322	0.055128952396	0.193543108573	0.0715755704733
-0.951913757619	-0.366369315564	0.492106289633	1.31676774958
-0.256108259014	0.45416581673	-0.922001245976	0.380620672385
-0.556188739275	-0.927467047053	-0.227041161839	1.08731352642
0.386325043447	-0.477979030837	-0.218648142703	0.11690800699
0.49124336126	0.156245771677	-0.0675711018362	0.312082892898
-0.636677469441	0.889954070897	0.856516854784	1.33462627855
0.0991530613351	0.762446895095	-0.228499089566	-0.036576314113
-0.334699665917	-0.296055946392	0.149085876931	0.189202531027
-0.28438024253	0.907416521418	0.83946640307	1.28927031711
-0.454761633642	-0.115472251839	-0.525736816104	0.596427707157
0.651009701611	0.564754390457	-0.920250145311	1.11861923887
-0.0135267586627	-0.129291490535	0.145560899628	0.00430005781345
0.969370484774	-0.925233450019	0.565988798171	-0.160543309971
-0.289100909136	-0.0902251059207	-0.0785058223511	0.122909856092
0.0468324287589	0.946349161916	-0.840301730008	-0.0425987344054
0.965996184836	0.763716312703	0.890558676797	3.14412461919
-0.648983660001	0.706253503536	0.739787764898	1.03259644526
-0.226888835939	0.536341535771	-0.759832833504	0.0996046631773
-0.0580347124696	0.921278932481	-0.624285000055	-0.235506987221
0.898059842314	-0.426106455084	-0.0519972987682	0.448702488246
-0.73152909885	0.0388544998432	-0.394074046777	0.646694429562
0.0620391345641	-0.920843721219	0.543359545738	-0.258389123429
-0.334544145387	-0.0434032186336	-0.286517330378	0.220968032838
0.425364542044	-0.874668381024	0.665097226866	-0.330503115168
-0.800297936746	-0.835004293999	0.218259367328	1.17411864372
-0.45319157456	-0.859712221208	-0.786987129435	1.89092813346
-0.617999133843	0.0624179471519	-0.739239477367	0.843681886422
0.284458055115	0.0932100676332	0.595420080677	0.517454958139
0.469878588629	0.15793896993	0.805292632066	1.07068134039
-0.265116903289	-0.377726470883	0.543171667463	0.26029378796
0.328792471959	0.655850393501	-0.971352167872	0.630206494234
-0.749445923346	0.778955980207	-0.974252561048	0.168152002237
-0.452030438439	0.55202779891	0.692224604469	0.816100277091
0.713253022722	0.417070150359	-0.777754215087	1.08672997151
0.307961820118	0.615548160268	0.407990631683	0.702000052736
0.922820108655	0.968247101413	0.261220050342	2.06627631954
0.0223584783651	-0.161440620499	-0.933002724182	1.01800895698
0.399348543766	0.206035763921	-0.585598340559	0.464030556711
-0.432625457063	-0.797316524581	0.632624152925	0.427915839858
0.967922647022	0.948856910835	-0.22500809947	1.69242249805
0.436502313003	0.161915462956	0.874582504169	1.167713731
-0.871601968693	0.0673794632214	0.670627365274	1.19588949399
-0.538030423861	-0.226356243158	-0.428012052807	0.691340800097
0.820685483228	-0.877694947609	-0.118729648039	0.0715183017147
0.954774578267	0.973440036443	-0.248261798652	1.66097624191
0.974084654441	-0.152131549969	0.459346333695	0.941769890298
0.32541479437	-0.982663377836	0.853907908345	-0.32382372628
0.631738394473	0.401732222607	0.80185072708	1.61797693168
0.565361724809	0.768858447669	-0.34558672596	0.60803992949
0.512635944596	0.430088219263	0.377460332816	0.788091837465
-0.800180195503	0.969949746258	0.273136554956	0.203686077513
0.520291486259	0.0641830294304	0.423833067168	0.510934473498
0.69629066774	-0.618297154622	0.147057142091	-0.0149930541534
0.611831994975	0.185730216982	0.919153028054	1.50353085958
-0.95116290359	0.737954389091	0.13882568362	0.324515622699
0.0824540574608	-0.774498440923	0.356098829628	-0.206053479259
0.165922126125	-0.594523998321	-0.739686166308	0.915782267828
0.818842071123	0.504150609245	-0.489897520032	1.07633951341
0.524747962483	-0.280175036769	0.959016081822	0.779358623654
-0.994918214235	0.182558748305	-0.825590049818	1.33911147341
-0.671664057006	0.724528099059	-0.786069716985	0.0128691252306
0.807383139318	-0.243588552922	-0.645701477544	1.02941412973
0.785296879018	-0.622388449633	0.635304438222	0.136137066036
-0.883063989865	-0.356311907907	-0.679551284108	1.79837038752
-0.849106412857	-0.480919850242	-0.0781558270709	1.17302885122
0.416992356613	0.622748334065	0.960445172423	1.95413448119
-0.174872031611	0.0643302445751	-0.452915676307	0.195327100493
-0.439638975619	0.878932231787	0.61072019034	0.716630373644
0.545633524334	-0.395164398572	0.951399614577	0.611302969515
-0.0453538126782	-0.310833439762	0.0257233713376	0.00882045776334
-0.515268640048	-0.677857294212	0.808550830751	0.720452745094
0.162054028984	0.229953823117	-0.925169661034	0.706719052937
-0.196162358698	0.468789266311	0.109045940962	0.0095314466564
-0.558614666095	0.931033762105	-0.746692210947	-0.345685169368
0.564176875469	-0.931480658622	-0.2193221356	0.0451722257555
-0.476186112114	-0.288369795683	-0.698661775759	1.05367213566
0.609304144073	-0.0526143200032	-0.787353241884	1.0005445997
0.203419759148	0.73645474766	0.937473971825	1.76045365101
-0.490216803554	0.483491407201	-0.910986734928	0.392739475106
0.149989278963	-0.59635397597	-0.194901082966	0.0872665488305
0.698608667353	-0.344978674243	-0.122044107013	0.304046356516
-0.942234086762	0.286596647347	0.0544501200535	0.636333981402
-0.602681009678	-0.0869614530111	0.957714737374	1.24956766878
-0.045976048486	-0.296444541456	0.205326793981	-0.00296576931805
-0.0635870085196	0.156034782957	-0.911972235907	0.683515491752
-0.690797280858	0.275186609431	-0.890541558051	0.835101876417
0.179705551867	-0.361682447765	0.867320843064	0.405848460791
0.344011040993	-0.343793568986	-0.208665997334	0.115354339165
-0.588837048643	-0.656335706764	-0.387381561859	1.137520676
0.714851403112	-0.221757730305	0.92142231252	0.997175261205
-0.766292241383	-0.580810066512	-0.0153895219597	1.04144927355
-0.292189503454	-0.448512686808	0.799139565445	0.496625216607
0.210239437936	-0.948538711415	0.46421278324	-0.380049911398
0.3501209205	-0.320109716307	0.446740958217	0.0670789127881
0.158776092226	0.125702695863	-0.888477746149	0.722877087791
-0.0281258841613	0.103585045896	-0.304405081051	0.0590082834361
0.135545538341	0.262804800739	0.541242410627	0.489179062096
-0.0944256587895	0.145274195028	-0.961592044087	0.780163342569
-0.811255835408	-0.230807085297	-0.899910449754	1.8629241508
0.164044617505	-0.539524110881	0.503296904176	-0.0798284308536
-0.279641218592	0.840649510622	0.964414235048	1.58394812907
0.408630293899	-0.0864898751635	-0.721284773976	0.714271889213
0.479611100685	0.0883949291936	0.256132428102	0.360666625758
0.0573322292639	-0.393245104637	0.345615077349	-0.0357202895489
0.0615286688173	0.774323392885	0.909699779173	1.58338437243
0.0833760735397	0.0112841742263	-0.741573523003	0.549455644963
-0.664109335394	0.92152944499	0.603429039771	0.74924913625
-0.293378428569	-0.531449227914	0.488226953146	0.220884362181
0.392172285981	-0.325228263585	-0.422230997427	0.341854059609
0.995450374466	-0.627057996151	-0.983120393583	1.9497155432
0.359815796996	-0.38054080787	0.468362025405	0.0336749370133
0.719285693521	0.0590640593411	-0.415060085638	0.707615582951
-0.0840355568175	0.27502618433	-0.906895625283	0.55698962802
0.843641579861	0.65740614273	0.815671910903	2.46789466305
0.339673672664	0.97814461885	0.721876099487	1.67483250418
-0.688658544008	0.502609014685	-0.996539013384	0.620345111561
0.428164817327	0.0974807277011	-0.0812680879369	0.223745358531
-0.341179145422	0.247335436787	-0.0687542028684	0.0197393059298
-0.287202299311	-0.911138383039	0.464216115505	0.136697680361
-0.4910492558	-0.2301904117	-0.431768877535	0.639977621266
-0.504569822218	-0.695041510405	-0.10314327573	0.687615070313
-0.553131716762	-0.405010453858	-0.918856440709	1.74642244645
-0.549771088948	0.488952387676	-0.141759877306	-0.0157816040446
0.430169083884	0.614872444155	0.594647851751	1.16878320235
0.393427498363	0.119144766528	0.780893753084	0.904494481406
-0.0914677984368	-0.925293390252	-0.59992050666	1.00800800127
0.521517901249	0.656615637079	-0.671389953096	0.624337057638
0.356795814199	-0.409517260487	0.233348075086	-0.0599195316569
-0.246623849364	0.0388927407993	-0.160175132048	0.0706578686601
0.370001683596	0.826575882097	-0.983043361389	0.596550030651
0.0247383338101	0.420138541088	0.0222730282238	0.0208593580055
0.339885203728	0.752911213053	0.312835546777	0.704828803088
0.641542846293	0.110596346073	-0.903448795293	1.19883110837
-0.797721814966	0.401594259859	-0.0106591332435	0.311832562614
-0.356053740952	0.570133846022	0.131701817175	0.0162090099281
-0.148770210608	0.462052585343	-0.48296963276	-0.0365047861596
0.867428812214	0.487510888101	-0.169438304534	1.12142005559
-0.760224079214	0.721117282552	-0.770093814979	0.0674464531838
-0.479804285453	-0.97305897436	-0.77944808182	2.06307828155
0.196141084559	0.966572720616	-0.489369353981	-0.00547275646843
-0.283937046793	0.641344194265	0.397023393658	0.310775093665
0.0589044471069	0.783645190588	-0.0861962288926	-0.0104875497746
-0.476020305473	0.325047856933	-0.000481782210054	0.071709580911
0.812230311822	-0.196739155357	-0.711007197906	1.14533476498
0.872171405208	-0.622452664431	-0.885036319992	1.55198004825
-0.871048544774	0.810716564146	-0.638505418886	-0.0574056655115
0.306297893583	0.719481528866	0.474748311477	0.881152676596
0.960627358533	-0.713354032545	-0.740764587936	1.31469710269
-0.0582041993441	-0.591575462965	0.317737323447	-0.0491886925133
0.302258401639	0.77050856527	0.704526535275	1.36345419755
-0.705296479921	-0.0473684363967	0.4893428792	0.747128962413
0.0473511578488	-0.830194664053	0.535114593968	-0.194970198325
0.0436967556943	-0.19338609869	0.118525310937	-0.0154138367964
-0.968759991917	0.445954488126	-0.645067851909	0.634914685488
0.813462513506	0.192323900092	0.300373131866	0.966162494607
-0.509332598537	0.255315238256	0.390938413894	0.38202469993
-0.473652820716	-0.293533176249	-0.388420844963	0.628264968622
-0.564132888571	0.391158676888	-0.352392526577	0.0839195400311
-0.215484493409	0.840139141838	-0.348308506154	-0.305912184468
-0.724907394787	0.775658743273	0.395351734418	0.426170995563
0.503134533799	0.781699894544	-0.0503805665316	0.609600289053
0.0864599891571	0.42149341443	-0.244262996698	0.000626812825129
0.738154379593	-0.168183828354	-0.914969200853	1.41177792017
0.719031499507	0.412439171851	0.992253812801	2.20737502331
-0.682741746668	0.279047392325	0.960131198012	1.46539301309
