-0.130647044642	0.805678469781	0.197768136308	0.110258904436
0.260888121708	0.731322014164	0.247304322861	0.500874362299
-0.142106983102	-0.450457637204	-0.765341894178	1.01470988677
0.8737607558	-0.382848397127	0.0964476523789	0.401317274075
0.826764234286	-0.794306404564	0.0884390469561	-0.0355912636471
-0.209732715103	-0.139134682384	-0.231786252394	0.159143279893
0.730748107297	-0.226419949523	-0.621091915019	0.894919613699
-0.286811767829	0.0566582203489	-0.650233145546	0.451972836553
0.182807275495	0.112475852442	0.85966039376	0.889686932317
0.318334355745	-0.97998071393	-0.306615662033	0.183865832421
-0.553758178324	0.279937887688	0.958913643396	1.33958186063
-0.0852203041765	0.866702522601	-0.481294977813	-0.25209286808
-0.425656634344	0.515480188128	-0.841257780317	0.235828942494
-0.0788892676181	0.815707349474	-0.662657793962	-0.159546519668
0.160516648333	0.529842417568	-0.898355891444	0.441870373738
-0.88896223909	-0.122610651761	-0.765280933502	1.57873660327
-0.926303015577	-0.647740506178	0.873771831879	1.65554106637
0.707560779806	-0.946694844412	-0.902390051197	1.49939392839
-0.678512452459	0.848884187171	0.478085347004	0.51880534666
-0.379456598483	-0.327312624388	-0.587290587386	0.805326102691
0.425256870478	0.52692740716	-0.332149461356	0.340227516244
0.780079059659	0.483815258107	0.229936068835	1.15005466515
-0.819876859556	0.15783126401	-0.0116502635312	0.541092816581
-0.675209783328	-0.521117092536	0.631348183284	0.877365809526
0.353617354802	0.84642158926	0.401822985134	0.925927958119
0.621919851982	-0.0152028026337	0.25014802903	0.436100462839
-0.459711382072	0.612452772898	0.679109289362	0.806894838391
0.906358555936	0.87585466277	-0.280399196157	1.44835896509
-0.287382850809	0.0914965037557	0.830487528268	0.82199061671
-0.247427620935	0.291851306717	-0.0507035753006	-0.0232186990447
0.576880896747	-0.744924734249	-0.572980933949	0.658193540949
0.609119698227	0.570007599267	-0.378185576344	0.645685341327
-0.711714869275	0.834687456953	0.339586044609	0.311245474521
0.0204547324802	-0.756715251458	-0.146438013405	0.117195957956
0.20577111285	-0.566705797202	-0.881793954361	1.20300839216
0.760132045304	0.325262398919	-0.380188063211	0.845925180777
0.103074550893	0.989451760341	-0.890405733176	0.0244205084333
-0.821975881653	-0.537447424029	-0.873545410559	2.34997948521
-0.269691648231	0.350219015534	0.157948984229	0.0585470609647
0.639375418081	0.346125850161	-0.0631065787818	0.612244907455
-0.278174928253	-0.491091985037	0.897505406259	0.578749011135
-0.165925386307	-0.530787859755	0.0195044323933	0.105630121455
-0.665730418509	0.33846543631	-0.0731696103375	0.198458661352
0.270978573039	0.544553543924	-0.961071490016	0.621295252391
0.889140423461	0.909271537683	0.46256804202	2.23360992104
0.428744693208	0.138857559569	0.808142534188	1.00866750938
-0.996703131172	0.342239727072	-0.752909448852	0.96150283799
0.517316334554	0.824397184985	-0.578880904939	0.55196563358
0.332988625396	-0.194652794055	0.22871433912	0.05385462209
-0.987973444149	0.262392637203	0.423253801355	1.00705703035
0.235183558668	-0.160586656402	0.922669199379	0.720694054729
-0.259828813758	0.201766235467	0.335343148318	0.195202282591
-0.689052625873	0.236549206393	0.481593408128	0.657651418659
0.370812015385	0.510198266255	0.194273591791	0.463549476289
0.253327369909	0.640718664051	-0.0450369121968	0.199658663605
0.667544846649	-0.262233356331	0.452237709814	0.356490730324
-0.980098745316	0.569474580372	0.117784377768	0.483400597609
0.579069488407	-0.0489276619737	0.733908533521	0.809702263143
-0.800381497515	0.760475870975	0.583656288412	0.816450912412
-0.265679238368	0.886607650927	0.126277317668	-0.0370633907898
0.68288715983	-0.865494109378	0.69666222039	-0.242318739797
0.030043040803	0.179552507136	-0.440217511825	0.121046187383
-0.433179497126	-0.226021410621	-0.909837787241	1.31899993692
-0.424175502917	0.591337482127	-0.060470979237	-0.103008033874
0.492020133816	0.11857408754	-0.639039437574	0.633022535062
0.454462463375	-0.505629155601	0.451668133268	-0.0476258152179
-0.063634205771	0.839103422137	0.171900325175	0.124445505233
-0.8346537163	0.260898393628	0.397133152443	0.740213154612
0.370184752895	0.140177469309	-0.687380740685	0.565065303097
0.170254551764	0.348640917109	-0.0911613267138	0.0648721344034
-0.114493300672	0.610860971172	-0.508009221685	-0.109080410148
0.613933742122	-0.494302339144	-0.813302556867	1.1369241602
0.397163520046	-0.959441625486	0.801952714264	-0.349615011422
-0.798643760182	-0.883947973251	-0.32991438506	1.74426204233
-0.507720162138	0.327289999899	0.435804477929	0.424168021747
-0.904742450493	0.512380977583	-0.888988316341	0.689785604484
-0.951931352723	0.99691612181	-0.338002996503	-0.265537022877
0.966620944107	0.919285566584	0.321116490555	2.22127028733
0.479596354621	0.0224274393073	0.340910249794	0.364634323853
0.963074489516	-0.485873066005	-0.486737188173	0.932986097652
0.624986428926	-0.461714209288	0.99228587248	0.628521687217
0.102555093187	0.42114575708	-0.0371664427447	0.0394370442999
-0.350153005709	-0.59939328526	-0.606494088505	1.06385005143
-0.153020906848	0.716800218292	0.417223849337	0.386871865237
0.933130629537	-0.0264538725827	0.852035919276	1.54947341109
-0.351041427717	-0.731045305737	-0.399631783909	0.831711774185
0.648848883092	0.64082137607	0.795569527603	1.9795499399
0.233157949791	-0.941533702062	-0.324715875952	0.246007902818
0.394925741536	-0.740576328653	0.393042352534	-0.273101885989
-0.213556038649	-0.409142245655	0.287088224234	0.097940706599
-0.687160505756	-0.855780007187	-0.875494588658	2.57596932337
-0.610219964153	-0.970891302061	0.534887129786	0.731612639908
0.387185360884	-0.0628912590305	-0.642303314458	0.578510740748
-0.763983441458	0.0673183870289	-0.0701529847887	0.53243942132
0.330952703902	0.228800638241	0.252925777241	0.307092910154
-0.984682482746	-0.611466479728	-0.0646267254678	1.61539361316
0.0649772321795	0.02729952051	-0.683686557239	0.454758881342
0.49163127284	0.073192031313	0.199699113661	0.332180919727
-0.786931252536	-0.697174424499	-0.657572982387	2.05873443205
0.492819694894	0.635178178193	0.979709200639	2.13801959069
-0.711979855323	-0.839800911099	0.836804586232	1.10232930718
-0.387981687008	0.91540445768	0.480128597804	0.465404952786
0.466093679144	-0.795277914814	-0.950046584534	1.50470888799
0.95921548129	0.0914279269938	-0.608447691956	1.32237290523
0.379147504756	-0.261364560214	0.107009477462	0.0281396527768
-0.37061728885	-0.609557243392	-0.876793976488	1.66649342428
0.790577391307	0.293381454022	0.576091381624	1.3578491634
-0.226560732425	0.24282539424	-0.230388042796	-0.00655035075005
-0.845641697576	0.674145328755	0.548965901303	0.816470839261
-0.802437247882	-0.516942064281	0.636301571653	1.1346677463
0.147621123431	0.958665235749	0.434479102653	0.768603337194
-0.784942032566	-0.914749441858	0.125914782896	1.23483333584
-0.0742796508005	-0.605093230919	-0.716427752988	0.997237889443
-0.969165039163	-0.646371454526	-0.867076419625	2.87799645319
0.0607611880464	0.178410759809	0.0653684235039	0.0304678325952
0.45153322659	-0.51224796164	-0.527282365078	0.520711289024
-0.62239056097	0.626314030373	-0.535610024109	-0.0510239053042
0.685017851002	0.970775209671	0.640654353648	2.16661716946
-0.422588887825	-0.810354836948	0.161757887827	0.416112644863
-0.867884395658	0.760072236285	-0.468693570207	-0.0429988165037
-0.770920976629	0.721167189777	0.174295264444	0.194431103209
0.979979119349	-0.988277302316	0.507417718974	-0.252128718963
0.878119822966	0.75629831995	0.638164737677	2.32511212168
-0.835243840957	0.8815617596	0.195814875008	0.17227961477
-0.389625455527	-0.391999858726	0.398410674954	0.307095256738
-0.21021112476	0.709655260818	-0.167726850372	-0.195884659007
0.88542545933	0.345468157497	-0.165602023893	1.06007835031
0.616660275248	-0.24670747813	-0.845263921643	1.15113922139
-0.101121004945	0.639131188523	-0.850440388623	0.125301747819
-0.966610965749	-0.925787589867	0.384220918861	1.62113195147
0.639173703898	0.0640282088854	-0.272114334381	0.506091388715
-0.641728008702	0.835157375752	-0.987254841493	0.0260299168913
0.593622748574	0.37393854623	0.305292738439	0.781730774165
0.166000861096	-0.317180420535	-0.585498582216	0.50342133926
0.0450567871998	0.934647697434	0.32996694094	0.461423360175
0.0542645343502	0.477975691528	-0.125361001498	-0.0153223626652
-0.700539076617	-0.171987421782	0.509565895469	0.783257384748
-0.276887330471	0.0378077971407	0.161861158129	0.0985167420962
-0.167066205801	-0.993951390923	0.987554869285	0.187649888663
-0.0534025924276	-0.55895730837	-0.654046436682	0.826062383335
-0.847887297598	0.616753117332	-0.152297405643	0.125240335561
0.550376563141	-0.20897683054	-0.506750402924	0.550593475427
-0.322830493298	0.10536087497	-0.47801134191	0.248336973928
-0.0216068618473	0.544500501297	0.329466109631	0.276644288621
-0.518990842114	-0.773457981488	-0.223700179435	0.893833562874
-0.402876134981	-0.113562795487	0.999522364017	1.09359732262
0.381325951493	0.100076084015	0.371040535516	0.358374452042
-0.212573019399	0.0433897061671	0.209140354872	0.0887780343073
-0.950259376897	-0.284425260115	-0.923940841982	2.28972944762
0.0215485374331	0.644260839945	-0.0139381453475	0.00556168895858
0.837819121575	-0.901050119071	-0.961439905302	1.73769609388
-0.0770500364678	0.822985032686	0.951143775031	1.6299772529
0.0275406633514	0.971401487531	0.982532099357	1.94731399861
0.766576357687	-0.265162059152	0.316442468077	0.400599645828
-0.875986827127	-0.927644886265	0.674907577477	1.40938329711
-0.639416191356	-0.65220512514	-0.288313839651	1.09704821687
-0.3491781189	0.723903107828	-0.471991816758	-0.249745834672
0.692878364827	-0.827949260592	0.901859893344	-0.0269306660224
0.714465929009	-0.00714574113397	-0.720485405743	1.02960379723
0.363830333824	-0.663246258348	-0.79799476413	1.0571260893
-0.541503507565	-0.329996317313	0.79138774302	0.837059731052
0.459841347193	0.517723067443	-0.873007556381	0.759690580902
-0.695881452526	-0.740906890453	0.0702324824612	0.952731230489
0.928349169052	-0.221564540736	-0.631040341784	1.19417099887
0.348515343862	0.130635641488	0.239281281561	0.255505665839
-0.0741798252623	0.179102906209	0.545110496948	0.386993152281
-0.798784247444	-0.212487850061	-0.651296259195	1.37036758048
0.281244895113	-0.525290268422	-0.410020994274	0.314860738467
0.052953210699	0.311788574392	-0.806791198626	0.418678009126
-0.687409117694	0.707083433953	0.984916392972	1.65295406206
-0.340472196937	-0.563041657994	-0.306804261088	0.574493781616
-0.699947616214	-0.716873936132	-0.735118085666	2.05908646363
-0.379918929265	0.547748046492	-0.103619325422	-0.109781776994
-0.649133605355	-0.779435875308	-0.677312463195	1.91400626289
0.475087309251	0.778976023122	0.246221424158	0.848215149719
-0.367184716952	-0.150707413225	0.331418100034	0.250052867709
-0.89694883134	-0.466020894123	-0.570233333746	1.81342080537
0.19921081392	-0.174318520435	0.63861813576	0.301468968819
0.143739665978	0.0750462052644	0.940867271069	0.987287948172
0.0441212120292	-0.748922829968	0.211120090959	-0.144637664801
0.746732662654	-0.614344793657	0.361878382205	0.00749620938142
-0.66356581243	0.637950399874	-0.990232684211	0.365838944063
0.830334561627	0.874267093023	-0.414081253015	1.22483533841
-0.193773869327	-0.250899933236	0.509728829653	0.218098713762
0.207433412584	0.615166295848	0.00774404832816	0.17545851252
-0.168089602244	-0.379670167537	-0.0770716597421	0.12727457253
-0.434449893991	-0.917979168515	-0.739746777066	1.81386008834
0.791851255808	-0.643440891383	-0.268537562743	0.362419404791
-0.706999767629	0.0290888473602	0.0318574921851	0.481224460639
-0.530814028223	-0.736838587382	-0.909091215142	2.16918811549
-0.131359637207	-0.0221664149079	-0.242858515042	0.0845306874443
0.0907224828164	-0.711065040055	0.42608783109	-0.177704337868
0.949957582047	0.627634581975	-0.325905528581	1.40031047096
-0.109000118279	-0.0283615791736	0.216471243833	0.0556927743551
0.737593414331	-0.344978762909	-0.84222432548	1.28948130159
-0.583832987261	0.454511026665	0.144951856456	0.162395684358
0.62942606426	-0.883402964469	0.511116553828	-0.350141427955
-0.718918029712	-0.45627365503	0.779944075548	1.09731131744
-0.460819965153	0.0144791583024	0.730400753438	0.749743603816
-0.50004001552	0.590593501285	-0.238739339188	-0.129281796577
0.312617193569	-0.624069407586	0.662580991874	-0.0718482733605
-0.808542952634	0.117861719403	-0.344397477574	0.63646378734
0.512418565885	-0.997259658731	0.827438215861	-0.388958329182
0.642969831656	-0.637233398583	-0.537606743234	0.635290335871
0.804392717959	0.762245369769	0.40357837583	1.7306935232
0.877184314474	-0.973842849824	-0.821156907137	1.38918909767
0.427608259125	0.315219612658	0.730794285281	1.08206031202
0.174419202556	-0.0909365238266	0.491421582622	0.211367983661
0.691489093789	-0.968211396871	-0.212528860796	0.0595909272689
-0.842587738995	0.460578078389	0.345869972185	0.600802821025
-0.246004074033	-0.723228926113	-0.465574858482	0.791912420499
0.615644423112	-0.628267070228	-0.350129141206	0.334793962967
0.990094354441	0.340036024708	0.871691342882	2.37320683533
0.0719313409359	-0.720390104654	0.147747817525	-0.131251156562
0.699652094361	-0.173283457706	0.144082932369	0.364067621724
-0.75302141487	0.994721499065	-0.12446121994	-0.29031899538
-0.160490172762	-0.387784219226	-0.505943240221	0.540168018598
0.872626168953	-0.382684948532	-0.221987038884	0.561764874171
0.445431360768	-0.4880078259	-0.970885359871	1.39745314288
0.218486842272	-0.786800136327	-0.634248455076	0.777128896646
-0.219549619839	-0.900330081792	0.45459360929	0.0432402109311
0.903417526199	0.50355697315	-0.910413593818	1.64149321982
0.704328925997	0.255193867301	-0.734064873655	1.02734204325
0.453288992275	-0.00747286812012	-0.154830290207	0.227212986764
-0.264396075719	-0.578209288799	-0.340699052074	0.535852752437
-0.502643349732	0.958747201747	-0.512536988954	-0.457956806908
-0.964456614615	0.0388214443922	0.622990098495	1.30503700093
-0.985157459857	-0.259535143257	0.0123857402367	1.22315707488
-0.487273970822	0.349755291988	-0.326738047404	0.0594886631457
-0.0139745712569	0.493251076687	-0.42618575021	-0.0352799701546
0.812246622823	-0.437052483477	-0.543343788016	0.837442396496
0.0651984930855	0.135198504313	-0.637589796248	0.333385143711
-0.71867132644	0.223252779811	-0.2700093939	0.36866782908
0.777308532491	0.84752095228	0.868004727852	2.75207822346
0.320162598966	-0.839402584615	0.962184843287	-0.0481019949738
-0.990334181077	0.561021225551	-0.792302550395	0.608408077769
0.317979890721	0.987621358985	-0.494326686966	0.171306221789
-0.162619251563	-0.152969594354	0.685902518166	0.416860856381
-0.0564209840807	-0.460389712556	0.746500331669	0.242740640149
-0.582830318004	0.433024324989	-0.584427359738	0.175795550402
-0.462583085487	0.516949057887	-0.514141989094	-0.0265920111908
-0.551999225134	0.00947835757341	0.797733856141	0.943411610483
-0.86939507083	-0.324635673498	-0.361895264377	1.2865367388
-0.166439723214	-0.170505767418	-0.938271299961	1.09641481458
0.547721448552	-0.436650080134	-0.791588026306	1.03309474931
0.861033639299	0.358050022393	0.424138621781	1.38142845535
-0.480859522393	0.532697834132	0.388853724226	0.333421809709
0.809729108392	-0.789561699781	-0.572198978816	0.795528207479
-0.958427377973	-0.634090624099	-0.740207901612	2.543579481
-0.137393294158	-0.749373254134	-0.971678667818	1.79414521599
-0.530444850725	-0.551839884226	0.912710743262	0.903463074646
0.875483635314	0.109399864765	-0.147238914706	0.867820767657
0.953738618943	0.407986466128	0.512427941903	1.77037586282
-0.933284564047	0.681152025392	0.036410957962	0.261438562043
-0.127546352015	0.286671358848	-0.27075400247	-0.0246055020839
0.606853402242	0.0898105811542	-0.790038994728	0.975980660483
0.439198652781	0.18392711306	0.455695693481	0.565149355264
0.733538923754	0.61042615016	0.796444765797	2.10634567105
0.142829967677	-0.608752708143	-0.431272241026	0.381986160591
-0.993169239506	0.0916952118937	0.837789244578	1.67402835507
-0.137828225411	-0.255926799088	0.622139126668	0.282105573929
0.947404057841	-0.614815782495	0.903743079236	0.576211526485
-0.660319015812	0.949280436304	0.388425101392	0.328791688325
0.0318080802799	-0.155284381065	0.966459860816	0.78004099717
-0.425371648134	-0.240558274951	-0.271213247525	0.422066925526
0.177309829687	0.373312537096	0.186354632617	0.201927327875
-0.151582349042	0.0838382773342	-0.0527978879562	0.00862993852268
-0.0712854116092	-0.126232868004	0.490801315639	0.193010845602
0.473068767805	-0.739128175696	-0.913480129219	1.38376045167
-0.845311688498	-0.121800001621	0.0302074415463	0.814744038837
0.525634449303	-0.968080798134	-0.479216881513	0.461004437748
-0.698250056362	0.320705065638	0.32793102408	0.476328708209
-0.175417284264	0.322585505452	0.533665086612	0.431135196685
0.531665797937	0.265080788783	0.428674549948	0.720998167386
0.140719046987	0.633861546172	0.0344179776911	0.131999072627
0.921669858566	0.539230741659	0.293422542419	1.59078729316
-0.577309319027	0.12652693381	0.81570388295	1.0288222077
0.483421597749	0.378525126951	-0.0461093603592	0.401356184458
-0.602678076334	0.817162384281	0.395973522876	0.351104708767
-0.593968134132	0.154874742615	-0.141984411708	0.258977256419
0.652293045644	-0.381458398788	0.445840551354	0.20536773106
0.509371075955	0.67713028537	-0.403664461504	0.49398104051
-0.67533008268	0.730972111395	0.516595852748	0.606911700445
-0.674535530536	-0.0290172775173	0.113683086593	0.484196437144
0.686719439955	-0.774708487723	-0.373119765242	0.367853618679
-0.809262255492	0.782505127495	0.37250735947	0.451904185427
-0.672047762067	-0.942728172248	0.868763721032	1.02094892103
-0.306797288762	0.572927875261	0.283432825381	0.161072590534
0.300344469812	-0.549739368469	0.656406585244	-0.00488731509058
0.631596164799	-0.64632215542	-0.808362086753	1.16661071037
0.901114008152	0.0858621322182	0.630759286393	1.34139364042
-0.979349724369	0.790135897064	0.990665153741	1.9494840564
-0.00935971575453	0.419642227569	-0.759047765462	0.253784887433
0.432093392785	0.176543558157	-0.92543753083	0.95604259403
-0.825107464855	0.298099849747	0.203833411805	0.537148686461
0.138311330165	0.438344996318	-0.905802669239	0.503182511451
0.774466024304	-0.153885625759	0.329321255399	0.538393115817
-0.339312005112	-0.817806991553	-0.599334258033	1.24196566626
-0.752221304975	0.0394272029148	-0.608376905572	0.882314769159
-0.992270269021	-0.770239505485	0.452107676771	1.60505620611
-0.145525765252	-0.51716074158	-0.562718921311	0.704106680076
0.972596059153	-0.487214753595	0.695433898701	0.616882596838
-0.851848362874	-0.153115546785	-0.551837215607	1.24509603072
-0.0895232217858	-0.160401441941	0.463841657952	0.163122273985
0.107718955793	-0.935270476324	-0.703281202144	1.06321960855
0.223747467511	0.856419125694	-0.871570527049	0.254890054584
-0.0139448705532	-0.32064484569	0.0512885280493	-0.00914907877115
-0.908487251851	-0.565187583823	-0.432489874365	1.77030020013
-0.324923432156	0.66560304863	-0.666746924584	-0.109932114476
0.23847721743	-0.449529610544	-0.212123872492	0.0900213116275
-0.434022041148	0.469770008923	0.684589918636	0.774747762944
0.287527032401	0.162908230092	0.770237507677	0.848256161672
0.786850921419	0.934160295526	-0.570412090061	1.14669288769
0.634049147494	-0.211811253854	0.534581741973	0.440266786299
-0.778515901562	0.680436400483	-0.898231068502	0.271986388577
-0.616163067513	-0.875425526276	0.744999237431	0.821894317687
0.660336090021	-0.397815158076	-0.219270727884	0.308660917131
-0.396788483216	-0.701293805341	-0.723702677773	1.46698017637
-0.660517719724	0.494181648731	-0.0577766036102	0.0846539210148
0.535763924817	0.824781059507	0.695953044395	1.78729045002
0.0622153968885	-0.670983668846	-0.300988305539	0.254677437949
-0.750630641963	-0.531555551323	0.543902005156	0.969163506378
0.788557758948	0.682687582261	-0.621112175638	1.12191669435
0.803931722894	0.342212605471	-0.581012305351	1.06016734873
-0.147825417362	0.951511857646	-0.274357723625	-0.304587750216
-0.880065515023	-0.635087925059	-0.640722905875	2.15087551553
-0.966681767128	0.333411051471	-0.399559412628	0.638601454813
-0.752101533351	-0.315553935265	-0.309665666977	0.996594360172
-0.817654680855	-0.187927137424	-0.891829676841	1.78517785143
0.318023406034	-0.165413957957	0.344305085418	0.110126501391
-0.462729077062	-0.295282836127	0.807387471818	0.76422102011
0.850768712114	0.954503733835	-0.921052685948	1.50505913635
-0.933860844095	0.571623589019	0.432744868536	0.772914484914
0.77789444498	-0.79987508574	0.51448816685	-0.163926811087
0.689233921437	-0.83264268545	-0.605774797892	0.772514875467
0.0722839548236	-0.290165446959	0.446666414727	0.0541543902401
0.778517221755	-0.261632940699	0.981692198191	1.10927986977
-0.468329918354	-0.095787909285	-0.311981566902	0.391409816276
0.734552177466	0.374470541615	-0.783597139234	1.13522548464
0.458331724778	-0.295312045091	0.582157822279	0.241706603941
0.86768448217	0.916342945797	-0.873508891976	1.51055698812
-0.06135919636	-0.856335946597	0.0258511246026	0.0348400698613
-0.0427660454764	-0.850853831033	-0.42426955253	0.579212615643
-0.773983300818	-0.796511046249	0.0747424116524	1.16158967026
0.178568755298	0.90928573342	-0.771836972782	0.0881687866723
0.230377726919	0.654104685496	-0.198450376766	0.113340278429
-0.176746153796	0.992644915689	0.41153737479	0.433666525498
-0.893800359987	-0.181211579954	0.922799500988	1.64518302238
0.325638361036	0.0220126704972	-0.982983630992	1.05782723614
0.377685518548	-0.404522509146	0.934785657552	0.485546443149
0.307003882326	-0.925243568451	-0.044423991566	-0.14672548034
0.808037972618	-0.425769920185	-0.213781480011	0.445611346961
-0.518121774059	0.83397124609	-0.452351215681	-0.336274773468
-0.57679486777	0.433547659681	-0.212434682498	0.035652189344
-0.155726124673	0.436035350417	-0.198790210662	-0.0908134807455
-0.573700370221	0.49758419207	-0.718947751819	0.202816713201
0.67162483576	0.605202160284	-0.876518819801	1.09536287971
0.802801370332	-0.904121822076	-0.107973508709	0.0279392865105
-0.480091982573	0.297665729394	0.952803386564	1.27903259004
0.837583655198	0.221639814217	0.905599706811	1.90801604493
-0.0676351782362	0.992710083318	0.700908989395	1.12450522659
0.761120109342	0.316147834677	-0.531457948397	0.934358566649
-0.666677464751	-0.792396345476	0.247391795431	0.837901974532
0.967949562851	0.815961211356	0.335278462804	2.11272152233
-0.386565564218	-0.676155464812	0.771224828882	0.48413120823
-0.747455197628	-0.597442494147	-0.543657372394	1.62561812508
0.67144549585	-0.322101604958	0.0706225504009	0.216805289837
-0.463014286583	0.667855720744	-0.281704192013	-0.203625014896
-0.775282447881	0.803328966771	-0.803355421102	-0.0217227215895
-0.593193494749	0.478008985501	-0.591294961234	0.135312128211
0.642260747808	0.170263599971	0.508810299214	0.86737228905
0.875520464385	0.714541379893	0.807591712279	2.62139375453
0.511558402578	0.45047936998	0.344547225777	0.766062714136
0.780830389727	0.632032448747	-0.0107579039557	1.09652262891
-0.2013219544	0.872436618539	0.260896808071	0.160572957672
-0.311016312551	0.247067031386	0.861964998734	0.975836062057
-0.257938461363	0.875790769819	-0.808439407994	-0.213817368874
-0.696065697095	-0.612862213702	-0.540529663016	1.53454234112
0.795055072437	-0.480163445297	0.375754214375	0.211123976887
-0.396221082407	0.932298809967	-0.84769003566	-0.284127312377
-0.386361175131	-0.313025895758	0.566149311616	0.413521658222
0.535191808361	-0.923895838727	-0.969871559636	1.62867992731
0.133865226376	-0.312372086749	0.581836102271	0.132888031221
0.645041332122	-0.487065360304	0.408590156823	0.069836835608
0.136641814093	0.373879957296	0.896379457731	1.2083930666
-0.269892512117	-0.643440212393	-0.666331198783	1.11924321796
0.775283314476	-0.315846933665	0.603388510543	0.529692643898
-0.704885029816	0.71600570387	0.886472399363	1.41271381244
0.913287265103	-0.819114685417	0.981609080414	0.245512591394
0.299839075824	0.577810199211	-0.600919597089	0.277040437586
0.497861818671	-0.708310540702	0.214947454105	-0.210821522901
-0.533578714246	-0.0750693703807	0.355971174716	0.424754607693
-0.173848820184	-0.630957590117	-0.33016837979	0.457248049166
0.65033913246	-0.925091903419	0.714742475908	-0.329028149331
-0.0201159157318	-0.819734646858	0.995847756016	0.192276207704
-0.993256634052	-0.0567352389553	0.160590690735	1.0595896123
-0.482990249094	-0.281279710388	-0.627989795085	0.940146908524
0.0340222252545	-0.081373550042	0.307205801586	0.0677659804215
0.956397995432	0.289516118733	0.0150767502346	1.19618203188
-0.529447883365	0.093910744793	-0.521077107244	0.453180828601
-0.942832302282	-0.316521138148	0.604939751751	1.36183498814
0.0475518962702	-0.919324837637	-0.0236506161027	-0.0191525060284
0.444705143531	0.863019962642	0.940702640689	2.27831869706
0.0597951376924	-0.636748056586	0.303577837727	-0.135642073863
0.551644964992	-0.135038840029	0.923719222018	0.958337900093
0.80672172577	0.316474867582	0.574084697331	1.41736371245
-0.527583899083	0.947297774455	0.880868821843	1.38894067295
0.607598192583	0.0536313967392	0.947409136858	1.35015685125
0.224553180031	-0.63868702923	-0.461927958088	0.415409760937
-0.477252225427	0.972736003882	-0.111111205835	-0.332206906219
0.326110631778	-0.443927455533	-0.621443153967	0.623645952883
-0.595028094114	0.344275685943	0.852911019681	1.17029846137
-0.854077463664	-0.99897318624	0.370296172113	1.34985210729
0.910884566571	0.877014340311	-0.0779392594751	1.5662902008
0.817952749398	0.914301011904	-0.351900252915	1.21899275738
-0.676639465546	0.00394053302093	0.385772641502	0.605515326941
-0.18092701379	-0.480988533593	0.906993517657	0.506142162405
-0.277257056098	0.326601215821	-0.195235738177	-0.0393282524589
-0.991783436985	0.591315429959	-0.148312149147	0.331474767754
-0.323940842053	-0.521820406231	-0.101440945918	0.337200832061
-0.369239246212	0.131385168987	-0.707714077129	0.495701141532
0.845488567066	-0.544863453279	0.254596285086	0.180274153975
0.467331416969	-0.0608906702119	-0.556874174203	0.533959817682
0.0730813167384	-0.762113310914	-0.977282764601	1.64952644001
-0.267458397972	0.400281072875	0.654500962613	0.654831317729
0.0345823509972	0.228894414758	-0.933296544309	0.666527719307
-0.99089839158	-0.838742830118	0.352265168631	1.64161940829
-0.884368308629	-0.526955069471	0.705686188497	1.37425775097
-0.151471421174	0.507000357373	-0.2002939883	-0.115283915133
-0.43873186403	-0.704947579526	0.481227147996	0.39410826891
0.789192944311	-0.000746743842688	0.150440107422	0.644756064075
0.10061038943	-0.0682915229002	0.845210355646	0.65991145668
-0.306358345849	0.697287928891	0.049473311087	-0.0828197892711
-0.67600354741	-0.935412519768	0.1593344044	0.965667033487
-0.419660140942	-0.719565149144	-0.817207199504	1.73394887312
-0.58060634238	0.735932820669	-0.883357740321	0.0400454054574
-0.108503310218	0.527403236739	-0.906201055974	0.297814955114
-0.394134374909	0.282522703954	-0.67318116996	0.306973919365
0.951074185216	0.493894354934	0.984773309232	2.83042472588
-0.0809300212386	0.491177828937	0.49952770794	0.46168350229
0.0596221778739	-0.0339422075395	0.799252978452	0.613208008852
-0.424541080127	0.463490579893	-0.931759923198	0.419778944652
-0.989208836377	-0.738832477864	-0.459272954288	2.25965115904
-0.793731238914	0.850449815464	0.732996881615	1.11564218513
0.603047247958	0.748120685701	0.835544572327	2.13804101465
-0.282627118942	0.462210858006	0.873560349582	1.11612152828
-0.155312428328	0.140815585312	0.26885625466	0.112394376426
-0.31781278709	0.0129448674096	0.96702285783	1.04454211349
-0.83596965192	0.0626575357146	-0.875435232753	1.35799969299
-0.98024932437	0.911011111946	-0.444400740881	-0.139491283656
-0.248400445098	-0.999649383354	-0.275386912404	0.661144441583
-0.0389364912729	0.301960031704	-0.0761573824891	-0.0274377525098
-0.313670495847	0.559217960226	-0.45410568187	-0.124753077741
0.167938062771	0.328646068321	0.0916698520688	0.121925675223
0.56817314812	-0.704780668899	-0.528704731224	0.574532841803
-0.842986800574	0.0808653159056	0.158022195987	0.680207881233
0.28579536276	0.69142889655	-0.199615538242	0.181112573454
-0.6384528548	0.893267895618	0.0970987138778	-0.0665240662067
-0.0384674125403	-0.464881785017	-0.163554812539	0.122146371141
-0.444093556247	-0.510627539541	-0.863798728586	1.6112131496
-0.684536165943	-0.253640942029	0.901429509598	1.22615189125
-0.284160448938	0.534417522797	0.44194127743	0.360380092945
0.170219691728	0.231274249116	-0.972411705146	0.789032912207
-0.181584069972	0.587043108382	0.43878689026	0.376495852638
-0.079929991237	-0.525477155782	-0.105081484281	0.11465022578
0.734959122073	-0.47636541298	0.319175459556	0.139884629787
0.804748434609	-0.865683745565	0.299978773967	-0.218737079911
0.337439335598	0.661950852079	-0.289627346083	0.229398492006
-0.359154584103	-0.242230456641	-0.541373126596	0.640212116063
-0.103609892528	0.382800493824	-0.394670214778	-0.0242422828769
0.565302409391	0.678584582152	-0.0932417866725	0.648593905263
0.296829104176	0.426423420015	-0.775491567137	0.485381803298
-0.825252966678	-0.875338918392	-0.0525148183997	1.45214456875
0.693040512737	0.726984724992	-0.233254426089	0.868970241341
-0.723580697517	-0.310337891573	-0.155018493364	0.820262379539
-0.942030597652	-0.444175873024	0.274637324547	1.25928729668
-0.719575381701	0.160010681382	-0.263292698909	0.429842383962
-0.84709201972	-0.244997536165	0.186445129847	0.914183536611
-0.132225146711	0.457357410077	0.851934620821	1.07244054866
-0.784921913349	-0.413155495388	0.145574784942	0.901444207629
0.0270668885397	-0.411872202995	-0.86291685415	1.08962148034
0.63418224726	-0.513556651286	-0.773544720587	1.0721290826
0.906130612736	0.612058176407	0.134193441302	1.47581941041
-0.44872623602	0.322258205692	-0.734515357646	0.359558732635
-0.989979288922	0.552790918374	-0.375967687286	0.36632761095
-0.688018517486	0.81683028582	-0.880797298697	-0.0322829097353
0.355947777091	0.151585676208	0.474526879968	0.477762642292
0.316330734514	-0.0596524815667	-0.650596518901	0.543280747545
-0.208736003667	0.541368804769	0.232879740583	0.110874358798
-0.249000657242	-0.997727478173	-0.92174079903	2.07968834866
-0.353172525834	-0.311056400162	0.244755079239	0.21835982247
0.648003182632	0.405361938242	0.940058031243	1.94735679851
-0.376038151309	-0.743247210459	-0.178578929493	0.585512723478
0.890879193178	-0.995177686767	0.0562857817131	-0.145763622638
-0.288501629344	0.197754261923	-0.964632819797	0.765936989084
0.238201600531	0.996236838984	0.209595995171	0.546782944935
0.395755834877	-0.5469445058	-0.83938319351	1.10382637281
0.50297087944	-0.56476975264	-0.337401507965	0.273310910169
-0.00720167378067	-0.0866654662238	-0.921328552481	0.929369670684
-0.429212664712	0.783732288986	-0.429704520928	-0.304291645096
-0.108140481724	0.545166305154	-0.826518411251	0.185282512662
-0.618533927875	0.578491819194	0.313032139654	0.303843055153
-0.90596509767	-0.176210109387	0.00843512322436	0.978997764475
0.203811515695	0.440231968952	-0.361446031207	0.102786614266
-0.258788144643	0.433860059141	0.451556236979	0.354508714904
-0.659484794201	-0.905229853709	0.0985653223433	0.952396368004
-0.840912224728	0.386267333575	0.871346184366	1.47813318715
0.369015954143	0.403438812827	-0.0780059781102	0.259662426284
-0.735080356338	0.544014369717	-0.69381940689	0.24438649557
-0.0623747943492	0.399610627597	-0.596682099396	0.0965540037784
0.599108974023	-0.915580003296	0.618415638859	-0.373371723935
-0.724768045611	-0.787127893431	0.325508164228	0.945512874282
