-0.72983329387	-0.0199401899002	0.0564036957986	0.549266327811
0.924449483961	-0.877994014013	0.282284257305	-0.125213751021
0.918471731098	-0.98300728604	0.858341218975	-0.166280106834
0.118023765086	0.645167935125	0.622270751589	0.878764782115
-0.344485727312	0.633336118079	0.66737389535	0.768555071435
0.863347998411	-0.286100384751	0.528063970366	0.626137823546
0.430556261048	-0.88706118726	-0.542986631112	0.579945793046
-0.755660797194	-0.777666079634	0.231439234104	1.03225668733
-0.934151820105	0.428906962679	-0.979905867103	1.01190246238
0.180542962804	-0.701067804059	0.0837155152445	-0.145659061999
-0.573865690639	-0.780302098232	0.155863837509	0.679783089797
-0.185212738739	-0.697316706739	-0.955964273825	1.74393324763
0.280124925273	-0.627955420621	-0.565584847422	0.577612298876
-0.556497343298	-0.681813906122	-0.595674997287	1.45008511955
-0.673535498561	0.183290830091	-0.990309971286	1.12939628974
-0.405319637532	-0.463099891334	-0.9027934547	1.58510706128
-0.137814836636	0.806936054854	-0.77345192636	-0.118113195065
-0.179358985407	-0.687354369182	0.398779677021	0.0403751053815
0.458677686911	-0.254950391953	-0.472415475774	0.437064056876
-0.253063272436	0.0500699093434	-0.622234690503	0.407390940269
0.0304346347571	-0.48865761108	0.133128013066	-0.0612767978916
-0.705001298239	-0.58144246429	0.518172934766	0.874159964899
-0.664116868328	0.658145532372	-0.442387191918	-0.0914830614318
-0.756505281121	-0.932337816895	0.946413054716	1.29093971145
0.505914142996	-0.433224819577	0.0508139102329	0.0173427631425
0.64951918355	0.923085064754	0.383703021498	1.52285516456
0.387439204931	0.726787115387	-0.539601255324	0.330689234588
0.0659860488493	-0.910503133105	-0.207075135092	0.175696325287
-0.693679115125	-0.536212226606	-0.505235983495	1.37932704832
-0.469475567684	0.498929947954	-0.0707504090008	-0.0441219894051
-0.789852675627	0.745990921293	-0.838039322129	0.111784503458
0.0305608100266	0.990839300004	-0.80099975959	-0.120846611508
0.756447086016	0.0191327752655	-0.596018815393	0.930520060292
-0.219867456408	0.48168067242	-0.702076579366	0.0971705985961
0.363822632802	0.197211425479	0.0744878705024	0.22435519015
-0.44584731933	0.798159145843	0.81313320171	1.15311802204
0.33527014549	-0.974598948685	-0.427253185929	0.384597929853
-0.611337800801	-0.0692250702806	-0.653842032434	0.888825472939
0.523279719487	-0.295919333437	0.36546092182	0.14438781203
0.461576856819	0.177178022917	0.577632274557	0.730837258656
-0.775894302407	-0.459808480013	-0.987257451997	2.38740137326
0.535586752641	0.231988943593	0.986382208967	1.61288300335
0.702739716562	-0.365862093981	0.572265214272	0.354854610869
0.809720349566	0.731824706318	0.0302212620243	1.27125039241
0.940220734684	-0.00772934586249	0.789505280805	1.49396396773
-0.120851792189	0.789990973261	0.210907442495	0.130230255808
0.85146933424	0.46442968146	-0.498498909746	1.13743113198
0.718056267252	-0.185118342901	-0.517627562609	0.746440066839
-0.607314639541	0.96164873413	-0.265771332667	-0.400136547292
-0.0664733215318	0.344722095011	-0.906157906554	0.490253379467
0.0659351439429	0.899753386639	-0.36900295191	-0.132175664875
0.566608969882	0.698873742915	0.84320668338	2.01732637806
0.776205585408	-0.454269158863	-0.369441446767	0.554201690292
-0.551472608135	0.574516486407	-0.177147510747	-0.0831009925386
0.786690295568	0.732392425796	-0.548209651172	1.09407686043
-0.0103272945879	-0.289674420517	0.0568085646092	-0.0101305689319
0.655584735284	-0.582484578996	0.0593692314639	0.0168663904589
0.936132418945	-0.596515662354	-0.30647518169	0.594670538855
-0.785880316532	-0.652090826897	0.654390020939	1.131577787
0.254190866324	-0.109572359722	0.126644907109	0.0389228546575
-0.987776159669	0.158654021956	0.227912261848	0.907090277182
-0.309383357842	-0.559115911907	0.23061918461	0.192941572962
-0.0189150793822	-0.239445818776	-0.0212148005049	0.0104167799354
-0.338963047182	-0.901062680471	0.368078504817	0.224142880764
-0.191471065906	-0.145647720589	-0.3052486611	0.202184010193
-0.258564878372	0.633891649555	-0.0307970293212	-0.115619843643
0.825015400614	0.123957648037	-0.891480154723	1.46714846292
0.155575742485	0.722038918544	0.173316118085	0.291715011762
-0.185878744981	0.583562149304	-0.707912220957	0.0141080433046
0.978616865171	-0.532187990576	0.138474799757	0.382363470517
-0.100597242021	-0.113079672339	0.855860418134	0.657211947946
0.66089450458	0.611317906009	-0.28782154313	0.747688968456
0.274944190605	0.0761330436699	0.522217326035	0.408995576118
0.561428756756	-0.119703871706	0.0174007407888	0.246216902779
-0.605632472348	-0.569733440418	0.547558079897	0.699697465835
-0.735735187914	0.864115455089	0.847254647925	1.3555123941
0.819025072407	0.473433615405	0.290457795237	1.2804342853
-0.345836021694	0.589829289377	0.962630636694	1.41006382606
0.248433312352	0.814449779657	0.25554793413	0.537491272473
-0.549422217467	-0.907926928392	-0.626821682315	1.76271370543
-0.314061506155	0.140359379401	-0.595627877137	0.325723760385
0.621369570612	0.340637157462	0.304340067515	0.794054119745
-0.48267163797	-0.0573306560673	0.0177343640039	0.259941576714
-0.247989227477	0.430704631808	0.546110448715	0.488137469967
-0.640015218603	-0.979032389731	-0.711591623526	2.23924899534
0.591691355492	0.591549174675	0.758411051336	1.72393794744
-0.904058286151	-0.258844182457	-0.490429106913	1.41879704287
0.913355188876	0.613324025994	0.959136354282	2.90260429904
-0.63349256192	0.180435521264	-0.92165594973	0.970158483338
0.184027452099	-0.436528389001	-0.760105404752	0.86310071007
-0.541805763215	-0.882305453697	-0.848180158765	2.2393552263
0.627960685418	-0.702420155754	0.457338673581	-0.158842860004
0.941609737278	0.822768475675	-0.670558080879	1.55928979533
0.721292433056	-0.662981450139	-0.394585265639	0.459359514218
-0.316111251956	0.831453782542	0.266101287092	0.129155244154
0.705029355883	-0.493800228957	-0.363306896032	0.460315664447
-0.96891009054	0.945253721889	0.451482810453	0.653523429376
0.55915956472	-0.710322445734	-0.199772160526	0.0972873950263
-0.0688963419373	-0.692509720729	0.21437706221	-0.0500425822335
-0.632655602239	-0.846440277707	0.84595377817	0.935346738575
0.817245348829	-0.282468972569	-0.417540950293	0.729326314568
-0.739569597143	0.687231184755	0.270049414277	0.297220963631
-0.601798697801	-0.791597680362	-0.0238688793314	0.858008398812
0.331379296297	-0.92734981309	-0.306218448069	0.180249068051
0.275208808292	-0.917676836715	0.633002812417	-0.357012318471
-0.888047455913	0.499385092901	0.112156845974	0.413739237728
-0.344314004094	0.160275595803	0.622829224229	0.551107568815
-0.962940693074	0.380766822704	0.597491476608	1.14509990598
0.13438591171	-0.537854972504	0.0387218121666	-0.0735478980621
0.0410151469257	-0.521863380501	-0.697857336901	0.831468990659
0.550970737968	-0.351585209688	-0.517587790192	0.559728923959
0.337360416996	-0.651824923691	0.49604472184	-0.183361824004
0.581601315224	-0.671910636897	-0.403133256528	0.380861925404
-0.969278378478	-0.336123895839	-0.219566707126	1.38730935559
-0.545690795543	0.190018745678	-0.537176926488	0.380572328416
-0.89233132584	0.387014750515	-0.45421521361	0.481433282328
0.818786219305	-0.762898838866	-0.226312148996	0.269630281409
0.90973462539	0.123026876001	0.275335299936	1.04922206678
0.818275882314	0.0948316824404	0.273526611013	0.847929693844
-0.883602996145	0.584822065425	-0.4496606701	0.203226961982
-0.0298274740418	-0.296530978906	0.88193045871	0.526016080035
0.149809439151	0.74031525781	0.733990563401	1.21547564196
-0.131818491335	-0.379500881021	-0.383362508543	0.359854570954
-0.46341076204	0.793992382215	0.827855186102	1.18945983998
-0.286682988784	0.167810979402	0.268553135374	0.15126553412
-0.759477625842	-0.0404797646074	0.246942699485	0.658534254156
0.919427615356	-0.897127680089	0.366094786885	-0.173905197562
-0.935648127655	-0.855510434546	0.157222118095	1.5661077869
0.884846902887	0.449824321005	0.145936831288	1.2679231936
-0.287079091624	0.731170912713	-0.682289762975	-0.160840584665
0.473269239757	-0.262723951931	-0.626589962635	0.656879780803
-0.614104551641	-0.825123242765	0.128882993212	0.794102812037
-0.33241751232	-0.599979990714	-0.177403810222	0.447856106743
-0.365589627906	0.535862843211	0.205003916885	0.0896304662841
0.748332725277	-0.91117303126	-0.0705965487611	-0.0525491859328
-0.257650205305	-0.377152894129	-0.378904338411	0.450030514394
-0.744295591115	0.391112724892	-0.544882728945	0.346659069625
0.936188274124	0.733362622661	-0.171296088429	1.46673417387
0.199000283252	-0.778572457504	-0.691228973974	0.900634308584
0.854728205295	-0.685088443028	-0.694705067115	1.10354543262
0.0251161281302	-0.503679364755	0.543709235743	0.00974495499189
0.426894702254	-0.180846810889	0.808200156957	0.612063614083
0.613467401961	0.958182860519	-0.443896091815	0.735866316615
0.697785448329	-0.141100522291	-0.86628875555	1.26113664455
0.619378087773	0.66214476557	-0.432298625126	0.694385003836
0.975656483343	-0.865354132189	-0.720519191597	1.25026936926
-0.562624874962	-0.43235185631	-0.962405003107	1.90211963864
0.779707886572	0.145258136179	-0.462859254963	0.868207919966
-0.995177594443	-0.464925317061	-0.402717441118	1.80247657449
0.568528727403	0.383181843564	0.190499835952	0.650361065604
-0.7923813574	0.0390556850151	-0.428529931825	0.763822591282
-0.611753004378	-0.97845121626	-0.891601930321	2.64015520485
0.194738837796	-0.208304577852	-0.732835663835	0.687059357327
0.5605222801	0.906413159464	0.482816162959	1.49299236826
-0.0383774377883	-0.129541225849	0.693674504538	0.397769160655
0.908028580442	0.963061182755	-0.0214102810937	1.67884197106
0.725670946076	-0.450836097285	-0.89570817962	1.40555038778
0.232011546105	-0.069315634338	-0.317063415635	0.160253991348
0.22407747131	-0.529215415745	-0.31896607076	0.202166577052
-0.012400616712	-0.21733245775	0.708946859824	0.351377318396
0.802415262958	-0.302986085065	-0.972321716378	1.64075906552
0.412947527229	-0.817623193425	0.397040180068	-0.334098171042
-0.443706910649	0.783872170728	0.856011589592	1.25282582776
-0.127301646916	0.996977959407	-0.124449504156	-0.219296960481
0.947837488938	0.66280788026	-0.78830252647	1.62555780898
0.840386628806	-0.908381106704	-0.858235153808	1.459030528
-0.602312253953	0.889837405599	-0.106243096086	-0.256431407674
-0.71888541153	0.886980331609	0.326556686993	0.275447642541
-0.718245007523	0.909777168286	0.0340449589435	-0.105434632677
0.630759735	-0.484217310719	-0.458000335574	0.523969058892
0.616537503566	-0.434975173702	0.0198719239519	0.103691085385
0.871841297691	0.530553683653	0.0654722466284	1.26168901712
-0.880488436919	0.260092987324	-0.853225750065	1.05232716606
-0.489345576665	-0.982750305586	0.904530021109	0.649611012837
0.71161057275	0.535473351338	0.81199027819	1.98156547288
0.318850285875	-0.144316331617	-0.426600194531	0.299203302326
0.172102848414	-0.445624504626	-0.00746506502422	-0.0436915130378
0.156882476875	-0.866655134592	0.0247823666529	-0.132214492171
-0.604577033883	0.952447980638	0.580900701181	0.68040853926
-0.558571570109	-0.900649746895	0.0725495588767	0.75500123883
0.628065387761	0.296164152574	-0.891650457354	1.11144222064
-0.178823644152	-0.572916802328	0.322911689422	0.0536993927238
-0.689267787495	-0.677544313292	0.654367213928	0.926933218694
0.642299037199	-0.188677726275	-0.644021451059	0.827636663742
0.417405661176	0.899883800381	-0.538592335429	0.355255264782
-0.0802483560175	-0.295769055371	-0.150234073183	0.0971796457531
-0.639259024216	-0.627878860945	0.995847493683	1.17646996868
-0.228338822813	0.742200554942	-0.663672212539	-0.169451661752
-0.282072980481	-0.824660734238	0.302931497257	0.154131458588
0.178746012346	-0.756966253613	0.144065142619	-0.191652248351
0.801459441786	-0.560991398664	0.848910171501	0.437142558435
0.623357919503	0.654331668574	0.93064207362	2.27150117346
0.612920709508	-0.227277007821	0.357810959516	0.283075489761
0.451503999428	-0.895812859818	0.105987427041	-0.284318792879
-0.123729654991	-0.193201173249	0.720173044937	0.418724679464
0.232737112757	0.153972339683	0.525649734186	0.447244803913
0.0121218784125	0.845621094241	0.466183892295	0.62193981058
0.044572984778	-0.583624537006	-0.125623499216	0.0650710834905
-0.996542318257	-0.468430912557	0.640185803167	1.56986286221
0.125230007088	-0.987158668633	0.59701243046	-0.340861486281
-0.227232149057	-0.745366567966	-0.077933664819	0.285168501026
0.287646932833	-0.155105512298	0.393360936158	0.131845509665
0.335673374279	-0.175806377273	-0.727428436822	0.710701783222
-0.447975434688	-0.876710455608	0.620458327938	0.434432970867
-0.765056178044	0.986170078594	0.165642713522	0.0216248406883
-0.43237854661	-0.924766087106	-0.268789634372	0.907615630245
0.423329687031	0.00359037575268	0.683500805783	0.650355312791
-0.971097970606	0.745770689123	-0.756266220067	0.226752281285
0.75332953865	0.925543458438	-0.531501414961	1.05531071669
-0.983631058321	-0.634481678553	-0.373712711705	1.96840100336
0.440314356611	-0.802994566599	0.846945986843	-0.122468824324
0.439061194435	-0.342224310008	-0.636699776743	0.665798065625
0.714674054502	-0.704300892454	-0.267083973825	0.266854759978
-0.158447425068	0.177031668107	0.0657216170236	0.0130095129803
0.394796380259	0.582205729172	0.318749257542	0.672895629403
-0.417691288441	0.943374588404	0.591123914911	0.68750542783
0.675873327735	-0.221764632328	0.642722162715	0.577478689459
0.252455144678	0.327593950592	0.950100681777	1.36037491958
0.852911853334	0.224228177736	0.899191866116	1.92887566586
-0.0124472974937	0.506667558633	0.133226868095	0.0790994237663
0.888409662987	0.288502429496	0.811710934727	1.93863529372
0.92580174238	-0.816561231707	-0.439426553546	0.653049438889
0.436416979516	0.620823009739	0.98308994921	2.03818819208
-0.847819092821	-0.967330426457	0.805135177977	1.40832931852
-0.722232538933	-0.773813269816	0.762944082915	1.07220038098
0.923354433425	-0.546883412535	-0.376563118383	0.695352091537
-0.289839708771	-0.848897766574	-0.600906519952	1.20124818665
-0.125392618267	-0.133743004162	-0.324362013911	0.181085560427
-0.229539490987	-0.908104319973	0.173325490482	0.133778280275
-0.158014315242	0.178495538821	-0.21814185774	0.00541219514236
0.21687524179	0.29381396362	-0.473102623333	0.195577780147
0.586292076637	-0.447953927049	-0.870574382419	1.22898352972
-0.900396096269	-0.947954622436	-0.978295573778	3.54868981261
0.342052494874	-0.0163910694485	-0.360867164252	0.247533412038
0.00343527789409	0.0330931012355	0.305300955234	0.103437513819
0.861035926508	0.584332869662	0.548865120692	1.8664873123
0.175300455959	-0.618454993437	-0.0368546151184	-0.0535340090736
0.572764235208	-0.61476497668	-0.316412608702	0.270579806388
-0.993394513232	0.529337011625	-0.431805551536	0.418877550005
0.0754404971402	-0.944627779216	-0.462093888108	0.584465564073
-0.429412847622	0.509375864691	0.512553797361	0.489456782057
0.126821842753	-0.407848939548	0.184356041227	-0.0768426402559
-0.74597161526	-0.821913574391	0.162847824571	1.06227042386
0.871347453165	-0.522888099688	-0.438139229177	0.72469294327
-0.965136862342	-0.0203008064562	0.931094922962	1.79911799744
-0.925773201352	-0.904087733888	0.0291013149835	1.66857296066
0.445185468904	0.822722804613	0.375673527587	1.01466011684
-0.147753318612	0.784830131988	-0.205387064383	-0.213140324019
-0.723481281009	-0.393894544052	0.20943249143	0.769768146029
0.143406774785	-0.887559124565	-0.104311566478	-0.00325290290466
0.638122312186	0.341719307321	0.236617233707	0.762103192307
-0.326521569451	0.255417507365	0.179494140831	0.101281102577
0.14950729446	0.780530061391	0.135166092187	0.262818439529
0.356117869684	-0.875194303994	-0.859374856027	1.30579272817
-0.766963796069	-0.768026987835	-0.900942906011	2.68092894476
-0.848835548013	0.87797644018	0.921603556134	1.63376349898
-0.628772833537	-0.416293068963	0.524247522333	0.713703903452
0.182316473535	0.176167090694	-0.288158392783	0.0976286928659
-0.0179929863393	-0.522510937313	-0.68434619099	0.835633358537
-0.0664734467607	-0.019418953801	0.00771955890194	0.00561924974785
-0.227334769455	-0.136482253459	0.81910888075	0.641853791679
0.367497749422	-0.138171515016	-0.947117637861	1.1121733739
-0.821474564676	0.832175573083	0.0370808038926	0.0234421190241
0.0123370984012	-0.808113913865	-0.38143771443	0.443922277416
0.084838657703	-0.970516718589	0.628469609621	-0.290105950887
-0.400262184717	-0.535758904895	-0.538076182216	0.952458930272
0.41266010811	0.687525494184	-0.111219664145	0.389906168722
-0.958230694214	-0.453198110353	-0.984323205115	2.7674599919
0.838639959275	0.0997006012136	0.0222133990894	0.789638013778
0.475631880712	-0.97352064651	-0.785011535361	1.14365627801
-0.0980818569323	0.993808164915	0.982870132458	1.85496356038
0.75064826817	-0.847668988114	0.503535038985	-0.246111936893
0.576416276346	-0.818414078797	-0.0436281265681	-0.10188218573
-0.359183435394	0.0671772398417	0.992140531721	1.15587588562
0.0905213474588	0.614715090551	0.321852299504	0.365275320775
0.885857448255	-0.80840124993	-0.291607857919	0.389386449831
0.648002135691	0.536879180802	-0.390658278735	0.710683217711
0.592558864494	0.948425774336	-0.728683415045	0.75300149499
-0.557456718284	0.658816691201	0.0481981724207	-0.0224269735667
0.437397130686	-0.68864676933	-0.676272233747	0.813160952067
-0.487248728702	-0.903117879892	0.346689506715	0.484546484248
0.497765304341	0.128935246041	-0.259308937466	0.345756853588
-0.00699658818417	0.946424703291	-0.640891442385	-0.202386443929
0.345936061551	0.0428429769164	0.415953626711	0.325330800583
0.0798642396253	-0.704134141133	-0.823668918359	1.20854705247
0.972712614298	0.920571980962	-0.894012928792	1.81787767225
-0.678428269594	-0.927918447132	-0.344141776242	1.52756008816
-0.585093112298	0.347227721457	0.158394669062	0.219261293052
0.0563361113325	-0.659156933107	-0.849597735079	1.24787396795
-0.169717401567	-0.920073564318	0.123680337467	0.0864583079276
0.276486151821	0.254435034583	0.10809503235	0.185980055062
0.847343340253	-0.732872802154	-0.312146623486	0.423195133304
0.343009963869	-0.612763924373	0.582299489416	-0.110267721167
0.383482309806	-0.559282112849	0.822672456978	0.149267867014
-0.656557719198	-0.633652257765	0.0768101365849	0.804326200376
-0.646100018932	0.305602020721	-0.999612021679	0.913736503214
-0.447014867947	-0.0845170614705	-0.758954262382	0.877758831673
0.104658362992	-0.470277356235	0.272836266102	-0.0921341751184
-0.605037475115	-0.697892919655	0.330285257873	0.666906324934
-0.462284116961	0.0581942840651	-0.384679368597	0.312396387747
0.824702436289	0.598103569244	-0.615483265957	1.18408849162
-0.904803984177	0.0811001898221	-0.718095978214	1.2027145887
0.328861500179	-0.565237646862	0.793307354862	0.103194362573
0.564886495337	-0.252599974367	-0.662647401274	0.782892733363
-0.698005845687	-0.53612842321	0.515585113175	0.850841109224
-0.305899236558	-0.260184678656	0.947830346603	0.824936069281
-0.953941953243	0.187770234964	-0.446068358767	0.846101965612
-0.415401581797	0.2960890027	-0.643256035466	0.272879923227
-0.83846637482	0.500079278022	-0.870623889183	0.606331192823
0.289836547504	-0.289598521719	-0.932679560357	1.1400627728
0.032213620141	0.425009636314	0.503436774875	0.482142883196
-0.187118792602	-0.596216613152	0.978063529807	0.520047318476
-0.39640488445	0.84288499213	0.268692524622	0.121685673795
0.103642035736	0.961124843804	-0.200283638278	-0.0420294378154
-0.0234754280724	0.498002483602	-0.937136260164	0.400388459318
0.123876368311	-0.20611652518	-0.932294558501	1.05114684669
0.448992582274	0.208326108627	0.670593286475	0.884528662113
0.0906009581832	0.231385481937	0.759884852186	0.782423591318
0.235860128422	0.501222251162	0.227132574043	0.339281450972
-0.830565044857	0.849613261448	-0.908835606738	0.0380025932466
0.0747559473886	-0.390716637509	0.163973553322	-0.0607998099329
-0.979820312746	-0.7697089549	-0.106481063224	1.8075219589
-0.721048508385	0.889874878594	0.0306109635247	-0.093555043877
-0.0284860529498	-0.594757583379	-0.972744606238	1.54253305144
-0.86412751043	-0.871588337131	-0.755071095993	2.72812333514
-0.516161685157	-0.892335156644	-0.239431531811	0.997992735271
0.0117541998503	0.90243641314	-0.0192604680157	-0.00626480287692
0.665025030382	0.685387802375	-0.225811355054	0.794280754811
0.986959994999	-0.471856171908	0.267658770368	0.453731641254
-0.394963637171	0.761066944124	-0.581404727442	-0.249053955815
0.856972426807	0.617543876888	-0.505793207542	1.20709708565
0.37312773799	-0.803180158632	-0.239313260458	0.0890180121973
-0.609142579982	-0.136787363174	0.684371115669	0.829128193676
-0.49243544764	0.23799755577	-0.145069503707	0.111813210786
0.803963721574	-0.0156457211855	-0.40707667594	0.805859501644
-0.139195372152	0.8834795164	-0.294521812283	-0.27706179882
0.958752222628	-0.770541751322	-0.575595669156	0.955278077002
0.540331674016	-0.259332784943	-0.753944495166	0.915787427545
-0.820701519286	0.493796850212	-0.202042798983	0.209344353447
-0.960428015432	-0.896995092346	-0.445814637794	2.38256542269
-0.511544411022	0.456553483063	-0.969942263848	0.526087778123
-0.780218507544	0.312586578505	0.994316521445	1.66433042996
-0.9681614805	0.380516507712	-0.210015617661	0.533127377127
-0.779913328984	-0.479135868716	-0.00160629247625	0.98272146365
-0.897661812936	-0.608160651039	-0.278323969731	1.59844924173
-0.685659101988	-0.990155266392	0.715304678893	0.952435463687
0.28834419991	-0.7251822951	0.914378042562	0.0470367061777
0.936957664707	0.237827412911	-0.0697892004005	1.08899663037
-0.014095061896	0.336207408315	0.844816647016	0.99320858901
0.757717085565	-0.66185688012	-0.186756183667	0.231118652695
-0.31091322455	0.94882939825	-0.968293400361	-0.179489709769
-0.561958306752	0.095913802529	-0.47687002057	0.443564179998
-0.622289948101	0.63504054244	0.292960716412	0.263933346935
-0.128650021912	0.314955355668	0.224429712305	0.0970858503569
-0.282735495373	-0.692213796702	-0.731382794229	1.31684682359
0.33732296254	-0.960342857414	0.810795358942	-0.331411334363
0.283853396589	-0.703266585932	-0.928168630724	1.39519513279
0.524314536808	0.590988955505	0.828110200827	1.75994032132
0.665696698201	0.341652336884	0.656507451248	1.32588826504
-0.122387688448	0.242479914878	-0.594517677686	0.194594863208
0.114152240673	-0.193854146704	-0.543924011869	0.392197104721
-0.914408872095	0.198615160143	-0.375188113999	0.72077619434
-0.34778008442	-0.679658110505	0.945871454362	0.609126144892
-0.170563877727	-0.830201321339	0.803229230797	0.149029621509
-0.30918285995	-0.496013306017	-0.479590242199	0.716842795393
-0.250697259752	-0.790428493382	-0.12475137114	0.375177316306
-0.429769582508	-0.32379264381	0.933367393776	0.892815319086
0.256234858337	0.385355204799	-0.557882223552	0.260647495782
0.698325754064	-0.233695475513	0.999617187494	1.0900917972
0.600711391166	0.143716759109	0.0492542921023	0.456691122298
0.201046367926	-0.233849392075	-0.0640569668524	0.0124880488967
0.851509171365	-0.53008549284	0.566550419824	0.294354429849
0.128167498167	-0.313990712977	0.503075207087	0.0713072244875
-0.572227696784	0.646892524963	0.802492697454	1.12039577413
-0.428398354943	0.0586681288178	-0.33876212991	0.25327706103
-0.245897755031	-0.845400940137	-0.475255778378	0.895997635939
0.495667232072	0.557160680462	0.739629299265	1.48099616125
0.0124330164173	-0.543855157292	-0.272486792665	0.21583521946
-0.054825194455	-0.712472847551	0.33558525563	-0.0844106545208
0.406217609788	0.421742666411	-0.17913084979	0.292872783517
0.639021672068	0.650924607657	0.206905430348	1.00179332173
0.220409742258	0.556556244369	-0.519038904776	0.151777914003
0.573669698536	-0.709207120904	-0.0416910795605	-0.0464479556128
0.155211133579	0.929684909326	-0.807694572227	0.0698570114953
-0.885021528306	0.653245423114	0.717182952355	1.18797471115
0.217775916858	0.776491664544	-0.145814485791	0.124565665622
-0.108545287617	0.244360583872	0.811758063311	0.842570717268
0.450947026082	-0.343679246114	-0.158200310542	0.127769588088
-0.0973819107703	0.15079709839	-0.952704677442	0.758779428405
0.890962600966	-0.282483212098	-0.26923851842	0.690677120245
0.302546463821	-0.391451985107	-0.600419133077	0.568640345824
-0.826053604754	-0.528422062842	0.697494203638	1.23679634597
-0.11017460406	-0.0943392248875	-0.432613059004	0.250498669613
0.928881788278	-0.526104295029	-0.669627896374	1.17482831016
-0.350601026318	-0.78994104422	-0.554849853936	1.14603225391
-0.95640263463	-0.453995015949	-0.921280008879	2.61592141597
-0.127958609651	-0.281402882041	0.019160953413	0.0473565219444
0.0296452154304	0.0154977607452	0.244746183689	0.0650319854822
0.178578090073	-0.0930871003246	0.99310029075	0.909070178758
0.887489585964	-0.0478638570946	0.349202810614	0.850387499995
-0.149941475023	0.623093968747	0.540303263839	0.557642139088
0.213977539181	0.983604935828	0.399102011359	0.80809687471
0.382438834746	0.206187699331	-0.709353787411	0.58203641607
-0.171793121454	0.882430660366	0.933797053893	1.57390544774
0.350558853242	-0.2751327596	-0.129320678896	0.0787454781396
-0.343813146336	0.0540334191342	-0.172114873475	0.119953654327
-0.702527123541	-0.192829696783	0.668900481299	0.947456428421
-0.16746926543	-0.117253898815	-0.937435859681	1.03638637962
0.0321450291599	-0.0540825373455	-0.703123295475	0.531703878685
0.844118783695	-0.493907519018	-0.218033656495	0.450847044482
0.0554101445335	0.461866447306	0.792560332447	1.02287127631
0.214283843832	-0.259580271575	-0.638970049157	0.564440449959
-0.687071117618	0.603828198057	-0.908338880247	0.333792697861
-0.615374767228	0.49084483423	0.751099891645	1.00945712757
-0.457726141197	0.115987090211	-0.23179039978	0.183264992525
-0.11274606566	-0.293147340552	0.881915211858	0.565006226587
-0.796440524538	0.276624251333	0.539685726399	0.854553588593
-0.99959627007	0.197570913954	-0.180913054141	0.798687930181
0.763558671483	0.838766629609	0.384032946484	1.69306470235
0.127173605186	-0.973214972013	-0.556046934938	0.742747265322
-0.352805671294	0.868814522798	0.373467202196	0.281900630925
0.651619361417	0.650954318764	0.007751532568	0.853888209537
0.54310238904	0.460380196947	0.0326229247523	0.561076993552
-0.490668616669	0.737333426803	0.0246975232105	-0.102210404094
0.944969798876	-0.0957602164187	0.109286964496	0.803955705575
0.297168717093	-0.588931285211	-0.983476562836	1.45972355771
0.574074196502	0.975043936465	-0.216878950093	0.724878721229
0.533131851559	0.0890256085547	0.23898150772	0.410079593862
0.196408381927	0.617003130501	0.609229939675	0.906818738367
0.398812448438	-0.623976931833	0.102266153944	-0.14315175365
-0.592617429312	0.189453417239	0.24627926111	0.346233942491
0.217146426475	0.312272330703	-0.792005589575	0.494912813762
-0.25353534708	0.925604201518	-0.294387100897	-0.35621538256
-0.0392269171607	0.645809288327	-0.187954148966	-0.109850129493
0.226481455657	0.210186077438	-0.846424660853	0.637425125723
0.828716690651	-0.865989184208	0.555491053656	-0.203367271212
-0.69585417172	0.616263961244	0.517305063188	0.641784175799
0.241526325596	0.24155631012	-0.514280221647	0.256933687632
0.855025192527	0.57006084701	0.994329365381	2.77400359242
-0.595751609211	-0.0488182439015	-0.854659611279	1.15616955975
0.355438566003	0.170616068829	0.543375492028	0.574945620728
0.215078170184	-0.37104236358	0.766870666594	0.27000462126
0.12929784094	0.962473449068	-0.0745930739102	0.0749339441507
-0.475833438729	-0.971288318314	-0.279233948182	1.03777719168
-0.996922040051	0.419813041867	0.799477026653	1.55012707841
0.408846002996	0.196000090848	-0.831808944352	0.776160399138
0.0891725684214	0.975569339298	-0.358322445982	-0.126227645971
-0.985574508039	-0.610358213025	-0.886113268516	2.89895384217
-0.488963966087	0.910533691946	-0.93364464788	-0.184554984822
-0.860966731736	-0.870215885464	0.950966952887	1.5672822365
-0.971489999931	-0.650818234189	-0.577518302025	2.28544305696
-0.2743870499	-0.0819830098929	-0.129097286784	0.125033222974
0.11129681919	0.546285486434	-0.086371753675	0.0334632633342
0.637435189354	0.116070496084	-0.800636117123	1.02839900002
-0.0961657498477	-0.727697845843	-0.158459625546	0.219647641543
-0.646766322505	0.197538426085	-0.0523764594197	0.282942404678
0.983461384817	-0.682024187452	-0.113920447787	0.387126212816
-0.584128486933	0.301474523101	0.761501729748	0.974564487445
-0.259797335721	-0.472761922325	0.757768557225	0.406286010025
0.149714326492	-0.646710732137	0.234115327113	-0.171002390352
-0.0651712464117	0.729855220883	-0.779419443066	-0.00468696463632
0.651486698108	-0.629387868608	-0.0802176946608	0.0713200158666
-0.184560804458	-0.236001556834	-0.626196466533	0.617524683409
-0.833108039052	0.361289300733	0.244487397046	0.5411807519
0.771885954928	-0.208925177917	-0.589397005325	0.905070221037
-0.878314818623	0.887421816733	0.0199053957387	0.010061895835
0.0266284070061	0.12979221717	0.149939734145	0.0461081664569
0.314847549098	0.0713586882694	-0.126764628853	0.128619600776
0.319478987632	-0.678793257815	0.900933775406	0.0853405359048
-0.795193049812	0.61638440788	0.439735552787	0.606600884024
0.745808701506	-0.76310242176	-0.806302917875	1.25251829763
0.319091706825	-0.141014941307	-0.671381816942	0.602251230685
-0.905505986635	-0.983403996084	0.856220714786	1.60152233755
-0.698160410566	0.250849394599	0.424016299267	0.598448896573
0.621176261906	0.353861386877	-0.705412196627	0.853658470821
-0.458954367693	-0.869874223143	-0.278738065909	0.93003365361
0.493460641971	0.148583918795	0.811996255356	1.09681122551
-0.793896522956	-0.249378276039	0.18490099968	0.816330322553
0.387804713005	-0.694060746929	-0.159358770348	0.0172323515224
0.321551409728	-0.982310868711	0.943886815548	-0.248736092707
-0.426651983168	-0.693650925468	-0.308175257121	0.786717499128
0.169266003214	-0.835236851764	-0.0144264931623	-0.100468561355
0.0844001243293	-0.126116446913	0.526194065981	0.206997606273
-0.580326088066	0.36761672314	-0.343023387974	0.115004704493
0.527799384917	0.477417236266	0.700306950221	1.35532114761
-0.815682149158	0.701919063417	0.197071149322	0.269959552726
0.551137047481	-0.243167613352	-0.842620945367	1.08464154646
0.913451665223	0.646191616077	-0.35851479858	1.32152235618
-0.451241890447	-0.0173858520551	0.740956586378	0.74759896975
-0.860884584364	-0.831977593382	0.61824775742	1.3252209605
-0.151959351964	0.582994708285	-0.921936664842	0.246983163583
-0.720419971509	-0.198409052062	-0.289806904206	0.803431133852
-0.0279652633636	0.589849232727	-0.310444480882	-0.102452896325
-0.04303004018	0.238213014355	-0.999742638927	0.752934905269
0.277827512183	-0.661260000904	-0.888369042465	1.270114375
0.422742347644	0.85544879838	0.882498840052	2.0740823008
0.486778074864	0.608545461294	-0.855481153046	0.744428312593
0.556210041425	-0.350720334762	-0.208145799733	0.230621076763
0.522771889759	-0.988812578698	-0.0117523468301	-0.23187398563
-0.07286033541	-0.535360949459	0.316868684286	-0.0249181497729
-0.488881668948	-0.85207001524	-0.658019338588	1.64923469516
0.861848611836	-0.725114209254	0.852636731774	0.226574741884
-0.837811718242	0.401172407035	-0.558761781076	0.453876450892
-0.662212149115	0.806056389322	0.658766154508	0.86972011079
-0.374222536267	0.483035753442	0.127107261308	0.0368332495009
-0.224441828705	0.863540757102	0.732664881794	1.02604328353
0.506998255994	0.521803508697	-0.906070335703	0.869773473407
0.122440987499	0.294930540959	-0.360869671094	0.0748988143025
0.908945012617	-0.534754997806	-0.647948058413	1.10644829669
-0.140652185561	0.273726490052	0.69043865394	0.646979692425
-0.602490381812	-0.13528948476	-0.736219978515	1.08612795183
-0.979463607343	0.90243825371	0.964930974783	1.87732594066
