0.0316138056107	0.170714105075	0.775115049867	0.739522767837
-0.15878273161	-0.445778466178	0.444981357504	0.0956391799101
0.07064860668	0.843274735113	0.580062244828	0.890191454442
-0.0155142120284	-0.507947755977	-0.926634900453	1.33745545699
0.498511538591	0.6642698417	0.764222709594	1.67134638312
0.76900320331	-0.905590858249	-0.514348306502	0.625306960545
-0.327113259723	-0.925257502171	0.977996856912	0.461246005478
-0.367061123161	0.298119592143	0.187852057026	0.11659652976
-0.877022398834	-0.830395819693	0.428038526467	1.32521959892
-0.551031604181	0.96925138265	0.17298516847	-0.0328623332025
0.457877571387	-0.0412004303358	-0.770334620004	0.815940662021
0.518788289723	0.321635723245	0.142508877157	0.502146862171
-0.78551281667	-0.125949383579	0.913273458049	1.4350074203
0.347411307233	0.0471009777823	-0.133291016926	0.148546386623
0.261395180975	-0.0748541696068	-0.701321041518	0.593108928893
0.0250489034381	0.748054608855	-0.260102371459	-0.107552138878
-0.778946515204	-0.986507334502	0.268062723964	1.18260590466
0.744001346722	-0.0101443414057	-0.92565864646	1.41222472736
0.0626994225711	0.553478046202	-0.101699844178	-0.00731180125532
0.759309693682	0.879690004847	0.485475499464	1.90726276409
0.156551427928	0.395379450053	0.270213924491	0.266258164916
-0.166842440523	-0.318740707601	-0.941130674431	1.26671948098
-0.61183270516	-0.708747626791	-0.165018112715	0.952161410167
-0.696346500858	-0.277990268207	-0.842367159578	1.62222830395
-0.188341121877	0.923270327256	-0.448071025343	-0.351340429491
0.843279523021	0.233929602065	0.642655174773	1.47173014016
-0.0753022307661	-0.45681828882	-0.562543682595	0.613505499458
-0.207649602127	0.614767322617	-0.696378916935	-0.0277052390179
-0.112560226758	-0.934537691324	-0.617064166459	1.07529948615
-0.0675774896591	-0.440259246402	-0.362040659498	0.324783518827
0.808375542009	0.701393507417	0.66785635761	2.13492260115
0.799223679387	-0.0680981435328	0.699862943159	1.02648161291
-0.932528255761	0.11536797388	0.596559232021	1.18673179955
-0.00445693158744	-0.234664024352	-0.843462122904	0.910424314665
0.261665692233	-0.364605158936	-0.202392445527	0.087820304962
0.354591318343	0.620633387043	-0.182079801016	0.265954464285
-0.195147420983	-0.0801931832988	0.362156558012	0.155846894089
-0.656822879057	-0.892957981261	-0.570159227169	1.8521413034
-0.791014670232	-0.513743534267	-0.8420191341	2.17366098893
0.501780638997	0.65134581645	-0.277809546859	0.474844587869
0.701214636933	-0.61671861254	0.25917481418	-0.0334164984342
-0.691977969905	0.390920821491	0.708234429223	0.986784506002
-0.602483052684	0.105310596293	0.286224923444	0.411605203399
-0.770607811746	0.827140487637	0.618169975101	0.849883011104
-0.585088992616	0.85313189166	-0.0707860466525	-0.212208119262
-0.457566287839	-0.111887730918	0.866362626871	0.914211814224
0.670383431406	0.0234875965152	0.825752824057	1.16642231624
0.00365750308736	0.480186390984	-0.59205975463	0.0680053767661
0.842350943475	-0.445404682835	0.0810868276044	0.304826678038
0.770341372411	0.82055803614	0.675374378679	2.23585005896
-0.429437523478	-0.0497738720686	-0.090180171047	0.218412434473
-0.796587301548	0.726646423996	-0.212737783632	-0.0536137702236
-0.0553460449688	0.312560066924	-0.101824061573	-0.0356937748103
0.656457032339	0.703380983312	0.397316029243	1.32999979465
-0.699273050833	0.441542740942	0.190244976911	0.300418299886
-0.964956704956	0.554867477187	-0.343430479822	0.323104440509
0.623162340123	-0.433723994404	0.917187025962	0.561476862905
0.804616637979	0.146238948356	-0.107715945191	0.760924683383
0.797681233006	0.970205874397	0.132757179283	1.55663663151
-0.973871779192	0.750048596936	0.017727281493	0.231585659848
-0.53363561552	0.0721118733124	-0.83983242802	0.891042123752
-0.668337535927	0.405436130665	0.138118790662	0.250782025776
-0.579850966021	-0.130262447424	-0.333945381563	0.566780009346
0.475916628405	-0.559792583741	0.122533415465	-0.0934968212004
0.831662665122	-0.668581584691	0.284471447345	0.0263600792717
0.516084140441	0.648744703582	-0.814200939609	0.735864315566
0.622889158114	0.831270435828	0.130665651853	1.03147225117
-0.912913444761	-0.0841618385084	-0.168217772657	0.952698167591
-0.82518593125	0.0654367926045	0.705309010559	1.17054826031
0.583872480744	0.910866902934	0.0356898983344	0.906519708018
0.489518669442	0.999606135976	-0.741217123913	0.537432033009
0.682758490534	-0.121475127657	-0.173285365931	0.434298661594
0.521357247595	0.342749776251	0.118489510438	0.505160476855
-0.925001301894	0.895313795985	0.682662622845	1.10468650248
0.797362127809	0.904034728143	0.947375505561	3.11061012346
0.157202525541	0.404876230608	-0.138480172117	0.0514696279884
0.916327023104	-0.878362703397	0.960801000062	0.11399452994
0.713295493712	-0.169633058771	0.80965321176	0.905986337403
-0.269781315562	-0.388450400177	0.765104724061	0.465758620758
-0.697379445674	-0.423066433508	0.49305761189	0.815885609398
-0.906069669426	0.488526845261	-0.897690800667	0.745625607396
-0.469712331612	-0.0133395364728	-0.723519953806	0.760027963616
0.234483436144	0.705219016065	0.853052368545	1.54963175542
-0.169021359638	-0.300718622781	-0.881507244376	1.12153675689
0.383711451863	0.913249224295	0.151561410093	0.659042865288
-0.412850781198	-0.523137434552	-0.205331075712	0.536000688899
-0.531664736168	-0.405724964881	0.749975655967	0.756556685959
0.107824838296	0.206865022832	-0.590893158267	0.2608509812
0.681822134017	0.175171817075	0.991781338543	1.74167980727
0.989699030196	-0.636737695398	-0.914193944407	1.76717780405
-0.887943232593	-0.983487187964	-0.110347850072	1.78242632198
-0.997519789858	-0.531252833528	0.103347614484	1.48075796241
-0.700427285518	0.00662139533221	-0.189498474824	0.520615503983
0.616514266338	-0.162720493597	-0.571051119401	0.698791435858
0.888480634734	0.997686901831	0.580498024183	2.59195656145
-0.0557155853991	-0.442226707497	-0.668281987876	0.76987610484
0.843244527577	-0.574828691806	0.615165181593	0.251153788694
0.306795806193	0.694826604991	0.578363546303	1.04366032616
-0.656586504644	-0.919572793117	0.0181347719519	1.01853755114
-0.269970528485	-0.086250100454	0.210607268661	0.122359594986
0.310598006217	-0.0334115556087	0.219596668917	0.126979189594
0.734999858558	0.382271835162	-0.785874453513	1.13837552399
0.46060316883	0.644348050892	-0.573803600324	0.468465373487
0.423474081428	0.74186073507	0.492078590905	1.10068421576
0.27977054968	0.133184844248	-0.625397434538	0.423361248767
-0.0696357765392	0.42468762942	-0.191672175908	-0.069386890482
-0.602998461953	0.570493919373	0.547321287735	0.631404247786
0.235464653126	0.0461989827161	-0.208578214872	0.100190600687
0.687480361178	-0.936002628368	-0.139067924213	-0.0213463478783
0.983321581488	-0.846236395174	0.285658269408	-0.0253349550686
-0.220233658596	0.790358015926	-0.749842410495	-0.155940892309
0.759884856807	0.441568941056	-0.253091004377	0.865264476852
-0.814293880852	0.222798015585	-0.887507315688	1.07158583028
0.386375594981	0.255092373499	-0.352475247142	0.282172620438
-0.330054923154	-0.293772569389	-0.746891428527	0.983160355133
0.489948039148	-0.558707429072	-0.573984143497	0.616458473861
-0.353044106914	0.413885400345	0.665994945529	0.697715192025
-0.530227380338	0.22412866386	0.646528469733	0.725206544808
0.584098840026	-0.896929766921	-0.843214569135	1.28459087504
-0.104936879426	-0.718839560074	-0.497164791437	0.690999078712
-0.482504208241	0.118107534263	-0.495764953579	0.363052241618
0.221276040554	0.246063526105	0.875348267628	1.08503691985
-0.441254833423	0.287135959347	0.801174468314	0.939932226349
-0.839527710268	-0.170355514412	0.195192509675	0.852672946692
0.856626390976	0.034996920462	-0.0619496734997	0.765457773638
0.0700235725479	0.207560800253	0.403144557704	0.265639990888
0.910981075045	-0.280429341381	0.152075205883	0.554901214622
0.728084222357	0.162015720617	0.667192573911	1.20130934114
0.769238667061	0.710676768723	-0.34865525166	1.01218747405
0.373672979834	0.317228151094	-0.531205166214	0.371836780247
-0.154019483936	-0.12980659826	-0.915435089641	1.00056566497
0.285264417645	0.134082283388	-0.881413124966	0.778331904919
-0.704892990806	-0.838838715678	0.725055762366	1.00566667363
-0.929389407532	-0.600968090821	0.570134477658	1.40471874277
0.556688166764	0.159640891173	0.921585413117	1.39521430037
0.767952749375	-0.744612482872	-0.835746593147	1.33870393557
-0.755470192894	0.429221036732	-0.552667561745	0.314696402923
0.902679097397	-0.478807289993	-0.56865527386	0.978265331626
-0.604245611294	-0.0657287872958	0.4235792491	0.556407119928
-0.884896660933	0.0802731710421	0.30581350688	0.830079160448
0.864216835283	0.486019792852	-0.948865747822	1.60607589884
-0.57584016725	-0.0100357779488	-0.656270212492	0.774647676203
-0.128373422711	-0.559213366655	0.419938453723	0.0297809779824
-0.614590177158	0.166937051197	-0.555848903948	0.491299441074
-0.787914248614	0.384023671755	-0.984550765763	0.909480550657
-0.411948189321	-0.298740385997	0.513524809691	0.403064002076
-0.3258553893	0.84228098035	0.635729013073	0.771333772414
0.430659433301	0.589054689686	-0.252442531426	0.354174280995
0.733793593167	-0.996533465703	-0.682837983937	0.953941779817
0.546599750224	0.0338304015842	0.970798171171	1.29255455714
-0.569391939992	-0.878720146119	0.952952894234	0.8952836622
0.629515272588	-0.930241356265	-0.810181329496	1.2207463029
0.187324615874	-0.682198667559	-0.969194697882	1.50781960226
0.554330553851	-0.902187148468	0.721319111947	-0.323291110237
0.293228999664	0.340476531318	-0.795144072674	0.547347039478
-0.737159691967	-0.966962524798	0.563651629497	1.02888336505
-0.900749367227	0.315073392712	-0.00399224545587	0.526305351149
-0.161562947672	0.115972187883	0.943446856472	1.00687134462
-0.354669718513	0.136336697523	0.60658618013	0.528082861584
-0.774719668057	-0.517755464736	-0.0093925815967	1.00625718689
-0.0172020934484	0.211986862147	0.703689384539	0.641000948674
0.201852146096	-0.510395862287	-0.9676386397	1.36792308365
-0.805706311063	0.99925358787	-0.666086567132	-0.377860339538
0.212875719067	0.955008972101	0.594422648138	1.16963154023
0.04219992118	0.348393057174	0.166541660206	0.10224107563
-0.503833595904	-0.347144152052	0.905499094451	0.934341073512
0.539522427048	-0.509141557632	-0.572776788449	0.636088876035
-0.677067372492	-0.745076337872	-0.914341672499	2.48016214426
0.549193788485	0.0668488410647	-0.21382346491	0.369753408916
-0.118246822717	0.98348963496	-0.476255591528	-0.343885262824
-0.540740294901	0.0593980558677	0.123365782416	0.282827948191
0.473250482102	-0.96764828193	-0.905577407545	1.4623768665
0.730644277614	0.668522766829	-0.614576896281	0.989139508759
0.711888172616	0.0963290937897	0.751975208425	1.21326411732
0.359765519824	-0.690482609529	-0.0183754242654	-0.105955038578
-0.254501919581	-0.0202658078003	0.0541303071679	0.0717620098106
0.329016970901	-0.405025970833	-0.14979771774	0.0581030713773
-0.50775539381	-0.691233393889	0.32038863065	0.489978578195
0.622277652233	0.9383525343	0.488259510588	1.66770218732
-0.834776315447	0.867748855525	-0.654514318903	-0.167089753022
-0.179085081356	0.519222559458	-0.324931484	-0.124044835414
-0.700753258967	0.185975631997	0.231337076616	0.457272001788
-0.0620410834806	-0.662022724175	-0.665309054735	0.928007554283
-0.542956837355	0.655162549978	0.662035692936	0.811109392623
-0.265372186379	0.920551804909	-0.109623553796	-0.262763284601
-0.676842261997	-0.105168165219	0.876493336189	1.20535907885
-0.523251490611	0.771599532514	0.953852265466	1.51587762334
0.485136951524	0.0941118487273	-0.108928085598	0.282628901445
-0.494532162944	-0.604186128303	0.72800871808	0.63349545789
0.238870073809	0.156625971744	0.884785827628	1.0158985704
-0.298446222081	0.0581189062996	0.69124340553	0.589716535863
-0.0946956311905	-0.109532459309	-0.685585895626	0.564461437433
-0.947030696888	0.902248730763	-0.0335089989323	0.0132992978409
-0.768124618382	-0.340449188921	-0.607293866408	1.42708137712
-0.575713592909	-0.683096054632	0.773898715376	0.794985887477
-0.62809715831	-0.855366767764	0.0505521299953	0.891074382232
-0.903093205871	0.17626793364	0.644224936217	1.18497293196
0.053832903642	0.780902421798	-0.841779380346	0.0961811947847
-0.261889563218	0.180987196754	0.326037237034	0.186496330918
-0.927623782303	0.0762795233478	-0.564271192146	1.06508682224
0.59227891889	0.736183632971	0.172273864072	0.943323847362
-0.0677303568902	0.367192998064	0.421183364499	0.311768297314
-0.0440816432761	-0.466337561193	-0.252116420155	0.203634163117
0.55636778088	0.615751076087	0.826168122038	1.84339684342
-0.452134666976	0.119160837485	0.565428131556	0.537634873157
0.618656626157	0.0141395259207	0.14056317101	0.413229034134
-0.678214696518	-0.178561011312	-0.341150409722	0.758377640893
-0.601142414801	-0.192553421114	-0.557678550648	0.895512510081
-0.145903586187	-0.761978865909	0.936828346289	0.296267255152
-0.0057586092324	-0.798583125214	0.883844716969	0.0799898971703
-0.063560684342	-0.236780507625	0.709096022789	0.354006945002
-0.594390894468	0.113079650469	0.313374737425	0.419727052668
-0.814739115848	-0.43304637874	0.99948934284	1.58277335657
0.896183036493	-0.400719128817	-0.161413368447	0.534762049151
-0.264314487002	-0.807113762436	-0.537552989769	1.006023641
-0.0886700707979	0.957583391509	0.291026273472	0.286331612155
0.742045397941	-0.626848588864	0.0135589367803	0.0771657064124
-0.613511098353	-0.957557308241	-0.967236004843	2.82559729801
0.865796122936	0.894552241055	-0.0703467764939	1.46612259096
-0.485928852554	-0.846244026441	-0.817575650463	2.00763969309
-0.811159986263	0.203774469029	0.245606855063	0.60305796155
-0.0261085225246	0.70793715737	-0.349117921614	-0.143071764093
-0.541499432499	0.116999867176	-0.722837204722	0.667788041308
-0.373493332359	0.021473054715	-0.822348729344	0.790076319948
0.235706472364	-0.0065178902217	0.909834927297	0.875890622956
-0.872786300794	-0.913811354995	0.927665531323	1.57217000085
0.228931936067	0.635646199535	-0.70588544009	0.247510403695
-0.957941855258	-0.684779029869	-0.207218826658	1.75846984158
0.291503213691	0.521593933182	-0.611920578828	0.292293164644
0.696507162636	0.577963171759	0.395098160099	1.27213245835
0.0948966279259	-0.972915119159	0.592841649129	-0.308644376837
0.577632484543	0.977810449282	-0.333361236207	0.683639980087
0.41681530639	-0.33255554266	-0.443485280107	0.379283440894
0.250293959169	0.0291024650156	-0.642938436129	0.464589976495
0.861605133679	-0.671081145306	0.996436300484	0.488352133641
-0.614790810434	-0.589578522415	-0.979485348879	2.27731027159
-0.650335144093	-0.0455457956256	-0.881833553104	1.27035005737
0.860437156501	-0.516691776556	0.496141133192	0.285575277794
0.0454189003452	0.828912198235	0.951293918763	1.73321041028
0.641305871445	0.084651562266	0.0518244040618	0.472633550282
-0.0488646156176	0.79185261738	-0.564405572954	-0.164678202541
-0.164478089183	0.878346876966	-0.418779291224	-0.309873161969
0.868764327452	-0.212103794482	0.278096015376	0.588835419966
0.667114774568	0.666850426936	-0.580136494307	0.8396019778
-0.786409782544	-0.854800280148	0.421248692396	1.10803060908
0.413858043457	0.662685967986	-0.571600706194	0.393471998307
-0.636135796919	-0.876620061914	-0.71257672854	2.09474280375
-0.281363033096	-0.18944660119	-0.535051601601	0.520112350475
-0.813429090306	-0.118823643857	0.519048097889	0.966057235081
-0.215915748865	0.777349165863	0.514096482294	0.542705348123
0.0367467259261	0.777348206449	-0.524380552516	-0.10273599478
-0.47053277083	-0.584905442538	-0.695709455871	1.38755416113
-0.87182584948	0.0918070224999	-0.362677296441	0.778279075081
0.0613010635123	-0.561859213427	0.66382829045	0.0370052111391
-0.235841371821	-0.24723937681	-0.248035410965	0.236776111984
0.964275125255	-0.255859249072	0.768526040871	1.07710558753
-0.815738593181	-0.899600798843	0.348728199629	1.20716373273
-0.407039195936	0.192348244031	0.272047825892	0.213725573613
0.289480486118	0.014532659973	0.536019280152	0.383112327949
-0.249173623441	0.0424231979183	0.248815845748	0.12398164164
-0.828059111576	-0.448201953426	0.663100543629	1.19931897561
0.442036449749	-0.656707650452	-0.445249504498	0.395753381798
0.132585412111	0.125037022266	-0.486881967526	0.210332755519
0.845198322366	-0.934022034597	-0.657858066422	0.972157512668
0.127083901743	0.266880784184	-0.898070013109	0.616918688532
-0.169227253035	-0.404225241332	-0.371945279772	0.38573675199
0.342516885112	-0.454681066689	0.535382208884	0.00478782967274
-0.296120559447	0.399547582007	0.780196938374	0.889806195082
-0.0612064065319	-0.649506983498	-0.243052238305	0.260438729357
-0.239383617587	0.4262200583	-0.0823585957938	-0.0730455302746
0.954354430243	0.738190538936	0.721812409917	2.66913603672
0.927497888802	-0.757452138155	0.717587358215	0.129110612601
0.689547694324	-0.443054844761	-0.558798526006	0.729802762942
-0.130425662031	0.781544403593	-0.0424179774469	-0.116274841003
0.581538732864	-0.555129521606	0.542718997304	0.0086225519462
-0.681970803272	0.383787227828	-0.822710136741	0.564458818879
-0.895791590629	-0.0245099973639	0.373228489892	0.95455009973
0.965421846852	0.790202610484	0.182313748068	1.87222130837
-0.220123222479	-0.70625952206	0.437606011821	0.0863539637995
-0.456499053748	0.383677813164	0.508282663656	0.486610874453
0.380971556354	0.223145746458	-0.47523071649	0.349950029997
-0.570518042072	0.962104617298	0.474931427149	0.459086373255
0.524477864706	-0.909413827783	-0.710616979523	0.949331007059
-0.872573387863	-0.31469880511	0.932194150502	1.61160766867
0.995787090539	0.557266965854	0.647040018214	2.32574599317
0.830603970224	-0.484542063898	0.169669995422	0.234016050922
0.234688574119	-0.355111092316	-0.4532571167	0.338136854563
-0.884257583065	0.688751723694	-0.983426573572	0.462668616616
0.410837071208	0.151270941923	0.189725756082	0.295630666167
-0.377769166415	-0.456507903546	-0.846821195393	1.41885085883
0.98204447141	0.765622842196	-0.775153095894	1.72367442885
0.155380788199	0.78809228435	0.279938787436	0.445580912836
-0.197914321195	0.377444830556	0.597120241204	0.546400871824
-0.749415310787	-0.159357394075	-0.744336231487	1.35370008672
0.432653477438	0.209114140427	-0.864163891704	0.843733333901
-0.45584234154	0.766745922535	0.211233785351	0.0648593393396
0.897903617186	0.546750139001	0.21456281526	1.46050928402
-0.18531526552	0.950570176701	-0.960575213261	-0.132202826929
-0.301058741046	0.396909273165	0.301526409356	0.181740162988
-0.370616835148	0.618278384938	0.990125333427	1.50073372816
-0.128706387174	-0.406619065392	0.00610573224898	0.0664543777876
0.0914363420055	0.139949235569	0.502376234194	0.343846101433
-0.711845808629	-0.557703976299	-0.980539959332	2.41203333933
0.417375147247	0.222582254738	0.435208787459	0.553378756761
-0.120271760939	-0.71557027903	0.305065432142	-0.0247026444985
-0.500296259239	0.600659853238	0.624821756711	0.715496041703
0.984708876942	0.798561040381	-0.0321392464283	1.73136949867
0.951149695742	-0.767512991186	0.745829649526	0.158493916555
-0.405036911151	-0.471751888877	0.916447410863	0.762671887042
0.0332620998248	0.960670714009	-0.446275603596	-0.196501695914
0.774614015115	-0.0618076167904	-0.297787848589	0.659232986203
0.605043623373	-0.627498211477	-0.169139146378	0.121156557332
0.921551533776	0.903643291146	0.46441979006	2.31736665931
-0.719815299297	-0.965493237591	0.369671551644	0.992852541742
0.585677989922	-0.548556401216	-0.633594998026	0.770746510925
-0.0247639386447	0.154286350595	-0.0364745785237	-0.00750461979407
-0.324414829369	-0.837301597042	0.417726794735	0.20161039893
0.134270873609	0.919298313705	0.76820902758	1.43782202887
0.134147570703	0.098364320522	0.830083127762	0.801879467201
-0.55096590784	-0.08899038434	0.229090557627	0.384689726321
-0.369305908027	-0.853332320433	-0.646518792141	1.42120945084
0.0461375734556	-0.547660348663	0.828815207655	0.209886378958
-0.194495170345	-0.688668815015	0.841989670308	0.300865706175
0.773265619992	0.38814442524	-0.733024430847	1.15088392851
-0.146096351169	-0.855733806104	0.383288980025	-0.0347191650367
-0.206862763214	0.469703201801	0.146099786802	0.0355967859368
0.613081705856	-0.0620960217566	0.187664556237	0.36136400641
-0.310180392799	0.269475730417	0.716511389382	0.719096789287
-0.13143271943	0.214259167307	-0.319413057861	0.0227014204424
0.855121093351	-0.972465960481	0.820043617711	-0.225337040464
-0.23706709616	-0.903898384932	0.865518305415	0.237266712036
-0.466553047333	-0.363315454761	0.631072745376	0.55615200702
-0.897741666633	0.386885781179	0.198598989729	0.57489329802
0.989206074383	-0.174030916142	0.381833649442	0.885722294237
-0.129519831356	0.672844740803	-0.796615660175	0.028226502003
0.352238768012	-0.125468502084	-0.137558985597	0.116059073481
-0.413319394563	0.54505606615	-0.74415761597	0.0937136133084
0.406746063876	0.27886129022	-0.993975654279	0.989674360543
-0.829357789521	0.652539507373	0.0141179982919	0.156057489155
-0.463751487609	0.10090755723	-0.962045554439	0.996723394456
0.760010002692	-0.667536769323	-0.383058657016	0.472720255423
-0.629154363414	0.0825954927416	-0.175251014477	0.360107872527
0.917189884421	-0.420747546005	0.0830243551898	0.427292640844
-0.795814947141	-0.558325073582	-0.432149743309	1.50567830689
-0.0504517723415	0.0488163408412	-0.213568409028	0.0352683475045
-0.605017069879	-0.0343534493124	-0.122005342391	0.405906686006
0.718234280376	0.289069038778	0.516239500163	1.13921185217
0.220204033972	-0.483644217172	0.471653891071	-0.0636658750118
0.486715159534	-0.123573393627	0.613974025729	0.477839852839
-0.355818737748	0.798542718407	-0.939134900481	-0.0254944630483
-0.878711119586	-0.73796040081	0.324226913099	1.28644371012
0.216038446774	-0.970379871153	0.150395119068	-0.286288454084
-0.495401998371	0.312797407444	0.852431717915	1.08374094435
0.745641828868	0.888306656061	-0.614607647042	1.05012283265
0.678873791062	-0.723139144634	-0.391731025455	0.406678646586
0.331238196812	0.193247127649	-0.185573002531	0.172305462689
-0.897892366828	-0.153844120788	0.319757115323	0.997398024672
0.819757530213	-0.870769304215	-0.913628142666	1.5884584393
0.361218505733	-0.78891443717	-0.883889523714	1.32408221099
0.262328183001	0.574479477081	-0.377401279304	0.145140669026
-0.534614156729	0.810202160503	0.252088114086	0.12045750369
0.500881547531	0.595113574794	-0.0634738523529	0.515218511709
-0.0978136498223	-0.530148448452	-0.7975305941	1.12028792036
0.252781954116	0.594096431483	0.266283350627	0.443180384402
-0.941989422729	0.952671431008	0.495066671747	0.706664545279
0.871574609061	-0.520853205666	0.241918401702	0.2382004081
-0.29070863458	-0.305552908587	0.90936841434	0.722429128087
0.178326824277	-0.815384480558	0.841980430841	-0.0912111990485
-0.400256302518	-0.9090239713	0.873071528713	0.492658627349
0.188785307846	-0.777229209396	-0.0237136982543	-0.0920962446731
-0.473470707128	0.519343590637	0.619786577001	0.684298120766
-0.784919962461	0.0686249072372	0.0747203990737	0.572945106351
0.259823866647	-0.0749013283172	-0.262783761344	0.13678544695
0.213027618242	0.25252953562	0.0539706067785	0.115718530306
-0.159900931423	0.439229045853	0.412809105889	0.307064281934
0.241062892607	-0.751407609691	0.133523728044	-0.205527333103
0.79107406103	0.0870085899501	-0.835255096439	1.31960511657
-0.449637552026	0.161272772746	-0.437546217323	0.250542034067
-0.949944867106	-0.590136318072	0.0850633157762	1.4200290325
-0.633904544325	0.771389613562	0.898435601191	1.41307801054
-0.810830428503	0.708009988773	-0.368827547505	-0.041729886764
-0.663812481106	0.79174319364	-0.505967611933	-0.229515192321
-0.215688770271	-0.64469971128	0.831645259159	0.341048512155
0.132307154236	0.404464655114	0.32128124026	0.304187291949
0.778209466565	-0.190634689634	-0.858737236862	1.35839100232
-0.920469624332	0.00961578530551	-0.731161148741	1.36597922783
0.187498218857	0.560002180153	0.168190785335	0.26263034015
-0.275744813935	0.498372006742	0.315944101546	0.19589007735
-0.805958731118	0.708890886967	0.677147432606	1.0167849661
0.17579160508	0.170140336144	0.599743188469	0.522544330998
-0.121893217244	-0.517971637751	0.347982785702	0.0188419915023
-0.154118315351	-0.289424663042	0.365605918135	0.0962104143284
-0.645921657535	0.890088031368	-0.147019046799	-0.266957642718
-0.163968609181	-0.192194029181	0.882787501555	0.668046778522
-0.0880380919861	0.732003326331	0.503539513134	0.565451169304
-0.0576136180638	0.339924003477	0.665846415937	0.653423706302
0.57353904518	-0.317937035005	0.449992290536	0.206021579775
-0.910750996354	-0.532902930115	0.53964300477	1.31844648606
0.0270262156607	0.253805541275	0.514652211509	0.403078301549
-0.0648970422865	-0.350794502308	0.171444674156	-0.00377142109972
-0.416018789283	0.463171466184	-0.456771040396	-0.0225399287022
-0.240803062384	-0.980337187912	0.433179273002	0.0570368440734
-0.819893658156	0.994060988221	0.97921203985	1.78945401762
-0.611570119867	0.427014018165	-0.743416760267	0.348088098713
-0.883428414481	0.128470826558	-0.857166350101	1.29156426715
0.232678669515	0.18490693227	-0.112043116765	0.0889993732437
-0.652177581776	-0.884826280826	-0.692250121406	2.0941307932
0.33608900427	0.0685825265438	0.975166403257	1.15383454163
-0.712803635395	0.946639865664	0.104597261088	-0.0567227908105
0.454405621301	0.408490414159	0.690139273511	1.15031230362
0.120455693189	-0.826308011257	-0.10889336039	0.0168132897382
0.130985486299	0.740209114435	0.0375412366356	0.143311558412
-0.210633117927	-0.265333690564	0.212372067031	0.0890068034393
0.320424143259	-0.237929421467	-0.868039819318	0.986458640496
-0.752893250516	-0.192201149796	-0.595735083175	1.18095645238
0.613823654321	0.200696159408	-0.743173070301	0.903125760016
-0.950411695408	-0.734723849438	0.617199580693	1.52903660078
-0.750096378029	0.0967824707053	-0.873511402928	1.16852997488
0.0817872411537	-0.383337847339	0.388798453225	-0.0225399170258
-0.4885755106	-0.182854428707	-0.887210047977	1.27741618113
-0.121503560032	0.953535214736	0.874318569924	1.49703169893
-0.411260188256	-0.58895530043	0.379596988859	0.331877025509
0.542287041025	0.881947042329	0.733901008326	1.95821620047
0.784236575256	-0.946410861867	0.43722309972	-0.349811658832
0.397966116557	0.32879614595	-0.10448236355	0.265789921108
0.209070267849	0.761059936316	-0.43194801075	0.0606661400706
-0.37674054132	-0.0472028684634	-0.96905189797	1.14452027992
-0.398482834343	0.340693359042	-0.765484085828	0.348198655075
0.249503948654	0.795933892348	0.692411625347	1.29138860839
-0.226958701009	-0.830221375129	0.762676205531	0.188421123162
-0.924344269934	-0.771094433789	0.40902976495	1.41907382442
-0.309590536685	-0.829826445908	0.428751409204	0.180791227965
-0.393727682962	-0.279488796874	0.102827124764	0.246898352938
-0.575694303176	0.184011914013	-0.96772383856	0.983906032042
0.726006828279	0.132568099227	0.424480794812	0.85978781725
-0.301109410338	0.770356023213	-0.296648149985	-0.281819135132
-0.312190521952	0.646477107856	-0.886647629062	0.108585519463
-0.621256767004	-0.0664084879028	0.297722247705	0.496083945537
0.336086222463	-0.966076995593	0.994248263847	-0.183721984576
-0.286550411425	-0.701549085842	0.591873385581	0.218226189441
-0.693201635471	-0.559796986969	-0.41055080318	1.26695775893
0.700087822636	-0.469922153885	0.923946562212	0.580630473115
-0.822170160194	0.260657250154	0.362175924433	0.687234339973
0.77912656489	-0.220986435998	-0.878189023015	1.40014562382
0.0956196866277	-0.883738754127	-0.374831440793	0.396391981242
0.327788050253	-0.484687612775	0.772619381791	0.171031863691
-0.104269778906	0.546839884573	-0.941659504933	0.325638961178
-0.293633725735	-0.674072132206	0.512261086521	0.20126157441
0.764353253528	-0.864672943837	-0.0937405255701	0.0131625006549
0.230455661472	0.198784690594	-0.378054375776	0.166694558193
-0.504748798908	-0.655421517096	0.854354149586	0.755553493587
0.199127279345	-0.0355480208565	-0.695993450123	0.541721164996
0.31208497966	-0.336819541411	-0.351133389664	0.233843959417
0.183018150004	0.990118798003	-0.197366322927	0.0582427129282
-0.235494327833	-0.785508364233	0.429065569649	0.0875030119786
0.902471821185	-0.944058163306	-0.327063240409	0.378206583341
0.876245796238	0.893712549743	0.897528896222	3.15860951805
-0.368797602028	-0.0138995886817	-0.464374633147	0.363236222542
0.561250039364	-0.0279092512352	-0.0888232624827	0.309706101038
-0.531199549349	-0.930606069903	-0.692811997379	1.90123399996
-0.990308070709	-0.265149460937	-0.416856926645	1.5275888127
0.104031593459	-0.399473351594	-0.60018989896	0.56925250847
0.172630156033	0.26227826572	-0.974085686483	0.768439728806
-0.144292192879	0.332490885118	0.163149495231	0.0537078758701
0.73521573453	-0.0272314305114	0.102229876789	0.528188282036
-0.879069646982	0.243885507746	-0.0201062864857	0.553871727915
0.375035749222	-0.0556089994417	-0.676265959488	0.614738571751
0.760110381176	-0.190703950885	-0.72152151166	1.09100203348
-0.415051715463	0.444484403026	-0.0483253451831	-0.0313606106812
0.651939536298	0.945600080396	0.126637965577	1.17728528168
0.35990998319	0.590884747377	-0.471432536186	0.28588685662
-0.768356757573	-0.193021546276	-0.662846990839	1.30599140073
-0.0676415346776	-0.270601602776	-0.123840642768	0.0717272661343
0.517271012201	0.341919933521	0.154646293997	0.521226696977
-0.663902131011	-0.71144253895	-0.347874804058	1.2816040704
-0.101167634716	0.966733585915	0.257449301421	0.227597769183
0.443237354406	-0.665743838486	-0.120256343172	-0.0041016777633
0.829360609504	-0.343624497754	-0.631462210899	1.01858080656
-0.0933885152531	-0.941117309654	-0.938148497676	1.85964135689
0.84051663462	0.961104062593	-0.0407702853105	1.4767698946
0.85859284677	-0.93743070469	-0.400520266191	0.468186858142
0.936484679624	-0.37777451322	-0.415754895216	0.853137247243
-0.132495518775	-0.619677840346	0.604177739178	0.0902947833443
0.508022801407	-0.801827531976	0.978480721	0.0235922374735
0.820001989911	-0.517639508027	0.710597687189	0.385053472655
-0.26541847253	0.279509321244	0.0698493070776	0.0206624865676
0.0451858304021	-0.675581882194	0.189978253948	-0.120739098487
0.0263643828505	0.612830100448	-0.665816745745	0.0521313638131
-0.0113663747955	-0.38175644217	0.703846787165	0.23117063578
0.347958000286	-0.765137414223	0.603938170668	-0.242515290899
0.947953778229	-0.186994291377	-0.166356178215	0.780136454333
-0.442225774861	-0.499740885546	-0.695974116438	1.24874862831
0.177384526123	-0.518119770834	-0.148352757717	0.0384318776365
0.496534870683	-0.177423216421	0.407464504569	0.252183723488
0.599618697194	-0.230300960882	-0.0960558611907	0.252798305498
-0.296283596714	-0.775116083798	0.365989502644	0.167702116905
0.491510703777	-0.975832177848	0.721534038334	-0.421533952119
-0.479565707163	-0.447568748088	0.156183867966	0.399112273023
0.484482260331	0.86131479817	0.105229888995	0.753724190988
0.529584141841	0.789364860365	-0.575718094723	0.575494166607
-0.704160546179	-0.764783757337	0.0244686189855	1.01625813402
0.119238333235	0.820471490067	0.344646061446	0.513602608306
0.233091874125	-0.605848088364	-0.475144644427	0.426741463082
0.726760675491	0.63818584551	-0.427202974225	0.901856945488
0.232973987805	0.0280012372525	0.64303185003	0.492296086447
-0.648542153615	-0.0804196462877	0.265350792858	0.521834081978
-0.378961657306	0.454738600262	-0.784439451798	0.229913799348
0.53367304604	0.434319296423	-0.951172561229	1.00820806561
0.8159757402	0.0614065109965	0.824806801528	1.44687739963
0.915329208791	-0.553044544544	0.167254051496	0.267084712091
-0.918026264019	0.401874352564	-0.31213103604	0.445829336575
-0.45747861481	-0.0786718640411	-0.322209061494	0.374444845182
