-0.373062980818	-0.896084213803	-0.811694078111	1.8596653618
-0.386755932615	0.0791440492158	-0.879202657569	0.822384375523
0.394394285593	-0.530344251797	0.0268192207737	-0.0671220387694
0.341263052159	0.614366354503	0.717201840156	1.28112416755
-0.0600585094391	-0.19458057529	-0.16103446816	0.0725595232654
0.015008251505	0.25042370602	-0.451077394247	0.0944940124075
-0.0649360471914	0.267970196661	-0.624246843602	0.209220337191
0.570485227089	-0.539231244148	-0.125737008431	0.101441054337
0.669880849813	-0.40399608254	0.441230871507	0.194540252239
0.933015385802	-0.581317092924	-0.804287914485	1.44256528012
-0.0372900623556	-0.307813634535	-0.70485881617	0.726660043147
-0.331799827164	0.642235442392	0.27040189605	0.143776383243
0.580955104039	-0.0702658450006	0.634262505305	0.654409466364
-0.649093654893	-0.999050403602	0.270309926602	0.87281406587
-0.219685069331	0.589106894466	-0.597816698943	-0.0759495927062
-0.501678409826	0.488186893936	-0.544528233906	0.0374478525873
-0.43426857433	-0.531290652054	-0.804945489646	1.49490928404
-0.053015358708	0.069119020302	-0.671483466733	0.40362402533
0.795297358567	0.110095268088	0.193601799554	0.77885266326
0.766181454344	0.678849846242	-0.114124343126	1.04270725637
0.961449239778	0.538491599057	-0.468132490623	1.40917959454
-0.970905981073	-0.759612492619	-0.694416959669	2.68987344799
0.100886766158	0.173855939039	0.803803696476	0.813564331976
-0.360437469941	-0.453857128232	0.194851415935	0.243034654976
-0.572110648398	-0.363540258682	0.117313197307	0.50641016329
-0.616094232136	0.214300206586	0.453240958439	0.550099979082
-0.39776356698	-0.745672887331	0.516935691968	0.336574942318
-0.99825911571	0.96471754029	-0.556440631686	-0.193698677509
-0.881921796462	-0.637955566361	0.0435733620399	1.31451374324
0.983205008862	-0.766243073709	0.502854877182	0.080872022159
0.163826910681	-0.140561544749	0.165348020781	0.00790988778045
-0.526881321473	0.42351169756	0.400052744592	0.383932739478
-0.61666787573	0.0532177339482	0.85391577713	1.12207721908
-0.104526246179	-0.756607054361	-0.961172480243	1.74109344715
-0.836662021006	0.632149411511	0.269804492856	0.414459148928
-0.499015089954	-0.0600931411805	0.518270278921	0.516463037226
0.761562611434	-0.0951743745831	0.469722411348	0.683429972879
-0.326392911209	-0.577751607865	-0.578737739313	0.964410392059
-0.106591926724	-0.301286860296	-0.766998252949	0.86284940129
-0.266058680829	-0.442554445257	-0.230087104864	0.343298820424
-0.0996035698325	0.667466172535	0.727301486905	0.957855450193
0.199402947937	0.31999631608	0.511402940383	0.528749768789
-0.49680061897	-0.245732386551	0.450135807577	0.460900155744
-0.349597421845	0.0807494854678	0.55067211812	0.4416948173
0.594320494115	-0.772250164725	-0.400614159254	0.364118805315
-0.542473670645	0.165554698429	0.299846994998	0.344017917635
0.630963104221	-0.423364333413	-0.959144417372	1.45701271514
0.58602994102	0.408271407726	0.608479893317	1.20136308395
0.123560202457	0.668297871772	-0.31677104875	-0.0135113764233
-0.0865924596048	-0.233659874976	0.457145708805	0.129897027259
-0.847835714791	0.450049549692	-0.254243405144	0.287474896684
-0.887813643645	-0.808844451105	0.480657656229	1.34857070949
-0.732955252997	0.299373462202	0.207974950504	0.423311812188
-0.554629585487	-0.0398817501485	-0.609197792812	0.725151400581
-0.543189119975	-0.981801305151	0.465868724312	0.588001353729
-0.00630151376277	-0.250067386329	-0.501753390295	0.378844135717
-0.992847870719	-0.366369196679	0.920519540229	1.85960199067
-0.922210968531	-0.906379250328	-0.0394261004228	1.72363537352
0.517016546699	0.418034013798	-0.369209231358	0.465410051381
0.441486660154	-0.597022521951	0.982964960898	0.31070088625
-0.70733866348	-0.49594273059	-0.632363101622	1.56462642871
-0.252827928527	0.292722969903	-0.121299773385	-0.03088017556
-0.436698227188	-0.739948440526	0.578429821064	0.420412327663
0.047472599322	-0.0175162161604	-0.102568056755	0.0137389178948
-0.294933561982	0.118638274467	0.635151687856	0.530766363966
0.274315350034	-0.450240960752	0.382569222466	-0.0741482197829
0.307515621429	0.434754511931	-0.334715034719	0.19477494424
-0.87329606079	-0.771068483029	0.439946288912	1.29034109814
-0.756427899363	-0.139941542535	-0.739611653272	1.32856664728
-0.273204806082	0.0257379764653	-0.437609683351	0.247848174429
0.144551016273	-0.128225143225	0.614758365649	0.301460290193
-0.34283634112	0.110576156836	0.30407956747	0.205715565064
0.866941182413	-0.687252806861	-0.448172691459	0.6646459543
0.871452443093	-0.094338205868	-0.0955714211882	0.695368033548
0.576418242832	-0.957508293491	0.697021902515	-0.401231977179
0.173210368592	0.431087167315	0.219361069727	0.247353620013
0.287696312489	0.284251011739	0.565810008157	0.645520168719
-0.337784418389	-0.794536154122	-0.612100317165	1.24348287623
-0.503128392735	0.492961514269	0.152816290493	0.103800613829
0.453114478492	-0.326258503887	0.150206431232	0.0310361252326
0.561025582842	-0.191727166684	-0.393440714817	0.437414728753
-0.947926470518	0.435966612856	-0.496975212966	0.515620062953
-0.506921186676	-0.0956578227019	-0.0226898162685	0.308145352684
0.490934560255	0.866129576592	-0.555863866616	0.493764188035
0.225455399172	0.533465508934	0.108184832767	0.240519651188
0.798328945286	0.390356488281	-0.585488629881	1.06320963869
-0.401908668465	-0.821122056461	-0.143180937415	0.629616456763
0.438671463691	0.413909673768	-0.845591777147	0.739029852443
0.263667045631	0.954178814781	-0.485857005244	0.0935683881773
-0.619338037649	0.81944312404	0.313798894152	0.231677400586
-0.896738219025	0.806117239636	0.591817890831	0.908586316094
-0.300784583781	-0.0137717466089	0.629079605198	0.481691319668
0.809538760032	0.95489178635	0.0125967153109	1.4405620939
-0.15742565434	0.935596275591	-0.378824721949	-0.333422848236
0.213629479446	-0.651656325016	-0.63971633662	0.732536741311
0.215294555529	0.389837638075	-0.312310431467	0.106069111312
-0.0136398057131	-0.197332320963	0.0672672610993	-0.00587150152301
-0.165310247706	-0.297160256127	-0.58163000451	0.587581896803
-0.263871306044	0.862200429779	0.25708040798	0.129863287091
-0.928176823529	0.264080928858	-0.981261285656	1.32013973699
-0.303903189111	0.385973122266	0.627436486185	0.610908849377
0.717389374974	0.605774883875	-0.178464491429	0.872964248773
0.746283845258	0.886872158912	0.394722067401	1.72467146528
0.981917562856	0.76128058199	0.561995524414	2.45535212332
-0.527237498629	-0.36243285377	0.526450469819	0.555414722231
-0.72148981813	0.835510820718	-0.556767332245	-0.237460260877
0.773960279655	0.925550922145	-0.18733609985	1.17705987936
-0.0765483908803	0.440156394453	-0.706603733094	0.160439076572
0.877324409691	-0.629696516534	0.863782683336	0.419449572479
0.766285982117	-0.752885107866	0.19449547289	-0.0983353540247
0.180913213584	0.439161007708	-0.177365688938	0.0657461129601
-0.555830370854	-0.912488783907	-0.42300663204	1.38105979833
0.0883831062177	0.983635300129	0.666689082582	1.19500156535
-0.349225297948	0.814184608401	-0.215462402062	-0.291377678472
0.396444470288	0.900388335531	0.908412676227	2.15725996261
0.411366938542	-0.764675843656	0.117041162469	-0.221139518598
-0.99323294415	-0.117906042007	-0.195200022199	1.16473815726
-0.743412603884	-0.721594771652	-0.262566172918	1.34751232051
-0.223236556197	0.696249200686	0.496844865492	0.487188947036
0.26369425765	0.757277846081	-0.902109443631	0.399878432861
-0.188345407031	0.0250578800852	-0.927547536391	0.86785651305
-0.102315059378	0.511810737172	0.99700056097	1.46238813606
-0.175618827104	0.53361475405	-0.236379701884	-0.133131157819
0.0700751259872	-0.537236370914	0.518670355256	-0.0423660250313
0.440126776415	0.158524765167	0.622858505264	0.750173789051
0.872646876409	-0.652638638802	-0.69996226983	1.13875910351
0.723220656281	-0.00547564917077	-0.614987985807	0.900665696226
-0.947659526178	-0.144002234872	-0.171220877138	1.08849644495
0.312118500016	0.739587579487	0.22743193457	0.548188042841
0.170387673511	0.744352652324	-0.580587740838	0.060780575997
-0.329263295248	0.0982698499132	0.57490435014	0.463068439004
-0.747139957519	0.618502375493	0.137410330138	0.199980492006
-0.495957607492	-0.18645115787	0.423106111024	0.438575975484
0.9143428145	0.906075839915	-0.578819417506	1.47506434425
-0.789086089874	0.259061002332	0.947345614769	1.5611194422
0.494911748864	-0.162176491013	0.916868562709	0.856628023436
-0.462215472123	-0.72877637578	0.839715558146	0.643652216713
0.474753887499	-0.294882569017	0.945642325569	0.700780577272
-0.116820400365	0.887221172016	0.250219320143	0.194611060065
-0.551523783069	0.768785175623	-0.317663992039	-0.263129781207
0.663797169639	0.368553803054	0.719825457202	1.46871475237
0.160575591383	-0.53539856178	-0.341372209933	0.239117755809
-0.236702998294	0.797523830047	-0.486490575586	-0.28406271937
-0.639872983173	-0.361202231715	-0.688435762424	1.3631693169
-0.0494566734017	-0.521620699144	0.0177310048857	0.0193091164703
0.582118433808	-0.611769341068	0.291156502709	-0.110608852435
0.0370688945717	-0.802412549939	0.454709696372	-0.186474302245
0.200259541132	-0.306624124029	0.820814298432	0.400754124699
-0.979790363108	0.0243754576981	-0.330248168103	1.03712021937
-0.883733262478	0.984770220267	0.407401067756	0.477882348903
-0.760774636438	-0.784723453021	-0.848001529017	2.56032902836
-0.806432889895	-0.994375803815	0.868931059047	1.34322852409
-0.968114483186	-0.35419988558	0.0829520900185	1.25765112017
0.402073498439	-0.296995410961	-0.107215388289	0.0855867320337
0.347639571257	-0.338330288105	-0.163189737921	0.085079196813
0.376509872195	-0.882028289528	0.26857699189	-0.355091578893
-0.589448345964	0.411116409876	-0.139652048658	0.0672069105778
-0.890847815151	0.0359711046602	-0.796025160305	1.36658720125
0.393528138788	-0.817416243165	0.790247435486	-0.188281977364
-0.00621785210238	0.902384242083	0.161818614604	0.166635601855
-0.263216160282	-0.464585887627	-0.110343258373	0.255008815799
-0.609775008291	0.526503014894	0.799396483408	1.11069657676
0.994621746947	0.0536383130279	-0.307514818087	1.12069303938
-0.144295089066	0.787134361267	0.240163334547	0.153960690161
-0.423079287685	0.663025739322	-0.205811537324	-0.195616331641
-0.799781953257	0.867544558807	-0.973826562445	0.0493049292289
-0.655190422119	-0.0542737117451	-0.962114705818	1.44271634871
0.51183433136	0.343207378992	0.500207568109	0.859522241699
0.453670918997	0.177008175693	0.951801948814	1.36052444083
0.468221413589	0.755134408153	0.832933336609	1.89555595758
0.213662767963	-0.488317954106	-0.815234003356	1.00401629356
0.123495689289	0.629791786441	0.694290096138	1.0123246936
-0.482516756993	-0.171383151068	-0.982821256297	1.44989428871
0.915119145958	0.968441812507	-0.727245000715	1.54827352011
0.798078850709	-0.506711073848	-0.629742974359	0.94820841303
-0.789024718631	-0.878082991121	0.368771355312	1.1275696494
-0.268253157443	-0.665840041212	0.27048941626	0.143635290123
0.785522172688	0.967123321238	-0.309264286557	1.17328959133
-0.16574551245	-0.146820139425	0.526847188196	0.252022536228
0.0372652571662	0.309467636558	0.293175659574	0.189601436284
0.478256811839	0.287513790027	0.336455713175	0.576173110847
-0.232625158893	-0.0974771487357	0.813248188735	0.658889603591
-0.00418375630778	0.147219653943	-0.66491867241	0.343629316728
0.809411331332	0.549560293928	-0.618244059081	1.1424303622
0.614293204851	-0.00974074338713	0.756601144305	0.936447903023
0.187410296127	-0.438691256231	0.683921703123	0.120625785752
0.673770175555	-0.596902161646	-0.488322609121	0.581731166769
0.555633792876	0.769342022304	-0.532137893419	0.609976032203
0.879105524643	-0.497777210343	-0.740590482227	1.25235115442
0.756631375008	0.0316718781723	-0.665605874401	1.01840516625
0.454911969282	-0.258735489505	0.802084157026	0.525054386702
0.0963827688338	0.867004275539	0.910173550366	1.71039416223
-0.0420588224575	0.497232015651	0.627926098996	0.687372097164
-0.0348620155708	-0.989692192483	-0.800205323682	1.46800354604
0.927279357841	-0.309503737203	-0.612507475589	1.13758934121
-0.959115550096	0.869365070708	0.225878097109	0.333472523028
0.472343452909	-0.28324899929	-0.307930601713	0.271359817406
-0.691473713453	0.829398572446	-0.105212843442	-0.171565054155
0.809643814318	-0.369470142341	-0.765498350752	1.22520040036
0.330119876065	-0.356835111635	0.626049571035	0.159722366568
0.595480304306	0.139350257001	0.279783092546	0.554843550986
0.232177365152	-0.741796410174	0.71161879861	-0.139796962791
-0.6966072746	0.879159256172	-0.217243349335	-0.270963866935
-0.347262819984	0.171190808875	-0.129523498266	0.0557463672645
-0.244951375827	-0.36253757695	-0.949227370332	1.39396844618
0.904895222672	0.529892692868	-0.536477922953	1.30186556088
-0.704053699413	-0.0949973124163	-0.93114800064	1.51806797752
-0.682161662582	0.217832532251	-0.515101154681	0.469870942196
0.0454691001935	0.965454732446	-0.468614919483	-0.186860751913
0.731866095733	0.481150223944	0.63351355876	1.59392013774
0.617463635235	-0.110653013149	0.248213071046	0.347081333513
0.108955611784	0.278838602243	0.947767788659	1.2047903825
-0.404768427889	0.806458897255	-0.411959121491	-0.325109400835
0.952957717737	0.0801016094951	0.416623768544	1.1914094577
-0.486002958314	-0.808207852193	0.822561000354	0.640796622497
0.717212277776	-0.708544923139	-0.860769313014	1.35703387012
0.788825667351	0.84366568612	-0.720960555941	1.19928552248
0.275115506663	-0.669114878211	0.117760160921	-0.173322956961
-0.175396929746	0.268799945682	-0.761221473635	0.358459238933
-0.84144560549	0.775240994836	0.109732476863	0.152817909706
0.0191361396248	0.458777590133	0.871643389507	1.16879807603
-0.663069485493	-0.802427681308	0.318152340773	0.817653119213
-0.847795232183	-0.255418050016	-0.674301674298	1.56221052746
0.630069087146	-0.568385579167	-0.701545299604	0.929778910388
0.778352405358	0.234548029304	-0.418168875645	0.865178012566
-0.813502982879	-0.061518883749	0.857765634277	1.39482599759
0.173720630328	-0.456541201508	-0.643010580182	0.65789166119
-0.671608712714	-0.231740517329	0.403436640247	0.675965720493
-0.696073995005	0.107365394159	-0.180335197618	0.422943771611
-0.651732792157	0.214138821762	0.111290045722	0.321411333698
0.751542557886	-0.185314907775	-0.589347470285	0.882089489344
-0.81424096953	0.417000051308	-0.480812864945	0.354131852135
0.582177643722	0.868057499586	0.805241901069	2.19170526901
0.720808590648	-0.7083066197	0.266362052899	-0.108705734021
0.794026279118	-0.292973045318	0.760853479533	0.753837891253
0.584233053214	-0.360987803042	0.53786621423	0.225564175528
-0.134454469837	-0.0111269911151	-0.709784520324	0.531265909493
0.348270209595	0.399190244929	-0.601974797367	0.382389399024
-0.256263848788	0.628889701144	-0.928218779894	0.182352337181
0.244291969105	0.0814233916101	-0.372107986297	0.187735706013
-0.18127260764	0.830307648875	-0.389874591765	-0.289365932715
-0.0076940377559	-0.734622059595	-0.961391362944	1.63624406395
0.570434497929	-0.513096692662	0.407435854697	-0.0103425516642
-0.323139062648	-0.266880557252	0.692728692858	0.485655609252
-0.313697709262	-0.542674460434	0.224847064015	0.197179430961
0.381619187254	0.200612023971	0.493441933591	0.564665928458
0.599789403136	-0.0090272137503	0.221704724998	0.401484510112
-0.346108220696	0.780879174205	0.153598003852	-0.0069439719351
0.934617648971	0.826274851414	-0.325050483662	1.48283798564
0.471077234523	-0.953854860453	0.340524038015	-0.436279437209
-0.395647488676	-0.211524728261	-0.863504556016	1.16851884765
-0.233190774698	0.748778753759	-0.884716908732	3.64239841496e-05
0.183555748203	0.663950960661	0.752668553279	1.22180968816
-0.895289766369	0.650718170179	-0.449222732011	0.128446115991
0.86033013666	0.364746651008	-0.836837958672	1.44903440637
0.255010998198	-0.290411985963	0.0661226250368	-0.0238582425393
0.859213421512	0.125227367958	0.95974239538	1.88713621858
-0.430319050899	-0.669553937347	-0.336756896817	0.812178414158
-0.503169688533	0.689597600524	0.267288913093	0.161960281768
-0.892328022219	-0.857279216692	0.475288671831	1.37966778844
0.809739057033	-0.847760382905	-0.585654601787	0.808698729497
0.913134403111	0.590173759054	-0.76470653594	1.50618875657
0.814790434133	0.478031336644	0.449957491657	1.47093433734
-0.833051267128	0.912184256301	0.858919856816	1.45531465434
0.809068441015	0.490191480871	-0.38938653869	1.01193811195
0.233146571105	0.495706712883	0.730344154986	1.06536872906
0.725248821443	-0.581614069664	-0.592068178204	0.799070844732
-0.845126491733	-0.606840737892	-0.186113407162	1.37467536854
-0.481879165413	0.373964611779	-0.0203343822761	0.0448109227703
-0.0589636396929	0.179273576645	0.717278901952	0.635984265617
0.16836686793	0.125567332961	-0.751850815035	0.520360527223
0.348490349721	-0.510147165306	-0.603422538362	0.615617217033
0.60794676695	0.811782607003	-0.0699937767471	0.81119928106
0.646119096154	0.874244768631	0.398157144583	1.48895203867
0.262009573393	0.151156667911	0.536923540451	0.477699972212
-0.580159784841	0.0614469937289	0.242155324171	0.374455218996
0.51401352955	-0.300542575086	-0.140947661969	0.171953975455
-0.530730649909	0.615769204803	-0.573288926326	-0.0694860407444
0.802590625136	-0.164692158583	0.23918081106	0.529787585359
0.0856568481603	-0.770985196787	-0.0873560164541	0.0162782028489
-0.555051011775	0.92353409278	0.0541360025645	-0.151599756145
0.777699278289	0.954515620879	0.772619686154	2.68156101579
0.595756557796	0.21147195403	-0.696540724117	0.818781831922
0.635888887212	-0.668983845568	0.283644663841	-0.130344118907
0.864597301373	-0.787561403429	-0.596908595898	0.893007072832
-0.677090967358	0.727060025446	0.962479498114	1.5923135548
0.34842559209	-0.217108084288	-0.583326751229	0.51266943258
0.52700462438	-0.921290518496	0.127426870404	-0.308950049731
0.617799579732	-0.90383725441	-0.888141304568	1.41481621992
0.808979687627	-0.57910739266	0.517151385313	0.153921382348
-0.867808366615	-0.168121494987	-0.00113381237268	0.899180504887
-0.153283185116	-0.266743402306	-0.620127008325	0.61435530767
-0.724441728732	-0.386680230186	-0.78729363717	1.72920526872
0.0105141772386	0.4293817673	0.198384298736	0.129164074708
0.338602704677	0.663618437288	-0.826254741082	0.473733806435
-0.33874501582	-0.611396970179	0.777671491383	0.451162816962
-0.724612596245	-0.0180221157437	0.549922494631	0.830626449969
-0.206712567829	-0.835063195922	-0.295553795832	0.549506286771
0.644689259352	-0.790494324131	0.776455434385	-0.104899531457
0.478382279507	0.0744706048423	-0.611616036023	0.593001782434
0.60238737184	0.0117637851811	0.3077953533	0.468315719319
-0.873914951169	-0.292683527386	-0.617657362352	1.58178660522
-0.130984125396	-0.187196782918	-0.519492280955	0.408796161711
-0.0587731137673	-0.0351676109	0.222988751048	0.0474031903602
-0.025101025543	0.669600396023	0.611669749255	0.76753659333
-0.426279770729	-0.293739592636	0.451416683999	0.378107758861
-0.96480806579	-0.179752516414	0.554020570162	1.31163348203
0.136680960427	-0.0116129392478	-0.995345642345	1.01936625346
0.162048007121	-0.804508205313	-0.192768782673	0.0881344761902
-0.575378505495	0.608166407192	-0.597494712833	-0.0252417348326
-0.794636182601	0.548423049605	0.677062883805	1.02538090425
-0.399343390621	-0.841172998636	0.880022454765	0.529580414756
0.465590139075	-0.6752777659	0.659890702863	-0.107782271178
-0.849362704888	-0.913459088044	0.469848947716	1.28884532865
-0.973233772429	-0.00746392233476	0.0906546279912	0.961989739561
-0.53911773715	0.733005940328	0.841587756768	1.220630208
-0.299043895868	-0.539012914166	0.123808398174	0.199209967391
0.934282819185	-0.208101117483	0.168767981657	0.671820913561
0.58719533048	0.580470851441	0.999509835895	2.2648543671
-0.908351141896	0.663884178836	-0.0484152304459	0.192263774082
-0.592518408683	-0.449671190104	0.813715406352	0.913744909974
0.30685125419	0.868938926765	0.502115989873	1.04922128833
-0.580258374193	0.158445823352	-0.923977788368	0.952094796926
0.737543268263	0.905360980038	-0.69918520883	1.06755791909
-0.353488381528	-0.203473793092	-0.591687056242	0.66736603986
-0.511360536381	-0.938980342061	0.534048577147	0.525393856642
-0.554704797657	0.425109691726	-0.285990866459	0.0321003136339
-0.186223814179	0.9990619182	-0.120868655848	-0.257515851236
0.176545132062	-0.237408535612	0.406329460992	0.0578924109424
0.0913658486869	-0.420077656552	-0.43356432795	0.340075680022
0.342554023705	-0.112366024388	-0.407490573201	0.290688488308
0.195566052647	0.680681597269	-0.23760207563	0.0660876800243
-0.190195057793	-0.63702389532	-0.0343635642658	0.18040422271
-0.23788365274	0.886700367652	-0.477051941274	-0.349766467145
0.880885733714	-0.62546133172	0.997247912936	0.595763103934
0.931453650094	0.231828397042	-0.384751681369	1.14238079966
0.29836464087	0.582587372069	-0.891894256406	0.538713964572
-0.32823113734	0.310508490856	0.0694021427463	0.0321837364361
-0.184849493232	0.847234234422	0.464685306475	0.487188250199
0.943112608401	0.0402443282373	0.0227679192732	0.928850983266
-0.216204724789	-0.832678583605	-0.489682392118	0.874310412862
-0.503787868613	-0.377554416025	0.180867012927	0.408435288017
0.80647971701	-0.0224780682354	-0.276726544535	0.71507928644
0.0345163039618	-0.390876719007	-0.711156647423	0.771418109813
0.367251615583	-0.303867890687	0.131567168768	0.000608657210125
-0.195783463983	0.301132029669	-0.702325921399	0.261143362554
-0.348267634644	-0.637045230129	-0.122447977484	0.436150987984
-0.807447578837	0.339571026361	-0.0965118047298	0.354327705356
-0.878732534865	0.430781050796	-0.788786498198	0.676019406286
0.894966671697	0.168599571622	-0.385739606247	1.03561585237
-0.947083734276	-0.688693348878	0.162225754008	1.46381126582
0.83609586239	-0.152966621592	-0.705360272101	1.176591223
-0.918085623023	0.857295653333	-0.0700245873136	0.000682065694646
-0.651251949836	-0.585622859557	-0.118176566928	0.888689731348
0.931383692975	0.263505409699	-0.866923399017	1.63601739947
-0.447015730698	-0.726461754714	0.614010399954	0.455516594287
-0.827169563556	-0.896857058509	-0.421105811178	1.98106417187
0.0577593300807	0.144175048759	0.426694290865	0.25525028249
0.932801157192	0.603913665154	0.648879533969	2.24636123176
0.675029365621	-0.46222547349	0.726844721899	0.335985980326
0.198188310656	0.445398725928	-0.628561112896	0.242680181334
0.935037302418	0.644446429164	-0.054311031964	1.44482534517
-0.498437563404	-0.462877754332	0.626051031895	0.581310463431
0.72833870596	-0.698501244323	0.714193203331	0.0329388686678
0.0296061369899	-0.809240484745	0.096413455807	-0.0918080785542
-0.824252794456	0.894314681955	-0.670855257019	-0.207657636505
-0.366804115193	0.795557331693	0.0390734510976	-0.124656539139
-0.497410123526	-0.966904486961	-0.299198551758	1.10718110685
-0.621213515665	-0.773949775618	-0.0469105029035	0.905201261583
0.0948534733275	0.793420921702	-0.172741773225	-0.0229613050752
0.366580179076	0.232784721799	-0.343073854534	0.257552610575
-0.391712974291	-0.455707384257	-0.199567624579	0.462717226082
-0.895646531945	0.847037705551	0.41830909095	0.572842394962
-0.433646438207	-0.00959016740263	0.0493271466275	0.194168087106
0.466806257739	-0.00896296682173	-0.336853066818	0.33021330475
0.653459966465	-0.75654881767	-0.0379078489535	-0.0372482939329
0.902609618843	0.274045052572	-0.297472611846	1.06902888172
-0.245617625551	-0.139832958445	0.46361143119	0.244780858346
-0.946517681882	0.643483602377	0.946924161251	1.79282265209
-0.766855498755	0.764477984114	0.922626847665	1.5583914228
0.475126226165	0.923563120472	-0.90140399588	0.644579667393
0.120948552461	0.690405533764	-0.844836089213	0.228600608782
-0.913769528342	-0.553451892397	-0.85764428275	2.55092079263
-0.704534115911	-0.461578942675	0.0175178132747	0.813787452837
0.248937980305	0.316359703173	-0.774900000181	0.496046939831
-0.655893155869	0.301014629154	-0.29883869717	0.232112144157
0.366900660047	-0.963473616628	-0.562260423343	0.638976855687
-0.332723697019	0.382778533107	-0.487359165355	0.034313899528
-0.154184769788	-0.633809711093	0.402312730361	0.0283625652397
-0.489587485701	-0.089598665759	-0.460207897584	0.53658761424
-0.625809517202	-0.271446157394	-0.232519612627	0.678693066148
-0.819217585913	-0.387260327188	-0.124718998919	1.05222147245
-0.0208970700649	0.154972456785	0.932198608534	1.01065757158
0.176297881453	-0.395472657492	0.779102340413	0.260246735131
0.165183666621	0.492350598117	-0.265008633966	0.0483663374159
-0.0984450341612	-0.132892276095	0.888344741988	0.693876235309
-0.119498492381	0.383965103598	-0.0125729939476	-0.0362728720724
-0.944324389426	0.874153881763	0.218300008026	0.304746414714
-0.449992166287	0.0794934945196	-0.813487732674	0.763816808507
0.130421038383	-0.0455581769901	0.846144352592	0.688479373752
-0.231412533381	0.272516398924	-0.177230150018	-0.0263995458453
0.271893750163	0.121491430916	0.247361728047	0.198199126939
-0.92495660412	-0.600509946339	0.0941642082801	1.36331071467
0.220588955129	-0.77545928394	-0.927061257568	1.45594256818
-0.302648954458	0.106139753786	-0.263415303695	0.100902090868
0.841079149569	-0.288173422256	-0.928337565196	1.59437032704
0.118645910272	0.884830999821	0.928057193116	1.80152235921
0.713403566921	0.915875510231	-0.0108158416107	1.15254452313
0.449924616857	0.988446531199	0.983064338988	2.5852806181
0.783441236749	0.670337384826	-0.474043018518	1.04589814732
0.802370794835	0.731249256223	-0.843145841701	1.32487708009
0.357450483268	-0.91316145217	0.222468288585	-0.352296480432
0.675132011642	0.924842356133	0.00818028500719	1.08782630461
0.377824486765	-0.961486899274	-0.956462100121	1.61392357644
0.361562336867	0.94122601584	-0.528077568695	0.25286477377
0.286485226766	-0.856682596743	-0.2061204395	0.0557123060937
0.513387928055	0.615539531547	0.544906135593	1.21191169346
0.658446377851	-0.806040232129	-0.9371310715	1.53639735284
-0.406764293742	0.203789526835	-0.873859182506	0.668109409236
-0.675350046141	0.366025473723	-0.706395863621	0.449338599778
-0.981452922874	0.426461032174	0.742998445174	1.41360498666
-0.281549517518	-0.864011435365	0.317212437231	0.149080690699
0.53051109759	-0.834741977961	0.770202883155	-0.211106055162
-0.259675082098	-0.119802436904	-0.856120797501	0.93404903364
0.187282188176	0.419360997	-0.28662708984	0.0755683296291
-0.242971987522	0.24450684989	-0.00934256424771	-0.00256996600762
0.988063030395	0.936555740473	0.834367863843	3.37924639986
-0.403731861372	0.480752584202	-0.633922054511	0.0660017855142
-0.429628161229	0.830536735255	0.208558338376	0.0444703284921
0.326805066569	0.982244627658	-0.159790706542	0.296383579311
-0.779916639248	-0.591104458344	0.368828123868	0.987300403347
0.368596425398	-0.198571842094	0.951085822549	0.778375831715
-0.319003241555	-0.666216198349	-0.989928827336	1.95375389815
0.392695462357	-0.479476013326	0.186852386314	-0.0887557515856
0.187370371791	-0.122133417885	-0.80369264232	0.756303064963
-0.232938663236	-0.759784573926	0.378424432196	0.0869276287312
-0.30421732787	-0.376207621817	-0.883494220795	1.31993635788
0.42869150577	-0.0233091097044	0.144719585145	0.19135446342
-0.495571334045	-0.837157552005	0.829904441339	0.654442843225
-0.339826224997	0.351786626927	0.303818211733	0.195120231448
-0.149528553878	0.979867395223	-0.129441186811	-0.234239543887
0.664336242546	-0.992020419965	0.849070764062	-0.339066848729
0.802541677758	-0.528044573303	0.0614226420957	0.191634214874
0.742379751599	0.495822103924	-0.0808911059088	0.885651758628
0.355289218417	0.318483569017	0.453907944573	0.589978851377
0.174337193488	0.525687206129	0.521314057567	0.667856766258
-0.312664873591	0.731501550633	0.0956287560119	-0.0518580743985
-0.091783613952	0.842111673205	-0.214127052753	-0.20333631688
0.595605109046	0.256920324256	-0.20065483943	0.496478561843
0.783278754477	-0.215144050359	0.141559712957	0.434591265736
-0.783824860819	0.28220806169	0.239795310659	0.5183536786
-0.907955444247	-0.680419559149	-0.277437083423	1.70791868509
-0.82223592795	0.539839852258	0.742600039008	1.18453611263
0.333791740517	-0.0142080747575	-0.434420585909	0.301567913657
-0.638134364404	0.40076094384	0.0391298240551	0.168688985209
0.0917141284835	-0.254798319541	-0.848671431824	0.921526129413
-0.433921840479	-0.370607836794	0.192405165657	0.314815883822
0.0432891790728	0.111177952179	-0.477971406932	0.182003538927
-0.966414893639	-0.782766320002	0.045282350732	1.65703976878
0.638059192795	0.522129852668	-0.0709461130659	0.708259553235
0.0739973581927	-0.704136612361	-0.23375122587	0.172603791813
0.494026435952	0.972287372349	0.870600269376	2.32881626202
-0.899095602478	0.591916899918	-0.527144310936	0.24203851886
-0.562371580821	0.338325182549	0.790495415602	1.01832483505
0.736853862882	0.198922135604	-0.912820961371	1.34119197173
0.963131809483	0.0571474590733	0.223566343032	1.04542157628
0.129703303337	0.651604376112	-0.0609980324578	0.0653123620271
-0.894402794173	0.0879293615329	-0.735541800199	1.19765811055
-0.753824020183	0.509086771648	0.0363490345971	0.204314881571
-0.82327145184	-0.608655491738	-0.282195764637	1.43025902524
0.0659365481412	-0.352830086594	-0.649763375616	0.632531742766
-0.265513611304	0.523713878412	0.826066934053	1.04645361204
0.248311682436	-0.655892812753	-0.839811479161	1.15490247758
0.265717837527	-0.416496012296	0.0787182071251	-0.0666537137755
-0.830725080104	0.597527525508	-0.518405131041	0.152705601951
0.31167973229	0.669140926152	-0.176109677676	0.218874345995
-0.523156516655	0.0646292940384	0.652917332435	0.70838013383
-0.331131786408	-0.870473490886	-0.592755109933	1.26522593216
0.340748162119	0.382396293703	0.0545756318134	0.270258163187
-0.827291347328	0.224797463283	-0.171437713759	0.489290103623
-0.0928550631295	0.484108687195	0.554326484613	0.539302238325
0.607574784996	-0.0558384398038	0.712842610376	0.803561659284
0.0780374437749	0.240041767776	-0.728540168275	0.380712795489
-0.249136030897	-0.132889079599	0.131872179341	0.095042118879
-0.846909711926	0.700508357774	-0.590068777895	0.0588217807406
-0.917463816543	0.445837503738	-0.0828561798836	0.402624831064
0.174417796945	0.0622458164324	0.390428057905	0.218014927684
0.548102740836	-0.107480845841	0.906818752845	0.966360672249
-0.712994895846	0.603308665344	-0.459760939371	0.0122080851546
-0.396978304018	-0.409264126356	0.582477356061	0.42095353671
0.381194441614	0.868848087652	0.295155677571	0.820071583956
-0.520002197086	-0.929051418503	-0.34362555058	1.19083538801
0.551472724179	0.0924201493829	-0.737464768033	0.830787037126
-0.456759743837	0.94588830997	-0.754235707667	-0.367965474694
-0.620246526114	0.793806108625	0.464094332589	0.476134737603
-0.129338339203	0.055545629032	0.837126260674	0.756823307617
0.414584800579	0.482188930978	0.615720279678	1.04779372491
-0.935206207718	0.315069632817	-0.652402379179	0.800032260781
0.376724211844	-0.728179827218	-0.674889495296	0.814514907237
0.648757773066	0.758711419569	0.713716788237	1.96400331046
-0.789485712663	-0.188502395257	0.115748558528	0.763686486627
0.364973581369	-0.738580422406	0.230776051709	-0.253545714507
-0.987796713884	-0.0292696682377	0.170126150034	1.02861820102
-0.0943591321571	0.589996272387	-0.0671152582412	-0.0818611847107
0.369021020976	0.16417683075	-0.0417779430281	0.191647641868
0.513156111893	-0.990396692872	-0.243372881557	0.0553671355333
0.184220601779	-0.469038166535	0.17622449136	-0.104070204147
-0.201644975023	0.282113223228	0.867676716635	0.981419941942
0.939186471883	0.788592863218	0.940312135099	3.24841732828
-0.538542996893	-0.559392454686	0.25428445306	0.51370122717
-0.780529420885	-0.508282397218	0.724028054236	1.16216145027
0.289022033674	0.175425168435	0.25296061272	0.24260020457
