-0.113597176084	0.959558830318	0.776485076641	1.25191333115
-0.491714437645	0.702432060281	0.207763319175	0.0854923158168
-0.81590742504	0.0948600186228	-0.270420947459	0.635783285415
-0.509393864691	0.662153015118	0.541585678231	0.574113062648
-0.462469257257	-0.270587665842	0.0185015714416	0.334352301867
0.55591375978	0.0399934132255	-0.698143169567	0.790755753968
-0.182937386365	-0.266587925728	-0.864640522404	1.06034094205
0.794200097733	0.374251628294	0.896605350989	2.06744164297
-0.395826144759	0.938309532675	0.00213349063779	-0.212722681649
0.173482984893	0.0981567079991	0.186304729005	0.100121375672
0.739240671324	0.104607294141	0.755505339606	1.27362642394
-0.584818150633	0.534468062438	-0.028043692715	0.0152436360545
-0.615307884213	-0.126421823044	0.921302895946	1.18871837123
-0.428005673387	-0.0617451627298	-0.932383862141	1.13652599608
0.81033463057	-0.89061001716	0.196349082766	-0.201367423405
-0.607448748823	-0.119748679524	0.0681322887929	0.438218425157
0.371825556012	-0.0615715969695	-0.911026168397	1.0014223664
-0.696823836863	-0.74721186125	0.417529593803	0.868586392515
0.146462814861	0.484742165083	0.502129861547	0.587985972213
0.133182830376	-0.988618102193	0.907757826617	-0.18733083872
0.400437265526	0.368944378447	-0.145938199715	0.275543961409
0.264091590262	0.0245917366676	0.911013123474	0.928587144867
-0.200982167502	0.0822354100683	-0.425041045336	0.169572446254
-0.0682848917441	-0.0359912931199	-0.872954037995	0.800587985109
0.696591623902	-0.374932025821	-0.979030110654	1.54963508207
0.887672922474	0.210531080153	-0.675077355816	1.28845062791
-0.976699686526	-0.750863116721	0.576855455204	1.58693277959
-0.228608680085	-0.920253151625	0.108475396012	0.174581873433
0.797257957201	-0.145930422949	-0.149751900407	0.563555049266
-0.479372159793	-0.16400650692	-0.486278791941	0.624637770574
-0.335501117058	0.955637389651	-0.752886630985	-0.360704747805
0.848090443702	0.10066567988	-0.079471334906	0.802946658926
-0.246039801597	-0.398200600709	0.726478623055	0.396995746417
0.135117809267	0.0233210332382	0.916441318175	0.882644957403
0.72254573344	-0.0637224703251	-0.831606499094	1.22059132765
-0.676423881294	0.829917018066	-0.683688555058	-0.20380114991
-0.373945236356	0.727699431471	-0.30709277793	-0.261449961756
-0.876689409099	0.15598518973	0.84181545628	1.47179776231
-0.234559396478	-0.559324071594	-0.572813996652	0.834717358779
-0.516534121712	-0.710394131657	-0.538654637827	1.30655622031
0.658451194123	-0.819172408662	0.391323561551	-0.273254410291
0.714832281654	-0.30828747089	0.508256142524	0.392246660343
0.401279480154	0.00924175538796	0.840418236894	0.878803500663
0.655642086035	0.0301843909975	0.186644548718	0.490126641662
0.329181943789	0.33469425275	0.255951053448	0.369712345147
-0.441868902414	-0.19538923009	0.366829919112	0.34447412565
-0.508913608082	0.451239348075	0.110982582113	0.091748057286
-0.848907174954	-0.273549070683	-0.439479034094	1.26622206326
-0.671013593877	-0.100161378968	-0.26664507929	0.615276027184
-0.744480637954	-0.867631452644	-0.0716452712921	1.26748097337
0.456355267561	-0.915085848192	-0.813471222132	1.19678731566
-0.864684554104	-0.481123213814	0.118652145904	1.12069121968
0.178670408167	-0.357314256844	-0.256830863955	0.125813052609
-0.0426567757374	-0.11230724395	-0.927013742024	0.970075101807
0.740470066248	-0.197246476567	-0.867711228996	1.32631656696
-0.842095597922	0.46103375153	-0.35751142897	0.283880089914
0.459209879243	0.355663561109	0.690945834885	1.09734833706
-0.690856525838	-0.0146986048618	-0.716963866305	1.01201292054
-0.812347673927	-0.15129714228	-0.927910567885	1.78422286414
-0.257722281287	-0.116578481761	0.766860800724	0.595141666356
-0.909547777214	0.69769014812	-0.256477241393	0.0795335664435
0.207922598453	-0.559023809237	-0.655455075759	0.723034473507
0.0143895740933	-0.667457725413	0.633560824335	-0.0308731211409
0.813866426164	-0.517694603849	0.934264243724	0.630230422115
-0.243659451857	-0.985755014802	-0.40447638581	0.861874227411
-0.133391656542	0.715961590494	0.82690018989	1.19808273063
0.919628324603	-0.764123825418	0.186300976988	0.0353573808649
0.253183667029	0.600083154115	0.30083270199	0.487058173989
-0.661904966096	-0.255880067304	0.691275429712	0.90846458766
-0.68670345764	-0.0907190325536	0.0169751675332	0.5326068976
-0.574658104658	-0.823731355084	0.136106929106	0.710005387511
-0.175388449122	-0.686532645152	-0.624376927691	0.969672695564
-0.198078633747	-0.0817307574821	0.600972447136	0.367474210811
-0.78322262835	0.230225983199	0.411580515146	0.697274535097
-0.337278144513	0.461811860522	-0.449356548187	-0.0475993768224
0.173782036356	-0.736108211419	0.995202012165	0.160128484043
-0.232790275746	-0.140453997072	-0.474797793842	0.379007830173
-0.154696491236	0.216413570317	0.837414298337	0.872943109614
0.583088932124	0.636510655624	-0.846080489235	0.88844796859
0.0888049061193	0.210235673935	0.130954468889	0.0712366445813
0.777646607988	-0.238851344759	0.348399067702	0.457158633392
0.329985845025	0.304231134761	0.585437475711	0.730127971537
0.619600776998	0.0159240381295	0.554320955713	0.709870419232
-0.763741485805	0.270404133158	0.206825251557	0.475485290257
-0.568931721649	0.611377067836	-0.340745509792	-0.116364992094
-0.0760228995036	0.843750946473	-0.854438646125	-0.0492329285399
0.431457851047	-0.925008481537	-0.389448671097	0.298967296893
-0.156239079056	-0.193437777499	0.075921013635	0.0457111982036
0.268668707826	-0.110731096534	-0.000935355340021	0.0425373417549
0.202229627729	0.0135515620898	0.0791413073924	0.0509731845648
0.36365422394	-0.794180908115	0.888610185808	-0.0726520292228
0.439085544871	0.965477524145	0.63497928243	1.63298025506
0.884044322644	-0.870324332371	0.336935509925	-0.167588555371
0.560498074891	-0.840491523784	0.479476213449	-0.330034043083
0.184893994986	-0.578707038019	-0.95230080805	1.38516634214
-0.304552082198	-0.83578273593	-0.426504908037	0.88566321877
0.884012585953	0.845007842452	0.486023863489	2.17538899223
-0.530346682877	0.938805674889	0.269864027699	0.109551602593
-0.794121364781	-0.235643978566	-0.345359231958	1.01841348241
0.258941340307	0.319773349436	-0.196889369993	0.125658608123
-0.684374194408	0.80138235435	-0.920553223115	0.0296257621443
0.586750271067	0.161296905467	0.825077445487	1.25275211338
0.344706572251	-0.419176416919	-0.383308417777	0.281928947385
0.139974519818	0.614393396315	0.386343607301	0.492220630763
0.64401241189	0.366852211564	0.513370603195	1.1028898816
-0.700316015695	-0.33637707219	-0.341580409229	0.957589766749
-0.511007757243	0.378836475842	0.132191661029	0.135094208326
-0.539765663004	-0.586199899958	-0.070719571492	0.654214612138
0.607453117433	-0.615315105598	0.749317707293	0.0956347330527
0.462912822925	0.0936902211862	-0.501218723818	0.461919602406
0.152912270902	0.0303187450141	-0.0195166849009	0.02780745034
0.287662152761	-0.709343563463	0.202822249349	-0.224035574654
0.496558116156	0.877402925683	0.63167900505	1.63550687915
-0.677693532294	0.908818420971	0.721520255132	1.01969053533
0.149905808605	-0.763284972174	0.819708413031	-0.0456983303338
0.944447100237	0.363182938486	0.590703078167	1.79845080451
0.774659492881	-0.127300744178	0.365096809347	0.588301184651
-0.600567811546	-0.24807874553	0.582830372012	0.704773220553
0.633038401946	-0.743210489557	0.0382712626559	-0.0967220765898
0.127165344106	0.830608005097	-0.192770934492	-0.00116087062734
-0.472845645964	0.0890023482558	-0.74038479759	0.663772294957
-0.253183717265	0.598402935542	-0.210608350719	-0.169076662882
0.951947006058	0.865736993616	-0.23691495654	1.58136149586
-0.663776515278	0.437404212238	-0.981822184647	0.684782261498
0.425804783792	-0.0778610418456	-0.0657296053133	0.157594266376
-0.152290656204	-0.519137168752	-0.484538161305	0.588571183029
-0.631340249458	-0.179435127445	-0.586398088368	0.960958262471
0.078856492185	-0.484144062551	-0.521422805542	0.492365941396
-0.964596766846	0.0994433140444	0.157938623056	0.875174772144
-0.756427885671	-0.387445961593	0.580034868139	0.976966356773
0.735700391806	-0.401749738346	0.0786002104095	0.220288005705
-0.257891231545	-0.405278067922	-0.335190697536	0.41922378936
0.373631418765	0.924344414939	0.108567954069	0.597105734905
0.504299787987	0.661737699967	-0.677636430538	0.598806016995
0.767775332118	0.784367184259	-0.429137042078	1.03925432353
-0.545671666183	0.13654498384	0.424717190288	0.461626532044
-0.799618414375	0.268339267376	0.668959669036	1.0518357754
0.179039289242	-0.677240530685	0.0541176199595	-0.122919525038
-0.392338294031	0.545798661903	0.97040582804	1.41112529461
0.249240169	0.8678235651	-0.691486436899	0.156482421398
0.982504095857	0.902959454246	0.113015509507	1.96729658874
-0.587819379166	0.944257460601	0.419710702736	0.362950824604
0.385673837251	-0.137106529118	-0.0310913880937	0.101095414264
0.377690501949	-0.0812034706764	0.244256879934	0.15180725267
-0.603315205436	-0.34299078291	0.48053123176	0.637013273067
-0.497787830179	0.704921686756	0.103716873696	-0.0192392495818
0.238863301005	-0.997213420377	0.883588651196	-0.281539569373
0.841566500656	0.368416399291	-0.759163042686	1.31492148568
-0.882051715069	0.246070311474	-0.311910657458	0.581504793397
-0.489916256066	0.490004726012	-0.64313130077	0.0984371503419
0.198221962209	0.699001542474	-0.0735100155677	0.131869511758
-0.64654252338	-0.401175020303	0.0526745374056	0.65903684276
0.908632456517	-0.620723040333	0.348943092318	0.166768104592
-0.555545083223	0.0771697311238	0.877014133531	1.10259181008
0.893240872704	0.271772744225	0.217207694855	1.1468480939
0.738142483121	-0.234819455928	-0.471386835057	0.704420457508
-0.0396693637423	-0.896033636345	0.551657078027	-0.152859023238
-0.324184731781	0.542863974395	0.325961968504	0.212311743022
0.93202581636	-0.776775926234	0.680358655521	0.0790985809124
0.669587997772	-0.488275296735	-0.33825838981	0.400986762393
-0.887438688814	-0.191143681205	-0.823540614016	1.79280945175
-0.757211704695	0.73507358256	0.633893242034	0.88454206388
0.189455221941	0.793834381662	0.958273906389	1.86528900369
0.643694155649	-0.463227523391	0.131709129647	0.0725013173723
-0.335350862407	0.014232306716	0.772465254265	0.715383916059
-0.103499604339	-0.30864831821	0.0942831428608	0.0224461244611
0.588880618837	0.284409439953	-0.965602461025	1.17202524782
-0.276196329426	0.703758473919	-0.20269599777	-0.219654453459
-0.99550693021	0.036691517133	-0.407404471202	1.10553750353
-0.919298896755	-0.2069324676	0.961366793339	1.76063135926
0.435116594921	0.830180597519	-0.448513805356	0.379368980607
-0.517485104696	0.476801168225	-0.880491296193	0.37649897516
0.439254553436	0.157034942979	0.460599995002	0.546405525814
-0.595664676643	0.897678868668	-0.593972186381	-0.360292508131
-0.274204724747	0.0395945214619	0.403749054188	0.243330775563
0.783988666896	0.70617368582	0.165368302015	1.31239581503
0.871290726023	0.988661797596	0.470647645349	2.30737993783
-0.883179428446	0.657227306563	0.412053278072	0.640156835938
-0.610067894614	-0.683557896774	0.349214731788	0.672442004284
-0.00411591080388	-0.814522887698	-0.465003747495	0.598354124659
0.811073182469	0.756968989709	-0.974183906044	1.48340423048
-0.0551315636913	-0.0512912445995	-0.725485633301	0.56940772103
-0.94765624652	-0.0430874800886	-0.0845823497927	0.949683095431
0.908435315713	0.846362891581	0.363775047775	2.03433865016
0.68592351725	-0.500205620971	-0.0103193070039	0.132656536097
-0.344689661782	-0.877800168809	0.410490353244	0.229553434973
0.925697926131	0.377647479251	-0.0442633336461	1.19174744513
-0.116722363996	0.259067227634	0.36108070132	0.207308620123
-0.380889658016	-0.680972015766	-0.566891980888	1.11185622273
0.774331157292	0.994698210267	0.342577286417	1.82793476831
0.984049530837	-0.60815439747	-0.415173747279	0.794758410186
-0.931736419718	-0.868604875038	0.545864411773	1.50127101911
0.152274329246	0.3155098533	0.235646696001	0.201109742451
-0.0467236869107	-0.150001445634	0.0395583352166	0.00482277791624
-0.421976024524	0.816707433132	-0.133259363001	-0.257643045029
0.632001810253	0.68158162579	-0.821338523962	0.944974833956
0.294877917949	0.0477588087506	0.195073549504	0.148406174641
0.522754891387	0.22111510302	-0.920364820768	1.03242651928
-0.194658077221	0.993701094913	-0.318603305382	-0.370628564641
-0.953992412215	0.921980236245	0.143057280241	0.182900743437
0.202809654523	-0.710094613363	-0.569789929363	0.626383035946
-0.242259700058	-0.353593292823	0.996679869268	0.785302612274
0.332683210592	0.923061626979	-0.41142820662	0.207264803663
0.710572230387	-0.956736184525	0.094108850468	-0.256098136723
0.360474056153	0.637251332648	-0.626367794573	0.352837020087
-0.219973191055	0.948938909154	-0.703248122776	-0.333134499483
0.931020795274	-0.202441472734	0.485896453816	0.816052270415
-0.535539149328	-0.642945601004	0.833430182086	0.789880319784
-0.270623482306	-0.895894165998	0.502337666321	0.117988814542
-0.115359001475	0.919546636336	-0.825918737636	-0.170099318458
-0.161247015702	0.755188641891	0.306794872079	0.230039781594
-0.326625251916	-0.622477695427	-0.729706789638	1.29669918887
0.130559889526	-0.90461719981	0.81805664366	-0.171872274954
-0.462637834799	-0.661950367674	-0.0974198415326	0.594254776478
-0.260593725234	-0.130184006606	0.929690741238	0.845128233624
0.784014913927	0.851403412882	0.308488961301	1.64000635246
-0.607217593257	0.0276071058203	-0.573159762488	0.664638516328
-0.304838272845	0.852766162254	-0.674790458347	-0.287125698265
-0.221657120469	-0.928833971928	0.204036385071	0.107129463135
0.353718239701	0.975214608942	-0.474757526031	0.232472021335
0.259124803607	-0.290072533971	0.629977657685	0.20611330912
-0.934491169985	-0.789708242851	-0.125650544005	1.72626445612
0.944782450109	0.570404152364	0.756682182177	2.43570429421
-0.653674069617	0.109968245206	-0.597067206161	0.646237214658
-0.692434293613	0.348209427791	-0.408839668361	0.263141149257
-0.412662580806	0.0799058935248	0.826019975578	0.885629097626
-0.667500873804	-0.57235433234	0.755330299953	0.965811725992
-0.344866079893	-0.787119214174	0.0493834559861	0.353951389518
0.0715910675046	0.533326670743	0.670081689827	0.849688614436
-0.0898691752934	-0.567387046215	0.16543308183	-0.00742940849865
0.762202920123	0.657070906905	0.50388737749	1.66676688072
-0.956709299454	-0.0470399755753	0.0496292176757	0.960424767801
0.940663365795	-0.963255885525	0.0299645019397	-0.0492175671256
0.597998080283	-0.802423775921	-0.742781563224	1.02550386376
-0.568092640581	-0.739559740411	-0.140859777573	0.866883391555
-0.199069178246	0.43312780941	0.0356274945368	-0.0298932823368
0.340316421145	0.680982267582	-0.658370426806	0.332677747405
-0.291756221696	-0.913264220519	0.122485085764	0.254713561147
0.350358810395	-0.03578666495	0.930407218365	0.942574543256
-0.814825189395	-0.345274149913	-0.247787308124	1.09223126611
-0.766560499588	0.00492654247747	0.411164304606	0.754920210459
0.466447723468	-0.83017097237	0.920501438745	-0.0865085571621
-0.756757314223	-0.00496535141263	0.0374839036535	0.577658120909
-0.0706077162259	-0.782045299249	0.306393008375	-0.0855326541856
-0.345050024008	-0.0326175408339	0.44811795225	0.316507395838
0.509155949967	-0.307051364405	0.620881961172	0.297754508652
-0.664246416226	0.26096231838	0.515667670139	0.668362993455
0.101330177792	0.222309753967	-0.480024008622	0.156503521424
0.339125363954	-0.339257033161	-0.629151561951	0.609231127854
0.0401607920589	-0.61341542475	-0.109235211278	0.0559165348064
-0.00842355205183	-0.103023954693	0.0376649263776	-0.00152295911551
0.450528204387	-0.47614211519	-0.478205397664	0.444834342653
-0.16216695905	0.98065849345	-0.668157729013	-0.341532084223
0.132477039368	0.471493769318	-0.475978664243	0.0821469788947
-0.492961333847	-0.91915643797	-0.775752579902	2.01094950366
-0.165001593895	0.15095434466	0.510039097778	0.339450317531
0.916557309677	0.556896615071	-0.160796907163	1.28681335724
0.00483668160145	0.500797647667	-0.141767638408	-0.0484532442728
0.604091908975	0.557092614117	-0.536402446359	0.690363918627
-0.839527340813	-0.455757707662	0.000392933442074	1.08724828429
0.813202407214	-0.450376928785	0.288879698413	0.248397281252
-0.0188056566064	-0.230982270103	-0.758307112634	0.754882601358
-0.389746883396	-0.00109920591614	0.693170333668	0.632054219742
0.594942453148	0.0609351823797	0.435352452561	0.606269488492
-0.189638047373	-0.196763299423	0.839404987892	0.612713035637
0.585060225329	-0.636519882224	-0.655455586547	0.81672554023
-0.625583556794	-0.644726939581	0.493784022967	0.720152157951
-0.352527072079	-0.266858564823	-0.533097412998	0.644804667352
-0.565676390258	0.0990324772226	0.577203179877	0.654294815886
0.301041368983	-0.526633236463	-0.725448356166	0.840408048542
-0.711547672565	0.484065072043	-0.536981525704	0.190279872973
0.396861184808	-0.440962725076	0.615750915021	0.0901237983705
0.835245575299	0.447765536787	-0.260724298309	1.02286315877
-0.929202062016	-0.0220232116421	-0.754952541599	1.47046030539
0.842317082835	-0.808259244286	0.821753411997	0.0397763775722
-0.772575767638	-0.0378360177252	-0.374344674255	0.780402154054
0.095191654253	0.17534898065	0.835480876634	0.870282225869
0.12892171242	-0.5747725108	-0.709075591155	0.852865503436
-0.515788776741	-0.377029647238	-0.416510708017	0.791023777963
0.115658798634	0.869941834829	0.528351836665	0.85278441473
0.123016734822	-0.794974123289	-0.485454526411	0.538927879875
0.729104676791	0.994849127551	-0.412473458242	1.016728275
0.543044243444	-0.527675374159	-0.886994100906	1.26314945511
0.880403429153	0.823933825422	-0.77524389833	1.46275779447
-0.286647586541	0.965534917364	-0.887854589252	-0.263570250722
0.23764579507	-0.9437176814	-0.616006753445	0.793005770574
0.493730397144	0.0767116337963	-0.491535853676	0.485545547527
-0.882586969962	0.694391647187	-0.185893473634	0.0715722478703
-0.508726683206	0.665721428122	0.937340712539	1.42274799331
-0.480997599898	0.881903555524	0.0582721987284	-0.13804869405
-0.218625299838	0.45503901046	0.824537915287	1.00337367243
-0.659840673323	-0.96313762311	0.627519926447	0.860300299583
-0.723215479318	-0.111864172293	0.232493604693	0.63198810208
0.209716203755	-0.374325461844	-0.771433460419	0.849355541497
-0.809764180868	-0.979154247159	-0.285374892502	1.80946693281
0.744201684709	0.496273315976	-0.443830456467	0.899887847076
-0.0657013476386	0.326434243512	-0.425532001507	0.0250387646717
0.986806965976	-0.367592576448	-0.81425400147	1.57336837821
-0.638232242214	0.06409657305	0.517248287374	0.667131528893
0.0122454553703	0.625891447615	-0.885032524374	0.237162558298
0.703893697293	-0.0363509287755	-0.0182488958709	0.470875533947
0.275654024333	-0.963105800792	-0.54840239919	0.639415874551
-0.002421796939	-0.517606489394	0.700662769205	0.129520122844
0.079599012886	-0.539783616352	0.716636589325	0.0901090711818
0.352699439897	-0.731517900774	-0.716793873116	0.904531946913
-0.364746988462	0.184184021074	0.616023008402	0.558805740225
0.550971878078	0.391567894149	0.684501756297	1.2558844741
-0.486614518208	0.763934964802	-0.914372723422	0.00260802754726
-0.308085768977	-0.387380611872	0.253634159069	0.180340625657
0.119440821374	-0.799544977324	-0.918526665952	1.49686241936
0.283821037452	0.85309838207	0.0384961926178	0.357004645632
0.274260718991	0.226723488597	-0.316659815185	0.165879509532
0.92048268261	-0.000386233105721	-0.871943065482	1.60755433082
-0.358290524976	0.73830457061	0.82156551841	1.14538004643
-0.738853637582	0.737431512886	-0.855998153051	0.102543567
-0.983427436817	-0.737405571849	0.224704869098	1.5771080506
0.195599850916	0.456953613221	-0.745267128928	0.342509946382
-0.312770463789	-0.119971753017	0.286929863325	0.183254251623
0.634983336582	0.2817845245	-0.505314643356	0.69508535759
0.674060151491	0.296551032262	-0.796275304453	1.05216841854
0.389310758792	-0.713386550491	0.660957401023	-0.160819626743
0.859404593644	0.468451141808	-0.625374724369	1.23930136093
-0.735056588903	0.154800010427	-0.605951897491	0.699897763287
0.737651069542	-0.301146885069	0.894972389564	0.853445209278
-0.570181274395	0.656823267401	0.338929051148	0.288087746516
0.0966569875056	0.777525624562	-0.753816930455	0.0666238427948
0.173223105307	-0.498273447291	-0.454247165994	0.376373559516
0.428511798379	-0.174334041379	0.0607791572455	0.102016397601
-0.773435369168	0.992261293298	-0.351797991644	-0.394561412657
-0.378279564144	-0.83688962617	0.7474673997	0.392833472579
-0.0717361884492	-0.578365733171	-0.73097497477	1.00373112491
0.145562326237	0.210648928731	0.119065775243	0.0911086757427
0.177607769979	0.730030423218	-0.714640162038	0.150205096698
0.767853965221	-0.981349693683	-0.555234664673	0.689231359296
0.141449294545	0.326483356043	0.151676081111	0.138714092894
-0.811018227688	-0.34415161116	0.611969914434	1.10076053952
-0.264282839998	0.192485573298	-0.863262592592	0.598031494275
-0.690963899965	0.0486560858033	0.751117831681	1.04453596299
0.483379063222	-0.231435141893	-0.243408569227	0.237365445007
-0.528582381311	-0.558583063477	-0.82683757343	1.72017433728
0.915432545255	-0.365078844418	-0.414845748589	0.827360090778
0.185059534828	-0.183402579283	0.643640301181	0.29653418136
-0.28203557867	0.857179433346	-0.33145924387	-0.336465846363
0.927215521834	-0.995705262053	-0.605881259942	0.906866509634
-0.20782440878	-0.0190831891371	0.322896034844	0.145256900598
-0.872549634461	-0.822949903777	-0.576867559668	2.28691678644
-0.19219698361	-0.594316699237	0.382814236577	0.0701994036335
0.133317991085	0.539844942662	0.409667645507	0.478729316374
0.106742500135	-0.279029435345	-0.872055948326	0.985420517656
0.281416811071	0.520057987241	-0.33606368154	0.163714678138
-0.749794980852	-0.337520633783	0.275209707622	0.798115218685
-0.944260392977	-0.0184215978367	-0.66245594788	1.3600738549
0.847845702061	0.953385821662	0.0177253240356	1.54437966554
0.265907855129	0.419686162508	0.0168701540092	0.189669607012
-0.451905138083	-0.299276662895	-0.543020388412	0.796847387455
0.334450492008	-0.718542631471	-0.747054202301	0.966420468529
0.989957362845	-0.905871586116	-0.595421231887	0.977142952901
0.311132331435	-0.105720659566	0.563384635271	0.321751064402
-0.422094296905	-0.607882082904	0.673318488786	0.478806697785
-0.485251977384	-0.317845489627	-0.912173626603	1.51169563194
0.546598149469	0.922689429718	-0.725580407881	0.66009142736
-0.00761650290436	-0.648349882878	-0.892147842747	1.37934789256
-0.747412600144	-0.145155695124	0.404094689414	0.771752662846
-0.980225537285	-0.055737107179	0.533300021049	1.2701613518
-0.170608229122	-0.412670321425	-0.581795455985	0.678087791025
-0.533655421974	-0.15647600802	-0.652109319617	0.895578407347
-0.499535550545	-0.923472286811	0.895339431374	0.685654548675
-0.0507387196095	-0.467818988218	0.310913257687	-0.0224731176903
-0.558120120153	-0.260627884182	0.639085701729	0.698826714457
-0.180362388657	-0.412025730913	0.863032085046	0.496077490435
0.178252283725	-0.569527364723	0.309377517623	-0.150230190659
-0.796768338435	-0.18040756249	-0.216085654137	0.864259315015
-0.220957162561	-0.00145187479904	0.0498592005398	0.0515564203847
0.358575407572	0.0578287058071	-0.613413538174	0.490115532447
-0.548649796914	-0.161908641441	0.683500118693	0.746355579509
-0.955368433683	0.305188973672	-0.206563701944	0.600788531091
0.91329127918	0.713010702035	-0.488980466023	1.37574100755
0.388941638009	0.510980921164	-0.218160573039	0.286135499301
0.296637680829	-0.535654806814	-0.144410495747	0.0273070815528
0.380134723435	0.113052050868	0.0333210241015	0.192354718811
-0.181399124184	-0.457413917772	-0.497339643484	0.590716922099
-0.214455355039	-0.0399547954524	0.315302547911	0.141377467061
0.603573996963	0.591592657292	0.862093723111	1.97458541846
0.971561693263	0.398798965704	-0.667803618194	1.51103220245
0.940320181762	-0.365099725192	0.480551040799	0.596371654152
-0.310390568814	-0.916390371338	-0.924945924351	2.08391773588
0.990593463225	-0.523085420282	-0.00504732206952	0.465776067391
0.636709081602	0.109550362062	-0.231002285451	0.503205836888
-0.493634142654	-0.631086406429	-0.757794059424	1.60768583024
-0.579843686745	-0.448146464958	-0.260987656206	0.78114885172
-0.280516227467	-0.941460021376	-0.912280165004	2.03391457048
-0.719433813856	0.719480810026	-0.593093720474	-0.074993199796
-0.529790714053	-0.3462787637	-0.862466870829	1.50663653922
0.010990704161	0.618064846093	0.388410826572	0.397839811398
-0.753392562451	0.571680520254	-0.675614049791	0.207119453899
-0.470661745157	-0.999511157357	0.499473456101	0.442198585153
0.577407601609	0.255190506051	-0.165190633236	0.465881340467
0.719967826707	0.656750677646	-0.607532350519	0.961291303599
-0.179102573558	0.310331021872	-0.988537986627	0.646929994639
0.685557986511	-0.415352804625	-0.690051778892	0.94802771969
0.0619626372836	0.233740285636	-0.711249697604	0.357950957821
-0.897128817499	0.555558631791	-0.199916623179	0.235333707376
-0.099533407956	0.0741274781894	-0.162945298454	0.017001185003
-0.31445580686	0.581665345912	0.404732846357	0.315202156795
0.843883009623	-0.141309462657	0.439270836302	0.723775621082
0.184879770318	-0.818406184738	0.344526101124	-0.280390275596
-0.675874658937	0.662163980745	-0.566372230579	-0.0449870872659
0.436112781768	-0.365186347876	0.821615492765	0.405941181177
-0.206103507347	-0.369151460274	-0.860592778316	1.17687107735
0.605080939304	-0.259205075966	-0.181733417205	0.289416151412
0.698978095182	-0.228213226957	-0.214728760815	0.424166715019
0.150232147418	-0.0730477150409	-0.329729578566	0.144403170301
0.233879216111	-0.0602161523638	0.404988736532	0.18024519447
-0.671056200488	-0.0610982454211	-0.937429025692	1.42736522753
-0.702168711958	-0.171909906796	0.638246355576	0.911388196786
0.126116619241	0.834243741633	0.214641779473	0.34625205668
0.271865599089	-0.955195938326	-0.670982084023	0.905362306376
0.774429574931	-0.680070245038	0.788252538151	0.158349622869
0.381585794696	-0.136025762274	0.86909126696	0.73080304835
0.752647062937	0.934971255144	-0.377203489317	1.05978902296
-0.887363648766	0.346942983875	0.990316576184	1.80385996205
0.496550662695	0.856571859598	0.299240283297	1.01775943823
-0.871109479351	-0.464870141003	-0.20362713315	1.29990869496
-0.667978200722	0.593875209916	-0.358972303437	-0.0348244549558
-0.796595577581	0.861778147209	-0.0557290425396	-0.0968444915442
-0.693034433003	0.509252648999	0.739469137863	1.05075832763
0.481082281609	0.125600690837	0.0583779727394	0.302604730005
0.0634235580883	-0.74898050658	-0.546378358441	0.664275589316
-0.0337052112627	0.50502357673	0.461720515502	0.430479695544
-0.480810503258	-0.286094256321	-0.145291338433	0.431412453847
-0.0273887976457	0.0949031161618	0.259125862089	0.089888928186
-0.664525570953	0.733853280702	-0.498228255239	-0.163465081231
0.235895119205	-0.438106454755	0.695351119987	0.131174698976
0.637599714783	-0.0544122864183	0.178281171211	0.393923627848
0.0995102387622	-0.401992470913	0.537213706294	0.042542621886
0.96002347042	0.226237993236	0.0210208325084	1.14403643353
0.0320496138135	-0.571069534404	0.408625012857	-0.0836542749983
-0.200898018167	0.801354025701	0.253206488059	0.146391142226
-0.534777198545	0.918762665806	0.995910276152	1.7014957859
0.822693380116	-0.609166635251	0.390808773603	0.0903308713602
0.0921011701797	-0.180074691644	0.479266007163	0.135289762895
-0.166469923897	-0.540076417693	0.163741443707	0.0559970837564
-0.496958596682	-0.410611113601	0.158321412973	0.411081707731
-0.546349431184	-0.649844649067	-0.515005990096	1.25344501207
-0.0192360090697	-0.025051441554	-0.808143527172	0.674193034649
0.307199120749	0.260168531925	0.663278457988	0.786797339546
-0.134142831555	0.254951996084	0.656155882743	0.581623111099
0.544710244184	-0.915283283189	-0.1757054705	-0.0101622382867
0.976190592137	0.333193050632	-0.970290686833	1.89637789658
0.455987136279	-0.914358583126	0.411746641802	-0.41596026237
-0.712475699222	0.307370383391	0.43917249038	0.616488786206
0.392459008734	0.390338359421	0.0127692432329	0.312363258174
-0.646817463873	-0.394218740616	-0.981235495002	2.02300491533
-0.639137045693	0.907958088667	0.556847710167	0.643860267694
0.318123365752	0.905785879554	-0.427011683076	0.18491195304
0.678110254693	0.635061505601	-0.790123667448	1.01299352083
-0.588089943412	0.594488607079	-0.36595901631	-0.0873954539891
-0.106081738482	-0.01444836101	0.972230167863	0.943970409346
0.70548593944	-0.717407894527	0.6539644333	-0.0499005388529
-0.294949896418	0.88060051161	-0.204115200395	-0.310818523151
-0.184381284436	-0.680140824399	0.203399543514	0.0624327379444
-0.889509713172	-0.836887989105	0.915763482426	1.60787882141
-0.162771699396	-0.476165039768	-0.503379260992	0.597083105066
0.509441502909	0.0896622612739	0.336909551622	0.448924440241
0.790283074774	0.26601844217	-0.89863679314	1.4032713369
0.794169097089	0.820393695275	-0.753200143339	1.23162568206
0.628574833814	-0.0585512088531	0.771634188116	0.908541711093
0.43293184263	-0.706307625855	0.511145870025	-0.218109207041
0.912339772719	-0.739169134254	-0.514627388133	0.803228490505
0.323570044786	-0.170862400032	0.774837187822	0.517393745539
-0.364819742126	-0.306187278499	0.870656902232	0.736255982233
0.754409953896	-0.0598311381132	0.809763570186	1.13126513598
0.189730458103	0.89446617391	0.563550380221	1.02737090711
0.277598612766	0.171173688838	0.759711855297	0.831783352178
0.693881078136	-0.700841284784	-0.494828754014	0.586822359817
-0.474143696159	0.341256431741	-0.97384131694	0.679044956402
0.147071669184	0.834298231907	-0.280555072549	-0.0110237428073
0.134933501784	-0.0977014013315	-0.160751906792	0.0465707197903
-0.812313561679	-0.0353082308535	-0.765940341353	1.30224328215
0.38516887519	-0.694279479053	-0.259164223037	0.128038712662
-0.125044277808	0.928923510323	-0.204882875208	-0.248864025165
-0.990219684383	0.199725017831	0.190644570198	0.857185221547
0.81398540213	0.450245421601	0.110528319872	1.09104681491
-0.768118872858	0.334270847873	-0.777857427881	0.678293972112
-0.332410114133	-0.0354353782053	0.157278986567	0.141439001335
-0.214097730488	-0.715112315777	-0.814862899744	1.44566180271
-0.460473099143	0.901498756083	0.28778668928	0.139180069877
0.627926816328	0.77376891373	0.207375086299	1.08362715891
0.326558351809	0.405022911411	-0.896618896507	0.679678221216
-0.487259449249	-0.316564172746	0.701529105734	0.661734760524
-0.0309737001996	0.375683820544	0.0823857297982	0.02706144628
-0.603333888318	0.42775965463	-0.318923600698	0.0712194988935
0.176252256034	0.108369679548	-0.784388442539	0.580426562892
-0.319140943651	0.910988744373	0.530416070042	0.575661411381
-0.968429532418	-0.230185579231	0.1963632307	1.1541328065
0.978088417214	0.869143075095	0.862950516572	3.30146678622
-0.839080367552	0.32182633783	0.187875802423	0.529778399973
-0.731322770908	-0.442020381335	0.976085429164	1.37938567674
0.572949012826	-0.0408930486763	0.931611037781	1.13464364963
-0.747487470071	-0.126037178438	-0.157347504019	0.69753860202
0.922047350731	0.916433157191	0.850408545168	3.19770336335
0.673193542813	0.261558596986	-0.269849452988	0.6315063876
0.963040341348	0.967776769769	-0.416237341622	1.6298834644
-0.857649196002	0.966377540108	-0.269637274038	-0.281117922961
0.389289185405	0.333975481962	0.841325853314	1.27037051199
0.973747592414	-0.972740666527	-0.261587324885	0.323865048962
0.19655744359	-0.385859352968	-0.310673921071	0.179186024028
-0.411719841036	0.691624052061	-0.227312950173	-0.220786043637
-0.112745216082	0.894709518081	-0.168364894762	-0.210453670264
-0.970757003816	0.737145800708	0.312903929109	0.555344397807
-0.00614590850236	-0.641048558462	0.0145501378559	-0.00513804040911
0.160899959654	0.889594988336	-0.1585745836	0.0531033384645
