0.853658494617	-0.149616661829	-0.880581511409	1.50818475557
0.605040995448	0.154183394944	0.175674265239	0.517309383018
0.877581926747	0.769065921083	0.874633411049	2.88270274457
0.368737458962	-0.0565960328377	0.841639893133	0.77582246699
-0.49564862715	0.643906783254	-0.114482054535	-0.134093582202
0.348816184756	0.663745359895	0.639326222403	1.18628568707
-0.795945780029	0.40639537127	-0.256385746399	0.271600674322
-0.836503426683	0.52801342339	-0.18903714174	0.19397383745
0.403387629158	-0.361016340698	-0.0620129058595	0.043325326439
0.255293992939	0.966240571554	0.840227326687	1.82969412937
-0.591838569365	-0.560326307436	0.566228608711	0.685237664198
0.220129067738	-0.411522015456	-0.127735258809	0.02675101634
-0.553752200022	0.438941050487	0.855208512266	1.17034464885
-0.912478103199	0.0741952510753	0.0413457144064	0.769691870612
-0.655407450991	0.352438399086	-0.934233325586	0.742100383032
0.489481344388	-0.718267247297	-0.965009999016	1.51239294247
-0.41775646483	-0.970073166996	0.629586580434	0.365409015062
-8.01889843354e-05	-0.741821846607	-0.626209081764	0.856732883851
0.914570184511	0.616408167666	-0.42975674331	1.31997244577
-0.49407452759	0.190043622753	-0.68618091122	0.490653862371
-0.984251890592	0.729528091629	-0.977532708664	0.493145005761
-0.0996222396312	-0.360901753764	0.0447369997852	0.0317341690951
0.19864862313	-0.218739121417	0.555965782112	0.183495534339
0.0608962137632	0.992166780559	0.891793160819	1.74423014018
0.44731162486	-0.541796907711	0.513291723685	-0.0568958404398
-0.146235093226	-0.514838709411	0.262194747222	0.0304302693548
-0.0101862952075	0.470872275674	0.485115924663	0.459072416379
0.936893503967	-0.126324898422	0.456983163633	0.910521721172
-0.369753298434	0.525587879772	-0.151507682449	-0.114296374206
-0.4914540139	0.094506831099	-0.190672408265	0.213417408484
-0.108034344033	-0.873960799047	-0.188931749007	0.306903349236
-0.419874373519	0.0349504590126	-0.596425124992	0.496497285292
-0.242768295515	0.356462085046	0.497124020397	0.396736908997
-0.88310550648	0.7313918056	-0.728517200736	0.131885005566
-0.679680836117	-0.473209983304	0.295064670094	0.731033408025
0.302098469973	-0.281983101304	0.626762872952	0.222171982312
-0.690691465588	0.447666947645	-0.731073466019	0.375045946153
0.0515553593665	-0.97552281786	0.913465282446	-0.10432287848
-0.695432090104	-0.0612217104295	-0.515993055936	0.824040145219
-0.0296362737114	-0.676698030387	-0.264155884743	0.269465215133
0.727696472812	-0.535308968943	-0.243742203655	0.329887357548
-0.703384787699	-0.846003042876	-0.529870334563	1.81885031709
-0.473157539389	0.848544759987	0.424750922278	0.363216221758
0.774665435457	0.579968679392	-0.635608018249	1.08475303637
-0.0395925237456	0.769731869337	0.418719863225	0.46872028753
-0.875580032774	0.142212181372	-0.515746572734	0.834771329509
-0.466142783444	0.0977563850278	-0.680389919601	0.568138644885
0.876738837182	-0.871638122685	-0.530645788491	0.748588046231
0.586388111687	0.153191534747	0.420940265106	0.67535590435
0.148517039284	0.855673310935	0.561929819032	0.945732847974
0.130971465802	-0.798874788053	-0.174066123435	0.0818797756642
-0.391970753471	-0.558356619797	-0.795726455783	1.44998026311
-0.622024507347	-0.826569570016	-0.774485218089	2.14105428405
-0.255329888161	0.464090405391	0.392164116009	0.282489497947
0.189931835963	0.602589709443	0.0065679187293	0.154525969955
0.0850416534162	0.487847105958	0.677858617295	0.838903077057
0.393219040794	0.524831841822	-0.455184257763	0.329292603607
0.520056535175	-0.0922773216258	0.403270247101	0.347883569521
-0.687538028227	0.105025340186	-0.270788761615	0.445386496563
-0.128773309907	0.194800974079	-0.0596959477872	-0.0165678234562
-0.0447489715804	-0.462034219386	0.0628405243138	-0.00240751449113
0.323736570152	-0.268095942444	0.477791959841	0.118203977098
-0.359838251397	0.228542020907	0.876898791927	1.01660511932
0.914062434016	0.806298400525	0.430867121305	2.10557115877
-0.360676998607	0.930654086305	0.780566847338	1.13014470401
-0.31115426428	-0.120105870358	-0.452944606891	0.393748553053
0.0985857061115	-0.272546710067	0.76681609181	0.361863647199
0.0772105167391	0.663621934274	0.817377471164	1.26773560517
0.565696193158	0.248805226948	0.923313451352	1.54299329493
0.79109052306	0.175211927982	-0.184047625461	0.766058900569
-0.214737702201	0.867558165514	-0.303499722892	-0.311376747272
-0.796899532347	-0.460494571532	0.624885782108	1.10474250355
-0.652006178631	0.425420189988	-0.963825845802	0.666664751185
0.432680568366	0.671938771335	0.860580013096	1.79680235931
0.588239316297	0.748351282322	0.714581266812	1.83161933412
0.170408890643	0.16193398527	0.725199110091	0.699982312085
0.560056889415	0.142123258573	0.210950488824	0.467741909096
0.060213840707	-0.314675580562	0.718518539701	0.274846534599
-0.0125666614482	0.203837584481	0.607676734987	0.490734735115
0.560532517299	-0.169856978852	-0.215956515407	0.30230528083
-0.188248820364	-0.923492016245	-0.533298210034	0.986187521112
0.185553414782	-0.557673061375	0.297109237095	-0.146463990179
-0.783813408881	-0.702815227888	-0.558793892404	1.87021893055
-0.925202782751	-0.0292134205144	0.0940143055368	0.889120737366
-0.020009801798	-0.806975946191	-0.194003024843	0.210740769091
0.28440882279	0.341054408311	-0.076953180899	0.157563831727
0.882183668102	0.273229168095	-0.217834616376	1.00721948308
0.5027726377	0.358726927337	0.619373186523	1.03894739295
0.929651759203	0.347155690904	0.303876683226	1.38481985068
-0.28810010689	0.248962708737	-0.561861225763	0.187081032907
-0.876669277868	0.659187040931	0.737374705084	1.2204493012
0.661835030201	-0.633914456077	-0.12044902339	0.109341158402
0.286566847179	-0.258672914337	0.140172031715	-0.00861703308714
0.795014712935	0.973084991611	0.82226612863	2.88192169422
0.877860459942	0.792286988301	-0.854212745611	1.51905417826
-0.633768067134	-0.724718629104	-0.124131505983	0.966334533324
0.0677622464656	-0.452529885806	0.756936380731	0.204343630931
-0.448897342873	0.561250666148	-0.672873198403	0.0246727020105
0.126888634729	-0.351604409203	0.65257796539	0.167894833108
0.000318615608786	-0.0451989011895	-0.262782204881	0.0809176545555
-0.561183809252	-0.616247645202	-0.929896812516	2.09851027167
-0.316643733426	0.681757192063	0.0928861424961	-0.0436572575094
-0.373209514758	0.405081179143	-0.940331466565	0.491417879352
-0.899804575746	0.681407693234	0.821211013233	1.43048154465
0.673906829469	-0.352846487322	0.904500388397	0.715335925027
0.916613875293	-0.963154264001	0.350077337606	-0.25728390419
0.982798455389	0.528290575062	0.0147599104616	1.49311134163
-0.903168270782	0.0146348030364	0.515506471975	1.07578649392
-0.455776948507	0.585782806187	0.994096504596	1.51129882743
0.197109101776	0.412120748797	-0.759750581662	0.384196716345
0.199223339215	-0.704705028859	0.590299591419	-0.1682372331
-0.169082936527	-0.165644940662	-0.00607320073788	0.0576396511559
0.012157629665	-0.979547362348	0.129856348681	-0.122098938654
-0.840447459126	0.620668400976	-0.99275229951	0.554099896872
0.676725881366	-0.292653775623	0.478160200198	0.34861332338
0.615767678955	0.85251905577	0.357565482814	1.33680797697
0.666202464057	-0.221765850477	-0.137928964713	0.345697100555
-0.184205142077	0.988982634516	-0.802989098192	-0.297594934338
0.101173173438	-0.148433462416	0.208904955547	0.00785132117108
0.798898388854	-0.549141101535	-0.925731836724	1.56486752851
-0.86883911006	0.725298481641	0.507618589446	0.750565336382
-0.58338807624	-0.617108535132	-0.909336869158	2.08840849352
-0.343231465427	0.371844645805	-0.492951049206	0.0498785847903
-0.0980707782074	-0.121685128805	0.430331415903	0.154371826556
0.812395283445	0.268588632599	0.465319866729	1.21968843997
-0.62910128514	-0.804005323638	-0.18210218381	1.0811415399
0.435678146909	-0.947587706925	0.0175825943787	-0.239379711157
-0.484302094114	0.791820210704	-0.193927046354	-0.26487932324
0.192842382608	0.10214983886	0.436016175023	0.291536089739
-0.367823990922	-0.674858093068	-0.354433834696	0.748339370375
0.796420684353	-0.894906446856	0.746681001434	-0.189113222397
-0.0715206584995	-0.713556152596	-0.991859303132	1.74768139597
-0.371209405855	0.622998821908	0.665580181554	0.764186047538
0.047321252276	0.542196437489	-0.88698314157	0.333716709276
-0.255979159885	-0.327093452752	-0.0698998582735	0.177004213711
-0.677154211514	0.471474798957	-0.506667519842	0.157107689042
-0.911983515564	0.689811646603	-0.171562041848	0.113705121736
-0.16095094168	-0.222383251171	0.797958514252	0.520983181086
-0.237794707261	-0.571367861251	-0.389927640607	0.567250263071
-0.751523102012	0.508832641124	-0.553854463939	0.207323025537
0.629511969183	-0.907287395884	0.0520591947187	-0.219385447307
0.832319600583	0.325879733378	0.34490864715	1.19535271989
-0.61512253325	0.156589301502	-0.589505585812	0.537260690881
-0.873797621959	0.399743594003	0.172096363459	0.512638859468
0.486037588345	-0.0154112966517	-0.69020540902	0.715762534776
-0.624367019279	-0.911055730584	0.613129429032	0.775999942502
0.361954156745	0.627446590341	0.673354236447	1.23401746059
0.863986787465	0.420755167126	-0.0893046977799	1.08039999008
0.954220744766	0.794056246583	-0.204067027677	1.54784482648
0.364481181224	0.129941569454	0.692800984927	0.750204640207
0.768215578291	-0.833258517107	0.429546241577	-0.223380089489
-0.120215895993	-0.366141018961	-0.26480804829	0.225548223373
0.0415920411321	0.21272178957	0.0106817716173	0.0129637771261
-0.502643991988	-0.406986241973	-0.306846528806	0.676257279892
-0.944059254098	0.820981263066	0.964826215593	1.83918678782
0.640040757833	0.06678866796	0.0517674910764	0.458536996248
0.151354382957	0.310282107965	-0.0159038825257	0.0651889495184
-0.154213700678	-0.523560128369	0.722714155965	0.248453445361
0.974281019914	-0.347176535408	0.65101602186	0.80878037051
0.728045375284	-0.15138907077	0.667238474363	0.764026524684
-0.925243195079	-0.110195997931	0.576753259409	1.22712148851
-0.701735411371	0.533391858403	0.812375134643	1.21140027457
-0.76791443338	-0.789200009801	0.71511460582	1.14275110088
0.408140910943	0.895259374428	0.676961724588	1.59630448642
0.508492751865	0.484575300317	-0.467952581853	0.49718926262
0.0589059613018	0.0502421724629	-0.397135690169	0.144193272313
-0.644952469198	-0.238419615266	-0.675685530458	1.18738062738
-0.983936695668	-0.754185004528	-0.710803166025	2.75151995218
0.0162859560924	0.774346858262	-0.62179033131	-0.0819819621374
0.930956584607	-0.595053718758	-0.471825700251	0.816092113708
-0.383750370733	-0.378587826171	0.898933966373	0.760304385385
0.065194463135	0.277138821566	-0.0226360246866	0.0165573031164
0.669951187575	-0.072252823562	-0.229153320242	0.469496947377
0.899274914923	0.0928689428527	-0.105595727411	0.893553977365
-0.429622449098	-0.849823209131	0.490215000626	0.373393239019
-0.549972469362	0.601975302583	0.533541460674	0.577245145888
-0.78783815844	0.80584052398	-0.0993200079701	-0.0843545737959
0.921823273598	-0.977878032354	-0.262654390808	0.274158706667
-0.654435529154	-0.956441718607	-0.504173969586	1.7906197136
0.754719875277	-0.301367890726	0.296222303725	0.340629515601
-0.991929984935	-0.298876586149	-0.294029592122	1.45472170437
0.19867278767	0.12130485001	0.887052473389	0.958036707051
-0.587561565593	0.444028438838	0.951286227569	1.41167817395
-0.580702215801	-0.819872776503	-0.999822040607	2.63268798675
-0.246758101644	0.586555313415	0.0982823321639	-0.0165402739594
-0.774965900107	-0.631583719851	-0.516675636539	1.68330562615
0.949931541559	-0.539063957983	0.414529855072	0.338672973413
-0.825558888421	-0.558915516444	-0.27339968063	1.37051985979
-0.476721494952	0.163283046806	0.196497024635	0.220118559137
-0.806827536326	-0.493221861266	0.808072736261	1.30333806063
0.0839108187784	-0.0817728167452	0.666470572708	0.389863249779
0.570679905957	-0.855260439482	-0.962558079611	1.58735151071
0.769623144056	0.984371180349	0.308581716991	1.74889625165
-0.760462173029	0.662622670764	0.308291318885	0.373727594893
0.301471579144	-0.571724623312	0.672166832169	-0.0139596906503
-0.261609812701	-0.276614805578	-0.450433605713	0.468291879005
-0.405902393402	0.969139415927	0.639435738696	0.79996118675
-0.135819577775	0.34210046304	-0.527651864131	0.0698895599386
-0.947812573865	-0.548079209753	0.493844320654	1.39104144969
-0.647602604931	-0.764060662361	-0.379747485143	1.34855507669
0.131178751049	-0.24206791515	-0.928639510493	1.07261886863
0.664543691453	0.784534132234	-0.772508985902	0.953685992558
-0.906530541402	0.755800435298	0.0185961239326	0.15104221908
0.111218039554	0.00542824447345	0.678908297672	0.477574927894
-0.219910839265	-0.716811563039	-0.906651089948	1.67790959347
-0.838307142403	-0.774693250838	0.617492457187	1.25511944601
-0.82227104271	0.907479729952	0.487428641942	0.609853657238
-0.800410442	0.474018723069	-0.052990987121	0.238936664682
-0.0152186883652	-0.129705323319	-0.0482676023374	0.0107958797728
0.21252121182	-0.617879304453	-0.611682875948	0.665954937597
-0.668885066129	0.344011167146	0.667926733127	0.893203675261
-0.545817011222	0.754013645691	-0.0290616637123	-0.13470557548
0.506548655299	0.00829589428056	-0.989024244394	1.2307579297
0.360084501467	0.939967137331	-0.742884761443	0.321718952441
0.0905759412838	0.632195675726	0.510343802268	0.648553660985
-0.695968638422	0.577248334153	0.318904142522	0.368412345658
0.599387060804	0.937241771156	-0.970625994953	0.953439034573
0.121325866935	-0.558824797407	-0.240615413228	0.139277699611
0.10158094329	-0.867832853963	0.190309294012	-0.206775622255
0.354196083649	0.395326477253	0.0417643379703	0.283732764209
0.140128821583	-0.114453952862	-0.264510007157	0.103837548875
0.918805405512	0.579085474249	-0.00768922910612	1.37187664055
-0.789140527914	0.412922274079	-0.219842046336	0.254441919068
-0.763157071504	0.842909453003	-0.686105484791	-0.168447656538
0.953033476954	0.825898290717	0.448755298381	2.26738907951
-0.023370558582	0.206862244858	0.61130833	0.495866184567
0.947615363841	-0.287885079917	-0.301757329987	0.803099472298
-0.647603570609	-0.240574147253	0.966862988872	1.27740886162
-0.708942807487	-0.70840068306	0.308725104231	0.881425588629
-0.964196116931	-0.787448259916	0.484104470555	1.54207862186
0.363479356169	0.572108563512	-0.163437958736	0.273274605246
0.082979521638	0.771150351445	-0.228284306397	-0.0530525102752
0.114823822335	-0.76019460439	0.467445541277	-0.210948184284
-0.752508616724	-0.219347763266	0.304235427236	0.757156134875
0.561306251061	-0.319065116017	0.510675165298	0.233821956954
-0.801659752555	-0.113703403984	0.0914366997841	0.731773807622
-0.599233099287	-0.284961646663	0.977299154154	1.20645961845
0.320978910879	-0.928045690252	-0.188795382522	0.0159988038765
-0.629168073932	-0.296971169783	-0.68519172043	1.25566712465
-0.40692975027	-0.854665560199	-0.93301379725	2.18131017019
-0.350446797108	0.745620431062	-0.777739393002	-0.113507152358
0.551982537421	-0.691022213337	0.967973770003	0.1913343693
-0.598868833589	-0.458640784542	-0.00268239738001	0.634547003613
-0.60325214161	-0.772747821271	-0.0403441897314	0.862878462824
-0.424243259456	0.149994259649	0.485331080317	0.424691423179
0.835295504142	0.679848429385	0.649702179424	2.129404844
-0.909489982268	-0.411276013944	-0.698690406704	1.97674633235
0.261130289826	0.643773204802	-0.905301910395	0.473060148613
-0.439658906785	-0.224819618795	0.527501990447	0.451809455658
0.361616637487	-0.297224726716	-0.264211225405	0.171622867151
0.497025282364	-0.176370008371	0.998211541416	0.979745481598
-0.185168776794	-0.645488436688	0.947862748937	0.440421126972
-0.789817062882	0.496542376191	-0.199445051986	0.172378760389
-0.40307910064	-0.760253101949	0.919327739904	0.615156625353
0.207258165453	0.755644168886	-0.410357410012	0.0578783912422
-0.994537228439	-0.145267822581	0.170035936405	1.13779002583
-0.829716683893	0.903025067071	-0.381575246088	-0.259797532356
0.303102399315	-0.896872253958	-0.311761800885	0.196832861965
-0.217688905235	0.100476557642	0.184923094047	0.0782928142579
-0.563556794044	-0.103203692217	-0.83146591095	1.15290331507
0.469272477189	0.544928865183	-0.990387184508	0.917112986996
0.989143192214	0.873319391988	-0.737250975068	1.74192561287
-0.243946970782	0.344256921928	-0.209054721317	-0.0527349670913
0.829320588203	0.923822754287	-0.818107321346	1.36743129833
0.875031990592	0.550528951528	0.325808828313	1.53293001415
-0.394637589512	0.881575411585	-0.0288845484125	-0.216793558864
-0.598602529304	0.448006436656	-0.832733825786	0.410522712598
-0.727094891319	0.0428764740571	0.319449948672	0.613236872881
-0.303841563458	0.108689766543	-0.870044144764	0.721707145949
0.771441655031	0.935762910806	-0.240325369134	1.14987743183
0.600780680738	0.567430303093	-0.0679933653075	0.667880191952
-0.538634402466	-0.153593243632	-0.725748703167	1.01103890206
-0.867102513294	0.727087540048	0.659500480631	1.03586280128
-0.919974163507	0.338818782683	-0.333790008766	0.532969380852
-0.689161028776	-0.0978403550639	0.486289009221	0.731268994498
-0.163089403299	0.530492632771	-0.273690928859	-0.130203870341
-0.353207852038	0.24278972837	0.663927881624	0.640995650322
-0.337777379879	-0.986682377985	0.618259970115	0.219591719888
-0.932022637591	-0.979353871046	0.427741925828	1.54549861925
0.406193193255	0.468648041038	0.911172297455	1.61260862245
0.388006730079	-0.560056186928	-0.164226683529	0.0521902265885
0.269582775557	0.931005411522	-0.874447200241	0.274200726269
0.111884642518	-0.109820417867	-0.16553184758	0.0458105242721
0.566480470253	-0.37482097109	0.113422190978	0.0789229408553
0.217177229223	-0.987224793447	0.413413390071	-0.4044581139
-0.726334532868	0.87760225341	0.115228190216	0.00453108607284
0.193545827108	-0.0967121452665	0.350948479848	0.107965610188
-0.206070365836	0.957829753677	0.720482940872	1.0542803338
0.629045195439	-0.54680563019	0.0561191824083	0.0241954811267
0.871110467921	0.846808268935	-0.481007141906	1.3205440401
-0.141183167623	-0.611868709386	0.87711745675	0.338972556074
-0.485974152779	-0.45488495847	-0.836065227534	1.53655177047
0.154061359921	0.0144526177462	0.132938506958	0.0455554486223
0.731505800345	-0.727360597974	0.714472378444	-0.00617603728303
-0.618190787372	0.171530738559	-0.137717690675	0.271464472395
0.940314857809	0.536933664392	-0.466079772597	1.35605516833
0.80388961838	-0.854375816559	-0.924418171731	1.60376415595
0.731327266005	-0.20210461682	0.431946280658	0.486314204971
0.489316467441	0.889169669518	-0.75921283814	0.575851072167
0.184647911729	0.691157031061	-0.554445438015	0.08591643468
-0.363941323415	-0.767992122147	-0.213387242304	0.62137119243
0.405964580432	0.948489394624	0.135211281791	0.696388897233
0.809787348666	0.0387413888726	-0.646387801578	1.07990306548
-0.494636192023	-0.578673905938	-0.0364072560746	0.553291437087
-0.488690898103	-0.63842962172	0.570569710192	0.512094729049
0.336480157682	-0.735395875685	-0.903290222378	1.34598190623
0.792020894166	0.464698538316	-0.0263767938755	0.983786526327
-0.061810299581	-0.68656856108	-0.627770190586	0.871360210206
0.261281678521	0.548120193323	-0.265324424576	0.136449255058
-0.384228352319	0.169681226024	-0.969202912344	0.857333835694
-0.932145570727	0.843010598884	-0.629578412911	-0.0512855277097
-0.752710312694	-0.551335138231	-0.471408586414	1.46369863263
-0.801611123811	0.388658110641	-0.985526706379	0.919257670267
0.336729233018	-0.473317423274	0.909714597684	0.351003643404
-0.00599319820378	0.125662494584	-0.410101857555	0.115931909304
-0.508708270329	-0.206877866124	0.984909006155	1.13031446263
0.369096555301	0.638186325	0.214575706177	0.554766656373
0.649962316297	-0.276969926142	-0.988631181003	1.4936437151
-0.0583160246323	0.770355801693	0.901994708138	1.46692798084
-0.386268584526	0.37113448289	0.535447756712	0.491273254486
-0.5263549486	-0.326884963056	0.914640588444	0.986692200909
-0.883166636814	0.120719012034	-0.494752964481	0.858422711315
0.239905900886	0.453855594169	0.813360177922	1.19714032232
0.4543583159	-0.847024911353	-0.539876446958	0.570344044585
0.161467462484	0.31968429038	-0.982034663553	0.728141378478
0.74152636922	0.217104004672	0.571847432355	1.16200955409
0.00512941975077	-0.466909738264	-0.660167360679	0.741690848604
0.316014977145	-0.34645028626	-0.0253311433116	-0.000200364841276
-0.00548069740868	0.151924374035	0.619972183192	0.477751780303
0.720904855614	-0.425169808796	0.83914247328	0.560578876771
0.23136442777	0.282627860426	-0.60610770444	0.314983157325
0.479081366728	-0.989727571155	0.529917085097	-0.488302514001
-0.90379547675	-0.13805484575	0.650343709008	1.27478344834
0.990743567467	-0.235447596206	0.800733951077	1.20094860149
-0.702826519695	0.700020896549	0.900381455769	1.44294446615
0.984545462377	-0.834960646015	-0.752189717757	1.34111123635
-0.470549341664	0.041315015057	-0.209545829015	0.237227995181
-0.56323114845	-0.891983986181	0.988660498873	0.915202740787
0.429958724971	0.199533298719	-0.510023732163	0.429013077551
0.590441063068	0.674090592005	-0.573144366238	0.688774654114
0.60661253895	-0.671177766637	0.373843607277	-0.150322551396
0.771075924499	0.645100863114	0.135028018299	1.19731908264
-0.869816513586	-0.114340974759	0.111523366913	0.855722206218
-0.206631244639	0.730029063956	-0.440262702008	-0.235723664309
0.857734204961	0.316666727966	0.613235128224	1.57757233452
-0.940458980294	0.0130092387825	-0.506167230682	1.12184885322
0.874970267732	-0.14199493923	0.935101318143	1.38296643977
0.487014034329	0.878298821943	-0.42596604618	0.472248118206
0.879180652533	0.857940332542	0.511624650501	2.22794636698
0.446653506861	0.623453754971	0.600825245955	1.21354489306
0.689517763954	0.50753408973	0.36122240619	1.13920282934
0.15517741139	-0.603477683634	-0.329138063567	0.237393265314
0.88156601859	-0.496753034664	0.933340342902	0.746722598119
-0.746555888859	0.411983877526	-0.972983387202	0.795619908451
0.172187791577	0.62090754971	-0.515914061942	0.0823937185743
-0.201376474362	0.702307842147	-0.639552133821	-0.141011339911
0.470818533304	-0.198622648625	0.197422077405	0.127917847931
-0.78259292962	0.796397002326	0.592790309466	0.812693806763
0.935103339899	-0.161275548366	0.0878090066329	0.717157928319
0.571913714704	0.23363906381	0.00876661422488	0.462831759016
0.369696320134	-0.863066111927	0.844140005878	-0.198373279762
0.759419097552	-0.773684342832	0.822525516668	0.029339812047
0.809796300111	-0.730002968207	0.825675653267	0.143610951686
0.0384985507112	0.787478542324	0.661215531511	0.98969794303
0.919339285042	-0.34108347463	0.293356423303	0.517612246243
-0.174074674416	0.198924297545	0.351395264116	0.189053997662
-0.0680239035972	-0.942364809579	-0.717317474178	1.25924968814
0.721867538691	0.978527321214	0.859794253694	2.80803817887
-0.565110633863	0.183097247694	-0.625436672565	0.492535124839
-0.743856245026	-0.483701250067	-0.604493334664	1.57093268214
-0.206176403989	0.624910340192	0.351991100809	0.257527556405
0.11604551537	-0.283156127845	0.662576804926	0.232002902794
-0.865611204358	-0.742402032798	0.508968623032	1.2731039937
0.91242522663	0.514677558669	-0.483967012737	1.28726169113
-0.681772498666	0.56563499797	0.183823234246	0.216947190217
0.960815075663	0.922234910301	0.809769705084	3.21178768135
-0.254475201477	0.148989740115	0.237956660286	0.118919907182
0.263078781144	-0.119865707974	0.0607307066254	0.0340850103152
0.613623258374	-0.679978042783	0.262905445638	-0.150367496034
0.898008381447	0.4463779855	0.581079117698	1.80430409242
0.471436441347	-0.710538000427	-0.920840728549	1.3895187892
0.972761801996	0.590621602486	-0.167362584245	1.44996193466
0.495707399257	-0.177300623026	-0.531030316036	0.533981797379
0.820139706448	-0.691446157509	0.527860022496	0.0191961085398
-0.642546852952	0.899488573222	0.694342654082	0.941567910774
-0.751746190677	-0.876932518649	-0.776658402478	2.50862829873
0.198243958748	0.649773607415	-0.885868111942	0.37726295237
-0.499435863704	-0.531964868049	0.516187174562	0.506974272265
-0.753846473435	-0.254552575258	-0.994115009036	2.00149725352
-0.0837496976026	-0.775618449129	-0.408786507121	0.5561405875
0.0264528398614	-0.856379383711	-0.659408493455	0.977569486517
0.887172945957	0.547069235874	-0.66392043647	1.35000076177
-0.0367828706391	0.595467467793	0.290026159795	0.236266293067
0.0689334562891	-0.977489025768	-0.792348146759	1.33969732808
-0.0710182672133	0.114251234153	-0.970127646734	0.827239039635
0.202058212544	0.102168216491	-0.119237936478	0.0635068066472
0.165078555264	0.330195556202	-0.378087125253	0.0998663204469
-0.837805922952	-0.173651584887	-0.497980637124	1.18186493271
0.995505721808	-0.374001862882	-0.929601552231	1.83054240587
-0.622326446526	-0.460017262959	0.718870456795	0.859653028338
-0.5874349114	0.0269443520549	0.448520280523	0.542507252452
0.575530984295	-0.0572971874274	-0.458457284524	0.534711001897
0.288210806659	0.673848641501	0.0375300578782	0.303974013369
-0.46176322447	0.380692404543	-0.014392781231	0.0321634528766
-0.0131050963392	0.731336481437	0.709786579301	1.01347731614
-0.139284489397	0.539226841083	-0.934604483004	0.313815950376
-0.533173579618	0.980550640004	-0.560115183992	-0.474021911525
-0.921520508001	0.15895369669	-0.7353158755	1.12652921546
-0.351004412468	0.735425947083	0.450776988686	0.399779332459
-0.984957536865	-0.242339256612	-0.590381025173	1.70045748035
0.636392143298	0.369297266123	-0.828585318825	1.02057217633
0.0160248617072	-0.316032534778	-0.198244141917	0.0971447570073
-0.280950779794	-0.621765836549	-0.573209723127	0.938590546999
-0.92718176622	0.991228178701	0.502016533334	0.690250867911
0.65466593792	-0.560421870494	0.125155275605	0.00722247015006
0.769413034189	-0.126850673739	0.578649646059	0.755829170832
0.302628362604	0.878457535591	0.590916184496	1.22570680374
-0.161496977461	-0.162104918464	-0.464968713684	0.343830348217
0.850243188361	-0.855708139764	-0.732440732255	1.15857838505
-0.567869234516	-0.751554239497	0.107772846845	0.679877844758
-0.641248910049	0.770694589813	-0.584874426044	-0.191688362691
0.722821055068	0.222133226107	0.973227975985	1.84639181379
-0.314434018132	-0.523407383075	0.110402521973	0.217849060086
0.559603008486	-0.834189902925	0.534517644632	-0.313839761883
0.250826742514	0.836099305682	-0.0646001409906	0.222791165209
0.604385601725	-0.987050468822	-0.85860144028	1.35340225145
0.0989796878432	0.729211859807	-0.0606026375729	0.0414546584878
0.148278657375	-0.145050175696	-0.209040647692	0.0744980899916
-0.342107940868	-0.770357562131	-0.203740661608	0.579046699093
-0.51908001635	-0.989944329719	0.344623575071	0.560911636696
0.429667409608	0.727542937778	0.301340081602	0.807259265351
0.537490208122	0.830731949386	-0.475113889741	0.566446932616
-0.210585252655	0.93388570493	0.605858154104	0.78054996374
-0.501473370661	-0.0419497850431	-0.190305024099	0.316711498637
-0.814133490083	-0.121668430801	-0.607450172526	1.20477090526
-0.914415626319	-0.803820127831	0.105949287368	1.49724270507
-0.72480576573	-0.832858817351	0.0823956136107	1.06716939472
-0.123998236677	-0.282534915896	-0.0185224523778	0.0559857148365
-0.268731964935	-0.317229721728	-0.421174112163	0.468463214591
-0.554284523039	-0.857774364719	0.642001944865	0.64415607391
0.47682651306	0.325360989589	-0.064121520407	0.365753197755
0.566499018255	0.216286712055	-0.658445061616	0.734584329446
-0.807939558118	0.422064176611	0.988682071897	1.70654350912
-0.972616066207	0.513386406141	0.513406123877	0.973815718322
0.193921022624	0.544444454897	-0.51827479039	0.129621511085
0.9343137501	0.537282681365	-0.501388221154	1.35693572096
0.478232125276	0.889846173034	-0.463423126005	0.45664469069
0.521017997749	-0.598307730108	-0.0987532310528	0.0285676805548
0.21983432676	0.654714839343	-0.980120602431	0.511192819701
-0.437410228895	-0.634585944225	-0.774188095908	1.55955818315
0.758445397187	-0.713251074131	0.894372636755	0.196267595837
-0.980100314546	0.164620382695	0.52882011934	1.16595742675
-0.927262440655	0.658020748693	-0.674490292062	0.260766255531
0.216494535868	-0.324181376779	0.825534788372	0.390571069897
0.617721852077	0.943747494107	0.0354421474145	0.999258320107
-0.0279811701408	0.910722795584	-0.793155573159	-0.117949241299
0.145320899211	0.323677744864	-0.549198224485	0.192010751679
-0.574096845363	0.298970295727	-0.124496204054	0.136227922102
0.00118080554612	0.0663614006022	-0.482727680544	0.201071282785
-0.640746711836	-0.326713721045	0.741376927546	0.927318825202
-0.868280559079	-0.497995027685	0.633554898943	1.27219515087
0.359383222407	-0.590993707464	-0.538697576142	0.525325033805
-0.988766676371	0.850142145491	0.979744561756	1.92988886672
-0.778498402892	-0.152841531429	0.256820004102	0.751750403197
-0.345381799551	0.355340927649	0.82637093902	0.973092643325
-0.31513641177	0.484612956555	-0.336975008081	-0.103158529082
-8.7598001941e-05	-0.0498988919811	0.401054086674	0.140836604605
-0.525073139922	-0.277180248448	-0.0932949544534	0.455805172825
-0.200013025268	-0.429244617048	-0.473039554184	0.552675826819
0.0675267372778	-0.96000768176	-0.897434259654	1.60666570728
-0.273128818943	0.46482947075	-0.28393856986	-0.103720876318
-0.357702503514	-0.00863417246579	0.902978381097	0.938613031781
0.546497397683	0.514570863606	0.335739460899	0.865353773504
-0.548176505888	0.754621931587	0.230279224024	0.113633741738
0.661996702481	0.455232427545	-0.4617692369	0.742620497461
0.641508613131	0.506180486092	0.117863298365	0.809804301108
-0.786745779147	-0.985704902735	0.969637566802	1.3788886002
-0.467624317192	0.185994963993	-0.810657208809	0.638083685821
0.960579461229	0.26854514229	-0.391540530809	1.22882952914
0.88125728305	-0.0355341321536	-0.940104724847	1.66250238538
-0.972646944265	-0.392942839387	-0.675744026068	2.05039549526
-0.383528843854	0.252144141073	-0.94198272627	0.700205854328
-0.136721241979	0.511204468055	0.447039610603	0.377173248017
0.56245478272	0.644658414654	-0.367606337067	0.577100491728
0.116547492798	-0.264037287987	-0.834746440931	0.900016241226
-0.0648725180039	-0.14080394632	-0.592875356412	0.448323128234
-0.480828238331	0.179705713931	-0.156161898863	0.141111566061
0.31782433766	-0.33169047668	-0.995014418238	1.31568350274
-0.670572466388	-0.275253448764	0.348009928263	0.659564793909
0.587844918401	-0.347261937834	-0.520701871176	0.593375862044
-0.984090670994	0.162603836712	0.82261558881	1.61887438779
-0.646456136211	0.632309325834	-0.780238404026	0.124565240254
-0.0834790418022	-0.645013907944	-0.619512854126	0.844204476893
-0.68686939736	0.445385225378	0.401851491221	0.506331425664
0.69512672808	0.514706937466	0.650859863608	1.59960836663
0.995710283077	-0.841262642751	0.240326343042	0.00936428035979
-0.553241596313	-0.468471162738	0.753404027405	0.779923565571
-0.0730743719372	0.669361171559	0.315709703851	0.267423150971
0.86603716826	0.183017903859	-0.123982978278	0.901201358111
0.42845809311	-0.316016865586	-0.255572193687	0.194258623697
0.169647048969	-0.562403282314	-0.207959255103	0.0935740834892
-0.447608989531	-0.457431408412	0.702766882846	0.577517864627
0.194936131324	-0.886385696645	0.839373384599	-0.174249386749
-0.713969714406	-0.706123940403	-0.0878224013227	1.08363013541
0.874395555358	-0.701760837848	0.582152959212	0.0813209491982
-0.305189740595	-0.390545331683	0.54227097109	0.294607616051
0.470472626383	-0.0988800595223	0.162308492841	0.185119104291
0.572961188836	0.839016944953	-0.139936831479	0.711181614116
-0.0492860121773	-0.241012278872	0.32201079145	0.0403900402491
0.40820609479	0.501190780596	0.841944440583	1.50206657954
0.499766201588	0.782529518376	0.936741361053	2.25136020489
0.81574486035	-0.929854951022	-0.366655718565	0.382288331205
