0.852898910952	-0.19798572035	-0.33476297679	0.736919286769
0.111527197257	-0.118317864377	0.226457552359	0.023731704982
0.602069457225	-0.975045783695	-0.39679927332	0.319789467296
-0.0374739777174	0.433143737388	0.686371352991	0.75357576752
0.305660528409	-0.0671419074707	-0.250064594679	0.152227843101
-0.707769195251	0.661760027261	0.691168757895	0.967665979758
0.260781868294	0.359717771417	-0.631254436372	0.33322377971
0.291058885374	0.0250985783252	-0.719884905745	0.592186628815
-0.307484312845	0.650581306385	-0.152718447197	-0.18152978607
0.369689168615	0.492356048541	0.165571902261	0.427623162004
0.0370580276436	-0.936312205185	0.153010545156	-0.153178000193
-0.948949856753	-0.810999266324	-0.343125778508	2.06611352274
-0.0061963588531	-0.443089907014	0.338095923508	-0.0327140988851
-0.479585533838	-0.00123882211464	-0.843335735982	0.942856311976
0.405230027889	0.716500289351	0.314162870711	0.77835490484
-0.469978073599	0.525019860188	-0.852787525776	0.253647743739
0.259879252388	0.277438917326	0.507837560657	0.538430735261
0.0886272985709	-0.868116014232	-0.607382596253	0.827108197668
0.463840284245	0.648160741839	-0.557485604303	0.465240788175
-0.953558736561	0.904583412665	0.869521802055	1.58932401132
0.957872003091	-0.822648979199	0.635882109916	0.0107646378581
-0.808578460238	0.964233374159	-0.441586233339	-0.356652992907
-0.780528741756	-0.0633746143607	-0.575975706557	1.02694107754
0.409606762409	-0.313484635976	-0.474187961086	0.412877135808
0.276238587299	-0.483519172084	0.0352741292647	-0.0730703494983
-0.880345528671	-0.263704949764	-0.750907374314	1.76903959948
-0.0278495015832	0.719923734594	0.85734959043	1.33300071676
-0.586996821739	-0.193647424971	0.864574969562	1.03830285317
0.242099527285	-0.347969885065	-0.213773969701	0.0944550502163
0.574435093226	0.325833731713	0.706833949776	1.24707058249
0.741347315309	0.7305082762	0.295869554956	1.39483014341
0.154047154723	-0.311969609653	-0.416196916102	0.278733157579
-0.0855733937433	0.402996699862	0.133398974682	0.0443916434505
0.00770515096039	-0.0848602265389	-0.761320286108	0.643619898482
-0.193680855704	-0.275521467539	0.610033804898	0.294939341409
0.149992683074	-0.109525023561	0.0671471254431	0.00322429878723
-0.163610712056	0.559175205016	-0.393402038889	-0.129934089905
-0.489884497108	0.539797342478	-0.582841883901	0.000636632461481
-0.302087128922	-0.255794932375	0.118087979967	0.152267454337
-0.235476828605	-0.783437435641	-0.691001862806	1.25877100139
-0.498482731451	-0.025967912582	0.217489999632	0.303083728191
-0.828525463246	0.287904739702	0.636395432638	1.03613844348
-0.0485282683213	-0.96684204459	0.667140636309	-0.150668825233
0.799675669388	-0.984980106149	-0.737589407753	1.12236557807
0.315060063705	0.822862600389	0.534465149786	1.08395836635
0.985774360311	-0.719173560147	0.740668722061	0.278729027346
0.732334981924	-0.349650961606	-0.709016843678	1.03086620091
-0.089839734804	0.942184522447	0.623907005804	0.900521046522
0.330696964901	-0.642470831715	0.820444761856	0.0429151072396
-0.877590840992	0.0430234075989	-0.936145332016	1.5685006562
-0.353692276642	-0.624810680423	-0.455119978691	0.837586957149
-0.311559119904	0.837872130776	-0.987199008442	-0.0165622728957
-0.35835634253	0.960841768984	0.443311318758	0.406572483214
0.196372984051	-0.18111390848	0.726427598372	0.399127384312
0.370729678141	-0.301319013138	-0.305294619206	0.210928471388
0.573292274566	-0.295893727702	-0.000987085392401	0.159323490607
0.518629980194	-0.418027529761	-0.931799764784	1.30994420243
-0.00137921934052	0.112869786227	0.159567237914	0.0433182535016
-0.930821964256	-0.806161805147	0.0034275607087	1.61407122376
-0.0163550981715	-0.258376619199	-0.0892557813151	0.0355214657268
0.567427396291	-0.380171096254	0.897733666996	0.570887699302
-0.926763892455	-0.926771828427	-0.750934619629	2.97763783291
-0.697797181238	-0.342416388167	0.114498715838	0.699761815818
0.525478170246	-0.37939839761	-0.472876662289	0.479782717311
-0.673490133217	0.959323300763	-0.12882576979	-0.299495301825
0.719508555399	-0.558988544871	-0.481342497333	0.616251062795
-0.567460006512	0.413061436388	0.405240592202	0.419224212274
0.662494660517	0.895548554074	-0.252468740734	0.869837759855
0.458237793151	0.59022110237	0.390390009912	0.863264272336
0.958985431068	-0.245857968149	0.553242504182	0.853937037896
0.288585720033	-0.848501530202	0.717878764716	-0.255355016766
0.177828191175	-0.283421530637	0.717298392671	0.292441703197
0.156584094117	-0.958883104579	-0.947954947827	1.68196930272
-0.10418995771	0.058215538824	-0.134819725747	0.0151178282315
0.672072003325	0.340949520961	0.464286162649	1.05468319081
-0.366449390908	-0.00731818798958	-0.21864168595	0.186371149424
0.152112725545	-0.801664929255	0.706793322425	-0.165859774285
-0.228029847697	-0.935938731565	0.828047834844	0.176080754424
-0.903566981776	-0.517224837613	-0.896835726336	2.55196060893
-0.158895679528	-0.097561674047	0.996093569193	0.935771807936
0.929436566854	0.840001546147	0.674697734644	2.66654465843
0.98506548897	0.799556801257	0.894953711711	3.27447830206
-0.312160630096	0.96919409936	0.148609070275	-0.0389842919702
-0.779136052978	0.766879338282	-0.103171916444	-0.0589263183585
-0.84770935917	-0.841811387329	-0.986165959872	3.23491158455
0.941247019258	0.287867362133	-0.365043306904	1.1850728099
0.553972197186	-0.705138062457	0.138955206801	-0.162415742318
-0.665173783004	-0.700157620429	0.142275836591	0.828809557162
0.954720553016	-0.662211303212	0.307586978305	0.170186768203
0.00349769985347	0.350900236146	0.497940814266	0.423912181433
0.304464416285	-0.918104847741	-0.805292648433	1.20100765822
-0.465698472555	-0.0444606649788	-0.248741136899	0.31051168065
0.930056900731	0.208331241108	0.22549018421	1.15658822014
0.424654777927	0.913338736399	0.530489615191	1.33412128533
-0.166466995044	0.977469200163	0.182030722836	0.0760595090516
-0.793642169696	-0.659509128627	0.569199660662	1.10187803078
0.184818474669	-0.786188137112	0.132741650326	-0.197883788781
0.452734612982	0.835326009246	-0.226163177319	0.445379425729
0.460301865107	0.9299871455	0.39699327137	1.16675492136
-0.488040472881	-0.986499373693	0.940415220078	0.67629688454
-0.651731313095	-0.0307728074404	-0.150703700984	0.47215848813
0.276164363082	-0.812764117736	-0.789018076941	1.11564537745
0.911280223357	0.0661488517925	-0.245579333697	0.934776204109
0.862793117642	-0.101079458823	0.548088824557	0.902202140274
-0.355370805124	-0.221163190833	-0.248808603596	0.321816376226
-0.318181470133	0.445407634461	0.95581707629	1.29883349825
0.412255841894	-0.264827840374	-0.569443774164	0.535848831746
0.458638281725	0.896388023455	-0.777644230813	0.529126511007
-0.0350449722677	0.528403617083	-0.312881792026	-0.0847225948701
0.786244784195	-0.101378234362	-0.492287577882	0.830727057456
0.996369071999	0.767945644734	-0.626713799987	1.66939667092
0.747933372305	-0.89740372202	-0.271575112232	0.205671695388
-0.488445844513	0.284777416762	0.865112543665	1.09426522579
-0.715783917365	0.643000887192	-0.348390214294	-0.0505425530091
-0.0228812698192	-0.061291191744	-0.701887457665	0.537591494783
-0.0821274157966	0.415717967328	0.0405609765604	-0.00888981038339
-0.126764381832	-0.29024232304	-0.588135434571	0.569466681353
-0.483359250994	0.677071540869	0.0763189111867	-0.0361346883432
0.574018825003	-0.914597212491	0.299384359195	-0.37968351166
-0.737005691748	-0.523784542074	0.0812190167686	0.893264841606
-0.792439121074	-0.220793588466	0.710944065489	1.15139481063
-0.693583900451	-0.866640808772	0.721120446855	0.97720903099
0.0113355240098	-0.630460011984	0.356405994248	-0.104692595167
-0.165943189777	-0.724701958686	-0.981314812712	1.8219360254
0.0778347405937	0.287802769448	-0.230679237344	0.0152820879253
0.510131329094	0.398867877371	-0.163104909378	0.42525487581
-0.819590508111	-0.459547837222	-0.312426899894	1.28955532031
-0.556929471888	-0.865227090064	0.160938377977	0.678693820039
-0.0245315267223	-0.0389237213573	-0.787212252075	0.651901014281
0.397749365683	-0.263967027498	0.662857509404	0.317619391515
0.757054187753	0.839206360855	-0.460707477593	1.03407846729
0.803020718803	-0.615071762587	0.306961447913	0.0563489176101
0.877191983828	-0.0548450273082	0.594559038176	1.04224800138
-0.661584373072	-0.0342416903408	-0.22241813396	0.517433449113
-0.230809078146	0.820007994985	-0.396145175156	-0.303903669844
0.877210557038	-0.9510627545	-0.353467762551	0.396325555768
-0.00151787778693	0.745433028697	-0.869105237339	0.106354991961
0.580720191566	0.659589602191	-0.657127479052	0.718655012261
0.103367806133	-0.573266927387	0.71655229671	0.0540990192056
0.629780888958	-0.635273056325	0.79728786364	0.125713577555
-0.638549770001	-0.0807786994169	0.20905576003	0.486144087103
0.716141305923	-0.614725664302	-0.797568749493	1.19902981956
-0.527440014582	-0.696507341038	0.464220978558	0.537726608599
-0.121692557781	0.417817108621	0.924131413635	1.20410063088
0.403331632454	-0.749373346281	-0.353643577501	0.250505281636
-0.194500709105	0.361888881985	-0.263015361482	-0.0585623730571
-0.728378698604	0.274139017796	-0.926575066611	0.935389482951
0.221551725189	-0.256608331897	-0.782775930867	0.805838132118
0.0896224751615	0.0540690093792	-0.30088475509	0.0871410817047
-0.458843369589	0.784621266305	-0.587078770673	-0.265454033358
0.916232314117	0.492717444966	0.412904262358	1.66486036128
-0.289426773112	-0.328756515698	0.949811128261	0.768803376742
0.340325834966	-0.787440319783	0.891550190738	-0.0593454350627
-0.502799379596	-0.0986000321824	-0.157180918643	0.342587135954
-0.762125339967	-0.875863364773	-0.202505254321	1.46672800992
0.365425220849	0.127787378553	-0.970863229763	0.998743666903
-0.12543045776	0.509209179231	-0.589499922779	-0.00080615359147
-0.992043625619	0.523729338045	-0.177553069915	0.403123544635
0.413963395121	0.969476670462	0.139521608447	0.727422770134
0.603670327852	-0.661910052846	-0.315067656118	0.272656482962
-0.107992791913	-0.705860568173	0.509325803731	-0.0122099302977
0.236826847836	-0.701074088318	-0.441985896149	0.395270181007
-0.545215601178	0.480493461569	0.522813835542	0.559830456486
-0.693395443273	-0.380835225655	0.496502233887	0.802295578832
0.922593545498	0.249185602566	-0.856271571055	1.60090633476
0.183826107285	0.0162466005388	0.395015950939	0.199233854911
-0.212850263212	-0.369815447975	-0.813759110177	1.08716512926
-0.914083354744	-0.0347811735914	0.91274062949	1.6686905377
-0.284495461587	-0.167799906887	0.179517221968	0.13077943948
-0.0475978330535	0.161846363831	-0.953226356561	0.74892628463
0.0290980993227	0.445932905813	-0.71584868364	0.20704135362
-0.0929712248173	0.803263613913	-0.662458076978	-0.159314518618
0.177241930381	-0.456434398142	0.432992296014	-0.0596348615575
0.434519507209	0.238792096788	-0.0358332058585	0.285294358648
-0.190236835265	0.0671268650617	-0.598617777931	0.341579960373
0.728648950218	-0.827771827669	-0.938574986857	1.58562315763
0.517498434758	0.841837927606	-0.643150232046	0.575668402329
0.22037472057	-0.847534010799	0.972339417006	-0.0168568374268
0.967233430344	0.345720762227	0.765335633921	2.12026423883
0.240134061738	-0.487074075113	0.797853692417	0.188657956777
0.706721593663	0.514931018459	0.299410074566	1.10719020833
-0.4535675515	-0.913503149941	-0.45467162133	1.2421291523
0.603516475222	-0.400567912205	0.140501788377	0.0859430459095
0.275844244152	0.836609787229	-0.724542979463	0.225666822643
-0.948488294943	0.558938820459	-0.0894226144853	0.327497750168
-0.410683509635	0.738099527715	-0.839780967944	-0.0490742211182
-0.32846466085	-0.229230029672	-0.0520292602203	0.197816710164
-0.488238430985	0.437172680802	-0.146278622175	-0.0176193203487
0.83445837926	0.343353751143	0.444141680458	1.33259474575
-0.696696961388	-0.745158579152	-0.1903877284	1.18265291016
-0.762493919951	0.846295000828	0.71666278969	1.05621587567
-0.127782735325	0.520472697581	0.864303150949	1.14668713173
0.0688343915458	-0.444347683649	-0.38024916391	0.287704032868
0.95414271187	-0.786135556427	-0.71571596625	1.23520191663
0.3226390994	0.555160439476	0.890745072933	1.57114566378
-0.971397561837	-0.0938650151462	0.464379167184	1.20685252335
0.024885650161	-0.955207168044	-0.571747970327	0.849881845313
-0.708606605529	-0.381252588446	0.846783758252	1.1664856575
-0.132596862055	-0.604256742487	0.734857174254	0.193677140001
0.953117682232	0.588261468293	0.61663420473	2.21209560851
-0.687203411762	-0.623634433995	-0.853622202032	2.16183130248
-0.836927013245	0.0324499298062	-0.512987186232	0.919798057721
-0.381691314917	0.397598395645	0.233580665857	0.141359630901
-0.454494274711	0.117242895483	0.878757689343	1.0285219935
0.975189799486	0.890628636132	-0.352722430641	1.62979552185
0.992164276209	-0.188203329931	0.0728468717745	0.789257973248
0.232357052615	-0.146152506535	-0.253405470184	0.121280411206
0.914604508868	0.883201748436	0.273986242856	1.96133529901
0.019141206517	0.745004839093	-0.663481355953	-0.0394626338673
-0.628469835831	0.778679535673	-0.741654581547	-0.121861992259
-0.806831337415	0.941600611157	-0.0803517384084	-0.177938917504
-0.179457271783	-0.986204026003	0.0237074511385	0.186368055803
-0.331640952342	-0.41143622602	0.394527437017	0.239763841907
0.0305802301757	0.834077481938	-0.0416867361673	-0.00659075210077
0.161563866756	-0.315723683089	-0.609143494617	0.538470168659
-0.0370533367468	0.587370330573	0.751857871996	0.98651818561
-0.0479722026899	0.299108746147	0.656697237778	0.61562757633
0.163230511917	-0.0959070730129	-0.58878221323	0.414122112726
0.431383341497	-0.546871219994	0.120868705253	-0.101309919319
0.24550864626	0.330824004621	0.434135380322	0.473590582426
0.873230912904	-0.316043220862	-0.617326005051	1.06274661245
-0.325663702689	0.388047230169	-0.363744210959	-0.0291561330926
-0.877867664304	-0.0868019428112	-0.63098762206	1.2997685855
-0.642393792121	0.207485985801	-0.883682995878	0.876925874592
0.320417673537	0.30665793744	-0.807653181769	0.605556511535
-0.228220800798	0.571112437242	-0.55046088924	-0.0896228733333
-0.0985015246998	0.575967244595	-0.546883282225	-0.0629366342031
-0.465308422265	0.661849899047	-0.89957832993	0.12240294036
-0.917421976357	-0.950222296788	-0.231593523779	1.98711879054
0.216119397038	-0.643456526064	0.794210390957	0.0273744433182
-0.688318478324	-0.766750780892	-0.974170874444	2.69750622967
-0.435363186859	-0.14131999648	0.209371406135	0.265314647835
-0.380176512639	0.108117670568	-0.739995807233	0.571017553625
-0.64793844177	0.614549664272	0.978294723112	1.57990513138
0.700908029988	0.794241950472	0.399498557868	1.52486023889
-0.23495043635	0.847709312398	-0.927000156403	-0.07046534051
-0.180796267141	-0.985955070424	-0.61326712862	1.19169469255
0.710944332699	-0.834550136686	-0.429154423153	0.45444755558
-0.813729173476	0.0174977832998	0.187927350504	0.686521712146
-0.421445361464	-0.26724145588	0.380926335725	0.333549429378
0.0500273519234	0.0981610777175	0.72254225883	0.600406317338
0.0492030521736	-0.13419031694	0.89926780525	0.683827920936
-0.838454996979	0.414609249303	0.393654690024	0.67355247558
-0.454062521181	0.565665290852	0.034149037352	-0.0301915530695
-0.0959532689959	-0.569440555762	-0.821654754157	1.20684678753
-0.605892704329	-0.185578486685	0.132405150049	0.472506196706
0.900821549956	0.379829938555	0.57779736826	1.70695299648
-0.494423113109	0.637661984912	-0.601247405474	-0.0927147803227
0.338636968767	-0.102187611872	-0.243222070749	0.164081751749
0.69351583838	0.780943735459	0.764191032368	2.20333920088
0.752980393206	-0.742040752182	-0.488935331881	0.610105035399
0.338437686757	0.337533137685	-0.948199996917	0.80780831618
-0.151382130061	-0.435368102859	-0.523197099194	0.590342033175
-0.237319884467	-0.0690794960724	-0.0317475984165	0.0759156836958
0.347814983374	-0.859165999349	0.49755575206	-0.357776803662
-0.842775519524	-0.691317719248	-0.22582477908	1.50000972837
-0.153037266627	0.399706998423	0.409852039875	0.294049761732
-0.825152210488	-0.508909619464	0.517267161732	1.10512715008
0.543824132578	-0.747376099365	0.16229904997	-0.205653921049
-0.674668695105	0.991013173078	0.164588985121	-0.0232283297355
-0.101689301008	0.711409725421	0.709195646821	0.945485102077
-0.74719434502	-0.483887026228	-0.137731163912	1.00547323569
0.617887428211	-0.01706530257	0.830877631776	1.04741889883
0.171817093151	0.806129450382	0.229593561054	0.405823266828
0.824862507593	0.895959804919	-0.110059805093	1.33294580702
0.459042215659	-0.735222150503	0.701395327321	-0.150504224929
0.921249430579	0.12920547243	0.3220358871	1.11304689276
0.233404556711	0.670368790332	-0.856842151826	0.370723053754
0.63472962128	0.124081111115	0.171531650156	0.532346593545
-0.730205742031	0.498611737138	0.630031132041	0.880191416731
-0.726151933749	-0.963786921651	0.94125146975	1.20594084054
-0.777005799748	-0.404546240552	-0.216116141661	1.05220794734
-0.959922629603	-0.0033561512951	5.18062010453e-05	0.924672929214
0.381452830926	0.978858679863	-0.11671339275	0.418270775229
0.870377917092	0.0827298474107	0.829091967615	1.58554809357
0.0972512042263	0.0311434550367	-0.787481070581	0.608088090439
0.369921897737	-0.322193549484	0.607025142149	0.190555699188
0.490276583229	0.221287008281	-0.596423255645	0.572602948359
-0.0529730045224	0.944419623449	-0.403154585892	-0.26543608785
0.909123592062	0.458280734935	-0.0816790310822	1.21237907129
-0.821856344053	-0.77606260805	0.238337852929	1.18509966447
-0.341450876599	0.527278852145	0.977132113896	1.40655714227
-0.549216864806	0.425716622087	0.748286982838	0.94632003148
0.470718587745	0.90152951161	-0.510663758487	0.446341712811
-0.786332188442	-0.465694535214	0.993877132249	1.50945751844
0.614772712735	0.356186497609	-0.230181282304	0.567915185661
-0.904417650899	-0.854939143113	-0.367939032315	2.04113795124
-0.362446247869	-0.256644590342	-0.381747014834	0.468091240971
-0.838896908794	-0.721694594644	0.104573054948	1.24464110344
0.192954665402	0.422059487498	-0.579677134419	0.210037195991
-0.734291852015	-0.248630404888	-0.872176439311	1.69929312694
0.967719053787	0.529713813483	-0.995100668387	1.9122010878
-0.989070550022	0.348455037946	0.593147395236	1.19212296747
0.240794198274	-0.203741650862	-0.874297779994	0.951449519591
-0.00882719845032	0.0312946350581	-0.662597441809	0.418101300238
0.141599714791	-0.77313684849	0.958641738349	0.0884072520741
-0.876598981338	0.054970839794	-0.533977963176	0.976017640007
-0.75275511264	0.243080511249	-0.517696196407	0.525827657659
-0.985113967477	-0.318005923482	-0.660919347509	1.93071225724
-0.646681574986	0.182901773679	-0.488201808017	0.448965881108
-0.21945162069	-0.894861049694	-0.310274686567	0.61846083431
-0.63260591676	-0.854791368107	0.659694909964	0.812232182591
-0.684447118203	-0.778708369528	-0.742213172131	2.13030055906
0.782645805438	-0.475443127186	-0.787500408639	1.2349994381
-0.208312781196	-0.872161428836	-0.455781920975	0.830329158625
0.92513854283	0.933234713576	0.206163352077	1.95415485103
0.874063093278	0.486446322617	-0.290887821576	1.13228548213
0.363564752765	-0.598215840512	0.401314042859	-0.164330321165
0.706350161789	-0.389627621312	0.415632905179	0.234525669391
0.35872738125	0.788218439345	-0.555249151611	0.282084871293
0.866778554714	-0.695571156754	-0.726816189861	1.18221305273
-0.675288591175	-0.169410786602	-0.440162881266	0.838727554779
-0.752837790528	-0.929309360735	-0.622477690418	2.23233676432
-0.791843036559	0.943744142929	-0.586669228173	-0.329766697965
0.762467541023	0.7923523784	-0.0559324388648	1.14430995745
-0.685005908371	-0.555805975556	-0.00835150369043	0.854675034936
0.522718268695	-0.489244960218	-0.748404082092	0.943758705317
-0.274398019337	-0.394396728579	-0.496145679665	0.625354722581
-0.0439602940935	0.0901472655424	0.985869518699	1.05878175634
-0.818645327922	0.312551941711	0.436341551711	0.7410843351
-0.418161466413	0.267826685379	-0.426891440294	0.130767594816
0.176152070947	0.709121831366	-0.195749890365	0.0554503300804
-0.0450411701228	0.308462059901	-0.193088728444	-0.0341420749777
-0.00922308807289	-0.759017481487	0.991309264681	0.237358547223
0.252423905711	0.765001382693	0.104564882294	0.347748559213
0.5513956547	0.756543388136	-0.589819276241	0.622854809823
0.282330408021	-0.213048788901	0.952293891462	0.723538903257
-0.687482866197	-0.757236256679	-0.69488320706	2.00227307344
-0.747931308271	-0.594978981222	0.671304897881	1.0556426114
0.807675851279	0.349041314575	0.148953802141	1.0084307877
-0.0715845757919	0.233002704775	-0.299942629774	0.00852308885251
-0.789939722849	0.870568042584	-0.504537218894	-0.24836768636
0.815679064918	-0.164538524994	0.561643149304	0.754152798536
0.464103173583	-0.238229817293	0.94654615618	0.775282649415
-0.505498096061	0.428898254932	-0.819249343799	0.358515947255
0.273491730759	0.915769508513	0.61096885254	1.25804269923
0.80766658246	0.925454938461	-0.48975433465	1.18639807646
-0.414179139553	-0.30320892967	-0.691465952196	0.984910987551
0.858884417963	0.051972953324	-0.847283103601	1.45617405564
-0.477592038312	0.710769327873	-0.373532378807	-0.237332536816
-0.879757853373	-0.643639786185	0.0994017641567	1.2861228177
0.186202902209	-0.798162461723	-0.890615837033	1.39010405209
-0.428446119424	-0.107984034199	0.971603017752	1.06892622827
0.28259613537	0.0969673074528	0.50810499728	0.41470342382
0.94244058141	-0.751545457382	-0.606259767442	1.00308999151
-0.0042116226215	0.293696793867	-0.0679891144276	-0.0165648675404
-0.529962590075	0.536149985088	0.993235555565	1.51576100926
-0.218222895362	0.789546176608	-0.494518342363	-0.270572496163
0.848028610571	0.491133790558	0.940470777277	2.48203029102
0.963616901763	-0.383093282722	-0.879950896103	1.67081922815
-0.0604192500165	-0.0976818778135	0.622303318378	0.336026014926
-0.674202688263	0.231760665602	-0.815805117898	0.774762054342
0.755730731825	0.00207015414627	0.136095065639	0.591497022788
-0.556599617667	-0.351346001317	0.0666214815215	0.486393415055
-0.80472108468	0.509338076994	-0.830300853454	0.504196601562
-0.752844304127	-0.889787451499	-0.747862085348	2.4613819587
-0.126471026004	-0.361637581489	-0.716500945001	0.834218869462
0.197047104343	-0.15893735294	-0.746426996378	0.683297808051
-0.506870505165	0.716484166336	0.309434115307	0.21120713353
0.137987297445	0.0511524930395	-0.701612493091	0.482469750821
0.379064996065	-0.194367696042	-0.452309418036	0.362510430432
0.804603920093	0.787599894784	-0.278726755786	1.1392568719
-0.440850363781	0.00861100618757	-0.146857393636	0.210855382176
0.370556841501	0.895282838673	0.649788532457	1.47303521252
-0.937958841221	0.500164921793	-0.455897592346	0.390451308447
-0.212803518396	0.00844490248582	0.976706266318	1.00569155232
-0.00059228987085	0.204582449558	0.354452134987	0.198030180718
0.444673201139	0.755997174108	0.30333816652	0.855242779231
0.735722991158	0.786688976986	-0.103165135509	1.04955765725
0.482533538593	0.0657162167925	0.29085193442	0.368257431031
-0.331292320123	0.541240571694	0.484881753425	0.427993748864
-0.46908640962	-0.0785544282509	0.743677760942	0.751528305204
0.793177410391	0.204402344305	-0.925571763347	1.45875177734
0.668061986439	-0.504505183443	-0.0584710099053	0.142183869283
0.348475617126	-0.00286744981975	0.898597702419	0.92533716636
-0.114265582779	0.823326546822	-0.877283338188	-0.0336858702346
-0.256782473155	0.521335173676	-0.314025183227	-0.133033054455
-0.425683306756	0.393495735151	-0.755835383722	0.287570839233
-0.163883501486	0.924937350957	0.937045967076	1.62003978926
-0.235560765694	0.0223832571741	-0.152911539846	0.0701755378323
0.985423777606	-0.669696045891	-0.322630751092	0.631280753922
-0.509478456692	0.705062042919	-0.519793789823	-0.195946911076
-0.425396620425	0.648812863745	0.705528708161	0.860486344779
-0.56803610068	0.793491899446	0.806324275208	1.16190358469
0.045192611547	0.901403099168	-0.905909454043	0.0468614817312
-0.897484844155	0.0698508005647	-0.508339266723	0.965689915983
-0.0206329796591	0.481381083262	0.0257334770417	0.00354321464547
0.180747566181	0.485764795667	-0.53693570459	0.147945975271
0.00474855632747	0.926921257599	0.274188321879	0.33375430658
0.666573438195	0.590634315823	-0.244295878216	0.753412242345
0.800797602045	0.0642376809227	0.71104321445	1.24397640023
0.342177954381	-0.212422642087	0.708832299152	0.396270605869
-0.0857474530194	-0.794398414236	-0.919480085938	1.65134741703
0.886339613737	-0.822683752354	-0.0296121989656	0.0816590688784
0.421076176638	0.69871515865	-0.798357679504	0.551067825824
0.301861862852	-0.297856089631	-0.420415102761	0.303181247327
-0.992521796602	-0.893265974596	-0.315523924499	2.25308759954
-0.776725478333	-0.619736474365	-0.393059116192	1.48275611789
-0.6739018091	-0.590363665581	0.843226913089	1.0652118862
0.365161075064	0.642011373065	-0.272761278505	0.267063046054
-0.40830184868	-0.611649556572	0.543250097088	0.379290031323
0.230875958217	0.660856986101	0.328513252475	0.53090093297
0.276318458728	0.82105029489	-0.0565924368662	0.259960709588
0.503624570776	0.845164230427	0.619053949279	1.58571322783
0.702428192178	0.836941099219	-0.00054040730131	1.08084439141
-0.165778190179	0.0332684133558	0.690398496547	0.52158577758
-0.575568696766	-0.124943482544	0.797000133045	0.938822121977
-0.118484604666	0.0803471021353	0.920007402985	0.924852257231
0.228969661046	0.657411048812	-0.887263396654	0.406893865569
-0.855037429867	0.19414391991	0.421845018366	0.824940553149
0.859635338692	-0.203867935934	-0.213794232768	0.653014596288
0.5947504803	-0.211278099096	0.751483531015	0.634025868354
0.335847976939	0.32999340986	-0.777032108099	0.570984904813
0.91386068993	-0.928531809429	-0.0172658594012	0.00292265018404
-0.315642800703	0.548990338344	-0.889809596559	0.229609776334
-0.718966519028	0.182954945224	-0.0977614338144	0.377045735549
0.915428454231	0.717130774695	-0.199947465059	1.39108167964
0.554376611959	-0.717358350859	-0.892361985416	1.34609997102
0.269125678124	-0.36933827994	-0.759451150387	0.830290646987
0.497244287951	-0.843281047252	0.218874039864	-0.30873128621
-0.730788179612	-0.0659141104459	-0.141754605261	0.611658613064
0.46263325938	0.864481799819	0.754793769703	1.83618667672
-0.231302220611	0.0923133166157	-0.61193220873	0.350119978484
-0.453847237866	0.765895038811	-0.367881752642	-0.288043857831
-0.0524106366171	-0.661963770062	0.829817727245	0.176729006695
-0.547543413714	0.00672187659342	0.515974748981	0.565821530819
0.648805619932	-0.668834357031	-0.0749946648065	0.0427884509763
0.473459406001	0.055785840311	-0.698838547882	0.699966160318
0.559675909246	0.227687110037	0.691842738358	1.07683816204
0.988429243344	-0.945517657525	-0.652648947238	1.08545681841
0.85010093076	0.119885851295	-0.45267216387	0.975229766469
0.185986541317	-0.217710584908	0.793232116073	0.450621916867
0.854081022131	-0.0462458744665	-0.12341761107	0.710896130701
0.996492030254	-0.0936336135396	0.898937424043	1.62360894969
0.887039232812	0.128929111391	-0.630125987006	1.21702095654
0.502125997856	-0.747355633227	0.135086526074	-0.205845482072
-0.427508846228	0.867173309773	0.240636211643	0.0786186389185
-0.499911830685	0.644378518001	0.877063583721	1.26218085603
0.149205160946	0.899624311775	0.802441661547	1.52229941798
-0.310635555451	-0.224201440758	0.556442495376	0.351012428891
0.874782066643	0.501859894921	-0.474073944523	1.19108910506
-0.593225245312	0.172054023786	0.897284058191	1.20934941498
0.102285414652	0.832246488198	0.0806887214668	0.169252558038
0.0463932317681	-0.236811133273	0.469683045536	0.100541887134
0.141522177005	0.410968624659	0.901923296611	1.26231751075
-0.799763415824	0.0647176513325	-0.410109932307	0.729511516367
0.0788812944611	0.920962731509	0.694362367146	1.20048995024
0.866457634785	0.404970356946	0.42310480908	1.45200107554
-0.220953201331	-0.305319084861	0.0847805172717	0.0975841725671
-0.430763265872	0.791502818296	-0.0402341436268	-0.18561999949
-0.415077799754	0.65025095942	0.666786252993	0.780567150242
0.4386285454	-0.65471528899	-0.33085830564	0.231303395582
0.0365887628069	0.120053033185	-0.542283237134	0.234699691332
-0.0953567935281	-0.952251410595	0.244992397986	-0.0733765222776
-0.425478208534	-0.312263539609	0.674452965158	0.558172769371
-0.417488458585	-0.973414460027	-0.96061777226	2.43855164999
-0.392880673487	0.246045630367	-0.781077752184	0.475590337687
-0.319697456306	-0.162025585458	-0.225174800906	0.241193401007
0.458462288306	-0.445456798508	-0.462320735945	0.425646904416
0.167064726758	0.899250691765	-0.489637075645	-0.0224183191082
0.00889633618861	0.0797091749365	0.255629140746	0.0865105099123
-0.276223387078	-0.299023881398	-0.0824225365151	0.190336530215
0.115991601365	0.165749946417	0.52072223112	0.390140977187
0.721592855475	-0.856354592573	-0.729347490096	1.05928472735
-0.424436717407	-0.621072875201	0.0553672699728	0.412431084534
-0.113440693724	0.714240400102	0.507074252601	0.551142079229
0.430595615541	-0.728659033087	-0.480328700222	0.452366705775
0.692499033221	-0.935587556475	0.619381498896	-0.364190749244
-0.337657063265	0.809272237497	0.965711598409	1.5548782826
0.416566901738	0.0908567243234	0.190344746532	0.264901110471
-0.218287896192	-0.896768020613	-0.574994506758	1.08965857871
-0.458128994015	0.657027214654	0.601224915154	0.665371488254
-0.506934153463	-0.59655516539	0.021006363688	0.547306236259
0.0289705159813	-0.270670335242	-0.652023797265	0.594616363515
0.661566395802	0.122033161718	0.367753148927	0.698523593061
0.180934019811	0.764867452644	-0.888046657451	0.280516543451
0.489346184795	-0.778720325348	-0.442350325604	0.398536868376
-0.324853621235	-0.755547956112	0.228084905964	0.230666004596
0.398646838952	0.757999000772	0.372291970627	0.881891460918
0.192816807707	0.902236648242	-0.768095005648	0.108111185918
-0.175238183094	-0.192583914155	0.722286863841	0.44705395832
-0.261259147505	-0.788597880213	-0.765945816534	1.46498099321
0.297883426156	0.454359438124	0.199485162727	0.354512978312
-0.647321445314	0.0885223491448	0.901481720012	1.25419320965
0.404634199132	0.181371158208	-0.943614919902	0.956382394592
0.559630286335	-0.664446104482	-0.351184049655	0.298015004159
-0.816756776306	-0.375275805224	0.99994664599	1.59823820061
0.186725494226	0.209631074109	0.00988166082556	0.0761790265056
-0.832612965041	0.883605917109	0.556584636747	0.759130543247
-0.343995600657	-0.0423943545172	-0.0433007125427	0.136627102183
-0.916777745517	0.853499841663	0.198993869738	0.267451570543
-0.0745027946221	-0.307636143705	-0.152474011784	0.0986252601096
0.271185508707	0.507541856037	-0.206242722768	0.149038822939
0.0841082243763	-0.810017651252	0.958472652154	0.0812351054883
0.300611482539	0.140591772017	0.920804270412	1.10996877292
0.0894534951717	0.751480070502	0.104575482685	0.164746869337
0.777510011242	0.723395885966	0.87104450839	2.55579791047
0.0578161614938	-0.942903254848	0.972029572195	-0.0228606965349
0.669449807755	-0.325842129165	0.884528406889	0.724201977561
-0.41035196906	0.5297489243	-0.971191263521	0.379730167518
-0.835728003011	-0.531415825906	0.272054373246	1.07199996452
-0.666242288075	0.347440715904	-0.954528315697	0.791881392996
-0.237520993809	-0.117260230462	-0.590413786259	0.502088484623
-0.242182649471	-0.408835152159	-0.299813384455	0.370127532202
0.566499608019	-0.761085468731	0.264395902258	-0.241555499889
0.339070880308	-0.731517592946	0.341764300631	-0.266271013695
0.173997443057	0.918739962177	-0.0289536938944	0.164370915201
-0.740020414219	-0.632232928949	0.717089843913	1.07634551933
-0.427870595142	0.121394353358	-0.669142960133	0.497654296116
0.137884483718	0.864498066333	0.472819847464	0.770523452415
0.537269008903	-0.591869693062	-0.615282179202	0.71340377913
0.169819659611	0.491937392961	-0.0758082808607	0.0808333248086
