0.847880889438	0.797089324949	-0.977199591355	1.5707424872
0.358234500465	-0.825311357571	-0.715039440057	0.934088527243
0.072384832573	0.410370269085	0.534537106614	0.540032201833
0.0556421642538	-0.616312361744	0.610598265159	-0.0346859206831
0.869012762254	-0.711229142463	-0.170929855982	0.28790328983
0.42202145142	-0.620339437836	-0.764065597552	0.974081816147
-0.324007826797	0.084884050097	-0.09682440362	0.0786340928331
-0.824257867927	0.992893705965	0.430004184243	0.472852630223
0.0690933376195	-0.591870090253	-0.68151713562	0.831714824043
-0.860330220283	0.902691295144	-0.57167851092	-0.225677408447
0.564230658498	-0.786425411901	-0.261155580815	0.148212530576
0.0191975660472	0.254193900007	-0.216504025237	-0.00291155887213
0.701620457575	0.553930457052	0.534435631621	1.46258182526
-0.238514935493	0.924155842929	0.239306226741	0.114888121041
0.371909249994	-0.435480668494	-0.479920383915	0.415676825933
0.784674168688	0.349391543841	0.391010825804	1.1793774122
-0.356106782519	0.900035395207	-0.473510487252	-0.395660685175
-0.538459974402	-0.599395926466	-0.838808772671	1.81906857779
0.713054877408	0.0918746457084	0.975897452549	1.61599499302
0.652787592208	0.913606328527	-0.493714378176	0.815215822797
0.834541113627	0.522464918864	-0.244777629801	1.06450568911
0.288580778037	0.51584215829	0.0947230166926	0.289975572098
0.628974769482	0.0397897026143	-0.824401120949	1.06747051246
0.232883701161	-0.83452637957	0.522514171137	-0.303143574198
0.439793446057	0.421542889471	0.107492574396	0.435677459174
-0.585940440097	-0.613722340826	0.4031357695	0.618035958344
0.790311231945	-0.757923690204	0.532597015438	-0.0944120764663
0.64616749377	0.0923853991366	-0.270513910043	0.525415111802
0.979951100761	-0.0243444159496	0.508851572525	1.1829900512
0.74312243528	0.902794602583	0.171910841187	1.40787139431
-0.202366665496	0.0864443133777	0.458476193343	0.273291899451
-0.233213452319	-0.456272705659	-0.43629666241	0.550222483487
0.401532216791	-0.903968786579	-0.0372846426181	-0.166650171943
-0.216059201941	-0.601006489099	-0.815160007867	1.33093685395
0.922779713354	-0.894842194363	-0.143711626876	0.175032435015
-0.580912678882	0.4378623163	0.565331462906	0.650236776119
0.231230762547	-0.935374760433	-0.260463461423	0.148652408992
0.480682514248	0.125535195299	0.919648124708	1.25259913303
-0.478241819316	-0.838149600294	0.994277110332	0.78478743697
0.813245452506	0.160843140944	-0.0683308304674	0.785851675958
0.169409518782	-0.134600758929	0.453185345976	0.15027480156
-0.0775437983658	-0.0109262084904	-0.519103771716	0.28200086222
-0.143612068018	0.945917937674	-0.264303275401	-0.295373792925
0.163544281437	0.592187459884	-0.971953654974	0.492710745946
-0.214033549712	-0.881323858326	-0.394475735673	0.737715217661
0.62734327977	-0.539395813282	-0.033727371743	0.0745031907898
0.579364333151	-0.0408104744108	-0.146274186319	0.339384553756
0.392330239121	-0.839357394377	0.974958234874	-0.0431771146174
-0.0134804843577	0.0207122583846	-0.916546976086	0.820977113765
-0.603546638758	0.0232781104253	-0.583121790323	0.676676168776
0.695514440664	-0.330040306205	0.431608816011	0.298030402467
0.0206643747148	-0.667997929967	-0.516097636607	0.597732180274
0.742666221998	-0.814515299579	-0.923979095951	1.5529725969
-0.953297045992	-0.023886512551	0.081241861525	0.93620585507
-0.202380701995	-0.0381373339035	0.519347833659	0.29859183953
-0.292590283857	-0.483247443292	-0.363343959713	0.53460645344
0.586416304336	0.695030939786	0.659965173749	1.6457118026
0.878226461795	0.664635430836	0.558182149935	2.03753708722
-0.661448587441	-0.698595835262	-0.78299454373	2.05967664505
-0.162582295252	0.466602596255	-0.317686887307	-0.0967368863872
0.455101217682	-0.969186550943	-0.648556866095	0.81523773954
0.410085215382	0.330407597701	-0.97118332437	0.925975855144
-0.63780441393	-0.878675210058	-0.429417785905	1.5289357959
-0.683052844345	0.393697262275	0.546095584198	0.71086187688
0.917079650619	-0.786858775071	-0.114076670666	0.222198631185
-0.540190333407	0.951520054856	-0.775672313854	-0.358596563519
0.362665894249	0.724061352096	-0.921527644185	0.576089555555
-0.801486605478	0.959997141507	-0.778799233566	-0.268160863283
-0.278767720766	0.575810032158	0.452728668897	0.38284314892
-0.928533128475	-0.579483438543	0.830021163286	1.60819495451
-0.704965503368	0.437765620761	0.939166549841	1.48153533577
0.0122363907796	0.529124372569	-0.16892686317	-0.0542227335313
0.193306692623	-0.0834080818429	0.67645394767	0.422412354061
-0.315441516817	-0.641674980986	0.31917409253	0.198980351425
-0.585288095638	-0.720073931996	0.832609482588	0.857711021824
-0.753689630439	0.162893006278	0.656039269549	0.982529021372
0.784655844829	0.20784051297	0.562276731508	1.21178707522
0.793174353211	-0.61755579626	-0.297559380624	0.411597240554
-0.912396365757	-0.0389633793692	-0.609180156731	1.26285335489
-0.720248302881	-0.332582310819	0.683081473521	0.997718947264
-0.906534523188	0.838740911144	-0.812718297411	0.040308195442
-0.732042898466	-0.974257963501	0.964676168315	1.23984209918
0.068545947692	0.122574393416	0.775980477528	0.710361562745
-0.291505153019	0.068795486448	-0.603097966203	0.387157754311
0.7531530808	0.797349625272	0.910436747883	2.72259736152
0.753844270704	0.81093773123	-0.883538764787	1.24374777457
-0.316521937764	0.356161921385	-0.933345077185	0.526164132672
-0.469693780186	0.00915794117262	0.597841151463	0.579199855616
0.208848459766	0.0259056485335	0.0385576333381	0.0515135855284
0.23643688738	-0.031088182773	0.95750377018	0.93559842624
0.912282952929	0.872884266227	0.159296883839	1.79300086293
0.796393879343	-0.482363536674	0.792984998784	0.496410002583
0.296017178231	0.174419399187	-0.18039924551	0.140336067949
0.407838131284	0.836521057823	0.918782593131	2.12023956649
-0.635172495763	0.346194797114	0.832771311259	1.16535983807
-0.712952890075	0.256958593757	-0.0133301690599	0.321854843328
-0.884788329777	0.496199561568	0.756524951045	1.29153615777
0.252708944176	0.720225466468	-0.187211614974	0.146082843724
-0.558494537737	0.237024927137	0.19888897302	0.266237489496
-0.452194488475	-0.168779252806	-0.878948850665	1.20170031565
0.126575163338	-0.260250873488	0.57956801835	0.168145980026
-0.80384531661	0.958532648295	0.20992550705	0.120944483614
0.447269106002	0.818251166667	-0.941048144743	0.681585989383
-0.628258199343	-0.466083953595	0.222232016427	0.633337722763
-0.364537327376	0.515388321333	-0.712692489323	0.0856263804694
0.435962320181	-0.0796574907424	0.698326685742	0.587368688649
0.610470772802	0.261428152618	-0.323647899319	0.552406101122
-0.934574776055	0.853010805776	-0.187416023019	-0.0485154978693
-0.117500633888	0.690938665845	-0.644638949777	-0.0972259325915
0.171476112221	0.565374158921	0.487402112105	0.639477597857
-0.214124783683	-0.21813041148	-0.154703802466	0.150235420747
0.80249511338	0.234531757296	0.166910699632	0.899214037509
-0.714355697809	0.906606500185	-0.24263036414	-0.298436227754
-0.530202473808	-0.866699539362	-0.786280013217	2.0403456875
0.59169252706	0.926728557418	0.621076106553	1.85974290302
0.91687396802	0.704119726089	-0.323762959291	1.36310148805
-0.0603218066079	0.777512298153	-0.800464539523	-0.0248897708122
0.565993456844	0.82838766805	-0.518470469798	0.628527677661
0.705724891215	-0.44888173044	-0.10403884741	0.238785831327
0.764943323974	-0.25413691814	0.662100823504	0.660851187687
-0.860631469065	-0.596842397801	-0.342682803113	1.57630700461
-0.50932142249	-0.888296362409	0.293023535183	0.53740773007
-0.57648734484	0.156356902356	0.125422980178	0.277541555896
0.366621795293	0.625336682892	0.0850180784285	0.424066594938
-0.38118241558	-0.0936899670461	0.423775062247	0.320894833668
0.555848807953	-0.431842395091	0.723974288718	0.280424796668
0.978002422368	0.689257194631	0.990472403585	3.29430975666
0.0829067010497	-0.665110464451	-0.854159592038	1.24943049828
-0.109439667571	0.347991821593	0.883083313746	1.06103484155
-0.313856054293	0.993414870633	0.812195804669	1.25322576659
0.603139620019	0.292529420918	-0.178066868782	0.519831496762
-0.431959884655	0.246790832778	-0.354715065362	0.118267953505
0.28585718512	-0.443367444076	0.291543035395	-0.0892887882066
0.0297524126903	0.768574950639	0.135623377584	0.146382596455
0.258460361532	-0.200708952922	-0.60254326854	0.498920668931
0.402939790705	0.588868515759	-0.792121452275	0.560640042678
0.820740208224	-0.326004507229	-0.568723161363	0.91490183049
0.661073008365	-0.594836903229	-0.0196772074918	0.0558788229479
0.556743752565	0.45544066544	0.486236438895	1.02140507297
0.411941544153	-0.13396042166	0.554988640659	0.348177851787
0.336864962417	-0.654508800686	0.185284425214	-0.193943048346
-0.0118557206274	-0.685882323123	-0.677399321703	0.931758248814
0.917926749617	0.299054376892	-0.23312651732	1.10172999751
-0.402700728495	-0.885475825386	0.693642924143	0.385686102113
-0.844497096535	0.95666658586	-0.136372135269	-0.206592113831
-0.985606097311	0.248117803025	0.991447705839	1.95583733954
-0.565349301804	-0.113182966478	0.327193502016	0.453630600716
-0.843557938108	-0.0182316772303	-0.0233426986969	0.727939929129
0.18680369145	-0.240372035264	-0.00936587688656	-0.00766774983021
-0.771145288338	0.0278212812709	-0.65024617921	0.977940217488
0.650585828428	0.932026089223	-0.267800741429	0.85174484491
0.990062700151	0.543867089712	0.729403878738	2.44741545267
-0.536594569377	0.0353167884617	0.876772383533	1.06867753231
-0.555552145598	-0.377506700834	-0.412359992726	0.844072268116
0.858650194707	0.449013843556	-0.762395859332	1.36174713228
-0.839881470194	0.946922205604	-0.721497670548	-0.252544807154
0.67573411613	0.315716848273	0.958299447952	1.89084635447
-0.810767381405	-0.584519100623	0.403868071538	1.05829358461
-0.628187617658	-0.35777203798	0.251798607006	0.592683684884
-0.331402945469	0.992251072992	0.977025305816	1.70502584027
-0.872612375106	0.863492493801	0.34032051194	0.417640379681
-0.918442640992	0.144370340933	-0.97803583349	1.52629573245
-0.852540867828	-0.538502716695	-0.585768555244	1.8444842634
0.603260416303	-0.706142205561	-0.293216317051	0.230963714396
-0.13291211617	-0.300857477451	0.693157566861	0.329579010073
-0.770386902844	-0.519945924803	-0.0536111185756	1.02480454539
-0.250102567341	-0.539376990863	-0.429343787985	0.61336511306
0.206560129431	0.696652633409	0.372557675875	0.584910253045
0.887561463951	-0.147747715991	-0.27610635087	0.773658972893
-0.605148862694	-0.501093086397	0.596703842776	0.7264923631
-0.259949559168	0.361475712404	0.649207376923	0.629751238544
0.367486311939	-0.272568455868	0.239862441207	0.0270360683458
0.242073839776	0.376011357971	0.290483107506	0.343227640594
-0.678575909004	-0.566595606609	0.159929966955	0.779905370761
-0.207520238331	-0.947496410692	0.542022064249	0.019913288022
0.522268659728	0.539527949905	0.926007146672	1.91163906535
-0.649961988393	-0.37517430177	0.658130232219	0.852521473742
0.124683164411	0.604922604488	0.611377179767	0.834587487887
-0.778432853052	-0.152468465888	-0.924121129296	1.7195433621
-0.266933227388	0.6113717435	0.306617618085	0.189529626734
0.692961266362	0.83717334562	0.0402074532027	1.09560126583
0.905672978079	-0.105032802185	0.039506701506	0.72252945237
-0.252492685026	0.849728845754	0.650901696231	0.825965203377
0.331608805461	-0.225840644226	-0.623336953224	0.564397429943
-0.0891189759416	0.824624866563	-0.675681363906	-0.166185880792
0.568726352836	-0.63990598213	-0.861943343127	1.25402729732
-0.134907137267	-0.936397558261	-0.0565722465604	0.20070118224
0.372459802658	0.640648442632	0.519759808947	0.980475668253
0.667418954343	-0.953114675009	-0.834050168159	1.29990639883
-0.58949207386	-0.265941340537	0.96402949508	1.17724878865
-0.672756380266	0.570211742028	0.410702507332	0.471851501327
-0.348924152351	-0.515817040786	-0.0950993936393	0.359826870297
-0.0872282261801	-0.847770632958	0.431977641072	-0.0980549838461
0.119057731553	-0.269609170269	0.672419475856	0.252933181777
0.610758176342	-0.339589417261	-0.652410856124	0.812810284412
-0.698963155835	0.0247388269561	-0.721444604388	0.973892588629
-0.0254608935477	0.0342240124422	0.471681585815	0.238403238022
-0.879710961414	-0.0607237959404	-0.745846850961	1.42888894161
0.670997265157	-0.776311582616	-0.941137059233	1.54568894518
0.110307570863	-0.907549159877	0.603090669964	-0.271557857733
0.223170988586	-0.776275320339	-0.205248238613	0.0780191411238
-0.0991238492128	0.0392081862192	-0.660692202526	0.416548714713
-0.518996677488	0.23482307064	-0.00158189751192	0.147116194152
0.290657404068	-0.421853918642	0.556810832878	0.0370122334693
-0.818274353451	0.0957144384062	0.816195481348	1.33554900321
0.528744431194	-0.185840802449	0.556156778978	0.387262124846
0.367218237678	0.59749719378	0.875446417508	1.64374430829
-0.65315357161	0.814835435672	-0.545393624724	-0.252554932902
-0.539208673094	0.324358588768	-0.954224553835	0.716882598376
-0.804073838374	0.564373892981	0.27308105879	0.421429540069
0.744424665031	-0.613519528836	0.145095896172	0.0294826653925
0.762830856252	0.738279886244	0.645573174213	2.03847200591
0.897975395436	-0.176804563425	0.978369759161	1.43182081055
-0.0413416222622	0.622621899709	-0.757180816018	0.0778543603946
0.0369773560341	0.440877169635	0.110401177191	0.0785315753779
-0.329124460758	0.28882621359	0.210659143289	0.118484296235
0.543564332603	-0.969594078944	-0.803127123319	1.19214590488
-0.0194546506725	-0.676163666593	0.575482554939	-0.0444072120047
-0.403380841093	-0.990123090899	-0.729984886667	1.81776561521
0.749881412094	-0.787587339989	0.759201249652	-0.0498257297113
0.747612670587	0.848143809557	0.580850987627	2.02304080299
0.0730248894612	-0.734718157196	0.580532093245	-0.137830036189
0.540330691219	0.351069227686	-0.399222248472	0.500874491564
-0.598146838368	-0.495012549116	-0.738965036837	1.56573612372
-0.609316440596	-0.11745990279	-0.402499297134	0.652119987169
-0.650940401854	0.969121781314	0.809934631127	1.23380228416
0.0854953677661	-0.21222923739	-0.152816660256	0.0449499361265
0.0578205019351	-0.0306833563936	-0.8183796717	0.696425005561
0.372764900254	-0.0470890385749	0.121643126161	0.130469522376
-0.910674323447	0.378382145086	0.993544269551	1.84781444691
0.987090621232	0.679365472957	-0.964857885641	1.92040278694
-0.276695174964	-0.03915404768	-0.560735136122	0.423772899059
0.581631577304	0.986458383639	0.756768758558	2.23127047762
-0.543812468944	0.845406669639	-0.223971252012	-0.303194355429
-0.443365561934	-0.439932832359	-0.434114715716	0.771060991795
0.552546793233	0.922646770431	-0.660029492782	0.641778324437
0.0295094103743	0.753579617358	0.456022609413	0.574714459283
0.310616962778	0.358002200901	-0.386921836923	0.21887409257
0.643806570659	-0.400313731504	0.535969555754	0.229469681615
0.893287457312	0.64595256608	0.297786631528	1.65601672339
-0.924166347206	-0.380538063856	0.988269107991	1.80636572664
0.784160223781	-0.764641161669	-0.273253551581	0.298914488677
-0.13599135171	-0.629089769568	-0.929562822782	1.55290991933
0.924838573615	-0.52502661213	-0.453350529866	0.813309319907
-0.634987830772	-0.527875079228	-0.353808478664	1.05035091499
0.0799605994398	0.878314651891	0.0306223112631	0.104458014129
0.257596846039	0.359900483663	-0.230378272958	0.129226261356
-0.339827902559	-0.427580454479	0.000452357842137	0.260593557635
0.549335746245	-0.653814687481	-0.466334440817	0.464970100226
-0.601373628243	-0.453105821084	0.111535555651	0.596038903001
0.526554299408	0.968680480583	0.028821373617	0.816071675653
0.594557190837	-0.375194707458	0.552026707229	0.22803952846
-0.286166411278	-0.413046385702	-0.621040166723	0.842300501755
0.435747999237	0.938255056768	0.348178410602	1.04662744261
0.460042478524	-0.406859099813	0.940610631065	0.526518978001
0.971002287483	-0.411528800539	-0.113682175415	0.602957161907
0.173653553149	0.469397613237	0.893513400099	1.32944737346
0.720225679128	0.837291472	-0.972718057252	1.25349573283
-0.242428661499	-0.00236728871361	0.51994921898	0.32846187495
0.788415112228	-0.406469363373	0.0678312359426	0.278161557728
-0.172561014466	0.282772829916	-0.374065356096	0.015131108634
-0.418484570128	-0.851415822802	-0.336248417632	0.930783941565
0.376461426222	-0.389530818066	0.854960229084	0.393003513973
-0.154659369846	0.589585393735	0.819290436628	1.08701310943
-0.752976653105	-0.234438691697	0.186091656885	0.73450372174
-0.33071672083	-0.688811585745	-0.284640642116	0.614259125551
0.784704028468	0.0890053010642	-0.536352907999	0.92553942046
0.270309384495	-0.0143735952977	0.345487265394	0.183577402065
0.155769548574	0.511340896132	-0.857517748719	0.400768288111
-0.257727186137	-0.0870457842889	0.542397174328	0.335838674807
0.638130812723	-0.548012737794	0.0124180914835	0.0508560570793
-0.203318415406	0.308777595729	0.579313310246	0.493041089107
0.721562084895	-0.00926790416857	-0.196785855584	0.554512939512
-0.325372217039	0.512062807403	0.263276113027	0.143384285962
-0.442563623799	-0.619694001468	-0.218747526394	0.653523594292
0.548432893125	-0.225230517476	-0.972213979238	1.34142709301
0.329441798349	-0.288376181326	0.975448173963	0.683731851322
0.12315393197	0.704705403229	0.758454317104	1.21169393875
0.287110292869	0.601368160691	0.719983012992	1.20644170826
-0.655931983378	0.0143320875668	0.0571266300562	0.424928087921
-0.964514073516	-0.282244065324	0.252010269968	1.19489654425
-0.80063917892	0.800911944008	0.352402706116	0.406212817291
-0.0553650051959	-0.651187207813	-0.654098556745	0.892903801681
-0.918715684013	0.0176509885255	0.137275030215	0.849089741958
0.0636815943109	-0.655819875196	0.724862454689	0.0123380638703
-0.802264672712	-0.867466406809	0.661124791998	1.20314870086
0.186731431927	0.823998726941	-0.270495661604	0.0390149119996
0.856302752442	-0.0413649435845	0.270072526292	0.759601123438
-0.101619862151	-0.0295645924013	0.69351821743	0.473794880675
-0.226173271959	0.898002301301	-0.658766434859	-0.30955032859
0.435366599836	0.4182882065	0.604757944709	0.990348078216
-0.486681315327	0.411638153729	-0.395981133112	0.0303222198277
0.689623951678	0.106662501498	0.781260762026	1.24283781599
0.813940601401	0.648345434534	-0.818333174081	1.32932058197
-0.828297006519	-0.158230791729	-0.597244461985	1.26834143358
-0.246587330799	0.300209826402	0.915112733001	1.09893452075
0.485695449456	-0.878953089511	0.114931690156	-0.278813716982
-0.73822741158	0.40669134102	0.239516191542	0.39952618236
0.583561560657	-0.126742224907	0.255517032625	0.299486361253
0.137974351706	-0.815789156974	0.691640414931	-0.179387345793
-0.261306180474	-0.0932377173359	-0.395699411267	0.286116645682
0.948155131093	-0.231746482151	-0.687208618015	1.31078040086
-0.591348757075	-0.155941091868	0.290530699602	0.481011336242
-0.203571419499	-0.0196066576316	0.704820572077	0.528385541136
0.968849931733	0.432266211498	-0.440331044209	1.36102247593
0.286386367507	0.33957460649	-0.293791367642	0.165815969188
0.800483730913	-0.40772034154	0.0924357492383	0.285257135778
-0.58048128612	0.0859090906451	-0.641084219992	0.643003918865
-0.604623795079	-0.432596502357	0.978976544681	1.16202131849
0.74839132368	-0.909939855826	-0.864019792687	1.41183472793
0.340337675093	-0.83694177496	0.981256026678	-0.0274038555563
-0.0219990839811	0.275278114077	-0.230241562229	-0.0159411927085
-0.689715783789	0.0339115625748	-0.366522293957	0.574227770708
-0.751828875849	0.14068201274	-0.67899894513	0.824994488309
-0.916447405376	-0.983734440091	-0.554215785039	2.59377301339
-0.845863738538	-0.673125134234	-0.0841654473577	1.3485953073
-0.737343948382	0.767108216457	-0.449439503458	-0.164719371577
-0.191752641512	0.0738643133029	-0.616282620115	0.356888373658
0.340134406939	-0.375320502914	0.102929093005	-0.0400050026513
-0.119569619724	0.709213069277	-0.678580198872	-0.0912903023267
0.571116289282	0.55491895523	0.206158093278	0.799999263606
-0.090812419894	0.390882963091	-0.885372108206	0.410556764729
-0.87766909671	-0.711512784461	0.851680916274	1.51415434909
-0.189912442238	-0.0307147678061	0.407413626629	0.195372100504
0.245018220398	0.764953683649	-0.791193492284	0.268222284413
-0.0782997304057	0.631238444575	-0.270674291831	-0.140890398954
0.680670656423	-0.284471783558	-0.753557540442	1.05189577117
0.0119164110803	-0.465474290435	-0.936896678227	1.30847192004
-0.80786357111	0.717492742374	-0.676649670052	0.0453708490164
0.330844983522	0.607886896892	-0.296328137706	0.218251106611
-0.44471046339	-0.31472890472	0.751054116407	0.665434479638
-0.467586929165	-0.719979386978	0.53866136374	0.457621473277
-0.225009717132	-0.0770406711644	-0.0955596329935	0.0844578941502
0.244166935004	0.77604175038	-0.452993415148	0.10276245914
-0.463660669002	0.958224243407	0.58281482852	0.668830744676
-0.573418200784	-0.4639974653	0.938294551076	1.03990339589
-0.394539221919	-0.46480495224	0.510402006313	0.362317809714
-0.398129362941	0.620678586638	0.276796059076	0.1598140644
0.502366784746	0.522562419759	0.759974553949	1.48958585358
0.591451548833	-0.0663653795498	0.198414218541	0.336763395291
0.735471391481	-0.459566130759	-0.284418188028	0.414523097892
0.577966590884	0.959840435403	-0.232153480132	0.719866025307
0.647873584517	0.278192517416	0.0481577987639	0.615690077811
0.300406135171	0.222390263515	-0.129105040052	0.145007653099
-0.0259643334727	-0.958744825347	0.593898836127	-0.19111429139
0.170924605371	-0.219141903509	0.761170262018	0.404334345011
0.350782387058	-0.186836543617	-0.0411981160711	0.0669039126885
0.183465908684	0.180367012142	-0.44458683168	0.184219589865
-0.559278329768	0.0994207681498	-0.0147547994818	0.255939139603
-0.432460268175	-0.00336141387033	-0.184572179886	0.223162874567
-0.408026897846	0.57921865872	0.25872221675	0.146943077681
-0.520842750488	-0.263893971378	-0.688949755522	1.06518588532
0.114421768678	-0.855802997616	-0.427601729738	0.46395592989
0.58573226869	0.909428678964	-0.656974423593	0.70990802502
0.747237487722	0.331792705766	0.0629371529753	0.831134984461
-0.104347677295	0.530972898539	-0.676093560927	0.0535977944855
0.383737547421	-0.389541668043	0.266542305609	-0.035011792664
0.425930710933	0.0621163409181	-0.767112427436	0.748685487026
-0.144597690554	0.484585476594	0.799888552458	0.97827462309
0.655614422188	0.575337102175	0.0245845630638	0.821778384399
0.249274416945	-0.782435049972	-0.85247549669	1.26081787437
0.989305366534	0.489520589495	-0.95241918576	1.90388395861
-0.981486450129	-0.811331481691	-0.7137801087	2.8482208244
-0.526185753505	-0.411507210328	0.979528977317	1.04979445924
0.350717812292	-0.659342798527	0.572900746363	-0.157762996193
0.63298001834	0.244998641485	-0.451726455028	0.649127370565
0.931071542677	0.841646905643	0.583372020994	2.4818438716
-0.701050419953	0.942713957633	0.981758752016	1.71994960114
-0.15829244499	-0.851049413512	-0.239446321125	0.420886382475
0.488542040096	0.746082194639	0.709046510258	1.63491977257
-0.851836556399	0.387647658936	0.217708131559	0.527203950011
-0.916963486343	0.248627152288	-0.146795651668	0.597891593431
-0.331891849727	-0.260248609184	-0.328752841467	0.390162492736
-0.666960878294	-0.611165819156	0.31701753406	0.759210340714
0.205707584111	0.725649739783	-0.482111435202	0.0741746634938
0.151943535879	-0.84141871418	0.670222009969	-0.219501095688
0.645525929875	-0.160627790924	-0.0513838836379	0.323908305256
0.939407579214	0.7112072789	0.186926103342	1.7184846815
-0.226273164901	0.74069255494	-0.630944274483	-0.185644352659
-0.807906576166	-0.955678114922	-0.381653015936	1.93520812895
-0.0195995326088	-0.0477654646219	0.770252123726	0.557817205998
-0.441881841536	-0.144387902968	0.686674794411	0.631436694031
0.2655846973	0.502159587589	-0.897204241825	0.558336872997
-0.610887688167	-0.589008033698	-0.850488318617	1.95727635591
0.747339521509	-0.0202065044156	0.582045996721	0.870431668364
0.827252380472	0.967548142332	0.122754992049	1.61859315756
0.444003579828	0.925990157315	-0.779938731266	0.494370959701
0.689715436885	0.499445716095	0.432211049705	1.22285515287
0.448982190351	-0.693696093262	-0.167377586654	0.0342522503377
0.759315589207	-0.318887453977	0.109304600772	0.311515578907
-0.460494874852	-0.371281285152	0.295944791811	0.360733215868
-0.785829120412	-0.932903721634	0.819090861495	1.25740724383
-0.258899129846	0.506841499475	0.149276987704	0.0337513275941
-0.881708531299	-0.460408362602	-0.353318998045	1.4708612511
-0.872972852126	0.894700294948	-0.359161155103	-0.2113123238
0.531778522986	0.907026234153	0.344326690149	1.19599967925
-0.356074807807	-0.220794776589	0.321336547964	0.237716472134
-0.509918369083	0.852252078111	0.23396782353	0.079578259672
-0.833769622674	-0.391054536792	0.6346825924	1.1758476632
0.481782905365	-0.867220703893	-0.389631802331	0.304012364852
0.475533534725	0.937164522968	-0.288731507773	0.484562258708
0.189968539247	0.423256889321	0.879188436903	1.26158840941
0.236994280915	-0.918042071021	-0.0379694322633	-0.125105217268
-0.029778398048	0.648233541817	0.947697519327	1.49404330422
0.241723138085	-0.981154221675	0.873850434176	-0.272505063217
0.183965280144	0.14701458224	-0.582148176886	0.314201031931
-0.75255986806	0.480465897563	0.031532880221	0.22091179867
0.833453849855	-0.584299269989	-0.116293212357	0.289132994123
-0.947933682579	0.967189156988	-0.717343326423	-0.197478151957
0.548466504425	-0.434294449651	0.720042513467	0.268370301874
0.471740672379	0.365583190451	0.0180544510394	0.401926089065
-0.560490515729	-0.332701230728	-0.195836948668	0.604132806924
-0.42871595953	0.932710778154	0.820582909882	1.22265221414
-0.178313066707	-0.0176929160559	0.906891721376	0.841357463081
-0.701794626589	0.497494290675	-0.160833472983	0.0892305494281
0.707454354136	-0.49395945928	0.503293152481	0.155735476828
0.993177239409	0.73696100513	-0.382225434485	1.58274496789
-0.00293788365244	-0.486563916311	-0.221645023498	0.158409086441
-0.656426562306	0.737041794452	0.98820319116	1.65197462061
-0.00889402632546	-0.190013459104	0.292462675013	0.0317316601494
0.934149031867	-0.795384006862	0.455263828027	-0.0252172008404
0.919457839599	-0.53643674632	0.680498534915	0.450205583023
-0.451336969089	-0.882119532746	-0.388549940698	1.0955567645
0.141709714359	-0.0820942868698	0.484729713029	0.203617439778
0.577020601772	-0.13319123647	0.168280839494	0.262003595305
0.967162852856	-0.64303200333	0.80267821624	0.441631854534
0.0883088925347	-0.675030481931	-0.530332048859	0.587429646785
-0.286561074962	-0.393650271945	0.782819643662	0.499571523663
-0.246033331809	-0.312544465841	-0.52255676352	0.573816552257
-0.982539246046	0.65283265453	0.635310234437	1.14232002662
0.947632490085	-0.550479238519	0.308347069739	0.301694579994
0.763601539121	-0.283151169861	0.589451326155	0.547421674767
-0.245653232212	-0.867643132354	-0.825294646714	1.67065733665
0.751156904477	0.0303116122729	0.0499284897217	0.591011739096
-0.0482747813182	0.45900886497	-0.657686872956	0.110839819729
0.985169371211	-0.987175806673	-0.050829308954	0.050784403955
-0.190518692112	0.405699333044	-0.689820400021	0.154996573798
-0.785245866258	-0.0877250648374	-0.253041183376	0.771724709709
-0.689604056622	0.738078594811	-0.23866515137	-0.152620823253
-0.437686180997	-0.322955337919	-0.974662394378	1.59766148747
-0.427475690266	0.5132747093	-0.460278471349	-0.0610700222773
-0.769524702344	0.79352912839	0.851117575713	1.38131571689
-0.821076904702	-0.0484239764949	0.353184212466	0.821563596101
0.748636846976	0.532480966139	0.809680552204	2.04581407953
-0.756184292134	-0.416019345241	0.615961762778	1.00955886173
-0.00572981885484	0.765277110257	-0.329329556383	-0.147922482915
-0.385668496501	-0.661559756895	-0.361847343184	0.77420008614
-0.921369015753	0.995462306991	0.556079220037	0.794512739382
0.190250774108	0.607581253855	0.784421859712	1.243705832
-0.255248242207	0.789437046519	-0.777255531501	-0.145818903237
-0.450736535465	0.734086645484	-0.00131865758546	-0.128682516979
-0.994343859373	-0.236303604148	0.308415219129	1.24592706794
-0.245508938671	-0.562133466675	0.629929877896	0.240990414804
-0.877111992257	-0.589545712648	-0.900998800379	2.62940187966
0.0807820002727	-0.846923434837	0.633226790901	-0.197208877642
0.116162502198	-0.108868783906	0.616135974779	0.313392821689
-0.352305286649	0.245271324671	-0.048327519934	0.0281908250066
-0.18781901543	0.132877093383	-0.151046748802	0.0130636050825
-0.908710577708	-0.477555810963	0.246887623297	1.20276581028
-0.310111780457	-0.772839357083	0.00290561036877	0.333598777932
-0.0075738759888	-0.858146676385	0.468508177845	-0.175991962864
-0.116224177032	0.529867560197	-0.57534012235	-0.0219131723201
0.807740719803	0.0206572904594	0.178824002628	0.704802848373
0.127740724552	0.548166629199	0.763005190039	1.08677179821
0.398606829411	0.780763191336	-0.643518164949	0.381785277143
0.531166473363	-0.700699087393	-0.406943847346	0.360698436633
0.304815155362	-0.523757803154	0.0905886352227	-0.105977240946
-0.53257933447	-0.924234967242	-0.310093637126	1.15862663759
-0.629817052994	0.333112690351	-0.412599116041	0.219665496267
-0.93793568017	0.0405248245263	-0.0594371818951	0.842837758506
0.455771927647	-0.38080483544	-0.943345532801	1.28329923076
0.02914555529	0.526149744034	0.75414603245	0.981714370047
-0.569991681399	-0.0204139914911	0.247874199266	0.392907839065
0.25351767004	0.382175058431	-0.562610753603	0.262674401821
-0.174221798594	-0.130163628838	0.737236112957	0.500586335109
-0.136224472316	-0.151810153834	-0.0632942771273	0.0528522444208
0.202542319769	0.31227159837	0.242815549339	0.239055395932
0.0408678398231	-0.934722071934	0.1313360599	-0.142043444983
-0.937302149201	-0.363717952241	-0.310338734484	1.42863483636
0.650444426105	-0.401261738323	-0.977366319124	1.5095041203
0.134672843408	0.417960670599	0.338810478764	0.330826722124
0.0771879510993	-0.908594426116	-0.891140765595	1.53964283427
0.566444656065	0.488457643549	0.182487506441	0.719982877668
0.763136412822	0.846075055961	-0.963371216923	1.34104761309
-0.684421191451	-0.338346713867	-0.590905978236	1.24910499939
0.636453708405	0.490816822625	0.246815887685	0.89951498203
-0.957186119229	-0.093584034667	-0.282452448077	1.11199503093
0.208560410148	0.614061722609	0.70373721821	1.09895057018
-0.0550799816534	-0.17619795234	0.569576136389	0.236797610571
-0.898211637396	-0.453084327055	0.192582833001	1.16358164511
0.307824881302	-0.782257019532	-0.0745006756353	-0.0822129894908
0.382975694792	-0.0777355598835	-0.0918137017248	0.132466498078
-0.997136543898	-0.19091813665	-0.333627476422	1.35965556728
0.639343292788	0.402584423781	-0.147710114964	0.628501983702
0.283014011889	-0.567045737182	-0.972899085994	1.41782595287
-0.412878459393	0.834023429048	0.638007427858	0.765284934489
0.346181871517	0.130814440087	-0.248588126994	0.194404616095
-0.832111290603	0.972309523776	0.444141877369	0.51244485176
0.755693089836	-0.537626311085	0.993701135952	0.617993629375
0.255993798079	-0.221887303307	-0.873877868063	0.966295982991
-0.880917980093	0.768224746592	0.32197286123	0.450287538722
0.724570311485	-0.492534434496	0.836980459669	0.456420900146
0.841239839827	0.930181175582	-0.0594784097452	1.4384019154
0.0273048585228	-0.629093558598	-0.00869018051084	-0.0108892994964
-0.186247298607	-0.70102662228	0.824835799733	0.267374612789
0.369677327507	-0.658091306992	-0.534907782785	0.531524388825
0.94031956732	-0.403658569807	0.280859608365	0.470143568761
0.77142697462	0.769593041763	0.780476844088	2.39857806169
0.494700416403	0.278281225458	-0.43231139532	0.448983337755
-0.00365779348448	-0.451284098051	0.42834269198	-0.00816270014745
0.285531274507	0.161889098833	0.230707154043	0.21832727363
0.989385292113	-0.263935538501	-0.640853604494	1.29758669999
