-0.553281550025	0.066507496193	-0.745061293977	0.774887273627
0.248918923378	0.118663598309	-0.995076372571	0.963595889839
-0.168882122038	0.620371390759	0.21001343421	0.0981435030286
0.717030197008	-0.806968699682	-0.0715759013101	-0.00160600063385
0.0749780206462	-0.192479507049	-0.776727521289	0.743999743864
0.710105247074	-0.168239725377	0.43111092715	0.498108197683
-0.49863878263	0.616975869932	-0.927810012008	0.229387567941
0.887368400354	0.305747482967	-0.239331382735	1.04283787571
0.0967984870874	-0.636661759752	-0.017200687642	-0.0410110643095
-0.55117906624	-0.416137595165	0.0713747474563	0.508557333005
-0.884491054855	0.877795388791	0.627848575317	0.95123867454
-0.0840979787934	0.161982137454	-0.359297971576	0.0643452786369
-0.669475474942	-0.916213906216	0.62652925436	0.880084242633
-0.0954588429675	-0.810628924474	0.739956266603	0.0341994138377
0.564961236417	0.365020306359	0.377343779528	0.805529992207
-0.289056721786	-0.274147865304	-0.314357260569	0.347798930839
0.360574352426	-0.265711202107	-0.579908620574	0.524587443897
0.573369689635	0.146065434726	0.0607607032436	0.42506919556
-0.247340674167	-0.867987088787	0.388171110559	0.089615219674
0.000405051455539	0.709602919916	-0.154612520545	-0.0855208747628
-0.142047859612	0.104158752063	0.445089744464	0.249846939597
0.409828769122	-0.562222717186	-0.0162473736584	-0.0530568044404
0.206186340494	-0.0557722750241	-0.770410051189	0.667512493947
-0.41340822734	0.739204426369	-0.0753324019265	-0.184697903288
-0.32410241883	-0.866042436104	-0.00198442284796	0.387451358574
-0.582668565821	-0.241042264039	-0.780508127843	1.27727879175
0.303918334407	-0.130356505993	0.857446606929	0.676189561787
0.569405636972	-0.954472925333	0.993749302031	-0.180228612676
0.174534866738	0.364064901697	0.992368530658	1.44008629101
0.159513194295	0.0285815064986	-0.955000777234	0.91473471015
-0.22168631947	0.330196931992	0.415830118456	0.286165198446
-0.745177704453	-0.865469202618	-0.714455396838	2.32900382157
0.902556042288	-0.57876650385	0.497728355773	0.25190322015
0.385367796968	-0.171808313331	0.486952754649	0.235759401543
-0.474553512547	0.375336495954	-0.786346952935	0.3702806042
-0.788613426451	-0.148523696861	0.866458755786	1.36110003576
-0.855072716544	0.353711941897	0.753491899153	1.26296904449
-0.167093969405	-0.959972645334	-0.751832263318	1.47531619327
0.66997793746	-0.0151661498707	0.483694984837	0.665334498598
0.253837650516	0.0257239656192	-0.325328420824	0.168433108098
-0.029000007803	-0.625736569116	-0.362038073888	0.376599395029
-0.152068822662	0.197589228467	0.778294474198	0.752602658727
-0.792169325244	-0.947792897032	0.104882909426	1.28993784769
0.287731475739	-0.246723227346	-0.668919733567	0.624291009284
-0.379055526377	0.883526652444	0.496937055085	0.494781001239
0.558728438406	0.288399107908	0.343530763998	0.690401602772
0.99599697354	-0.435937529201	0.0284520474526	0.546223715301
-0.309189233997	0.929695298154	0.454027698696	0.436394773226
-0.906970407782	0.559190641449	-0.625064627708	0.356601455185
-0.970853476081	0.010706215776	0.396833066873	1.09388736862
0.273917457394	-0.78908959638	-0.528666654234	0.555539145677
0.809059112405	-0.0687905229435	-0.764382615588	1.2357841108
-0.25833821319	-0.980816908087	0.910290923311	0.255921956097
-0.053020112149	0.542159770353	0.835816495737	1.1258010544
0.939694433164	0.528889064432	-0.774103239967	1.5698408251
0.741084649704	-0.103898918656	0.201348700387	0.491829951194
-0.194332313745	0.839826666517	0.990919474564	1.6886815931
0.875825912876	0.0152949616132	0.660443014351	1.22675317914
-0.174082072869	0.340824323731	0.968423703285	1.23887998618
-0.558904895938	0.500681503659	0.699541928659	0.872147953669
-0.627483609306	0.343378021612	0.878606210901	1.2519145359
-0.724873344711	0.121948373298	0.591603631333	0.859184197722
-0.12286687521	0.383915942167	0.663202977088	0.662378101483
0.796020826595	-0.412172340415	0.481817788733	0.33910780516
-0.996766952846	-0.137103081923	0.674695901592	1.49291585164
0.789360913508	0.323864489616	-0.542637983442	0.997451428671
-0.129819079213	0.27823389788	-0.603510795669	0.177041044297
-0.766632820488	0.274146357151	0.393693340985	0.640480328443
0.819092812274	0.249532376532	-0.460849312907	0.9726884761
-0.933590531313	-0.635999638635	0.312655283849	1.36425919968
-0.0984536300145	0.476909364879	-0.204578543338	-0.092973383674
-0.416713804988	0.522069625067	0.394689951112	0.317932567641
0.694945089546	-0.984814990634	0.31738865888	-0.413277212704
0.517481590114	-0.541825950137	-0.632770672135	0.730652536028
0.03731098168	-0.863354692006	-0.989346443483	1.80214277749
-0.694174802178	0.747504133218	0.14300963487	0.0903321709961
0.927996060758	-0.27710338004	-0.89504656939	1.65315463473
0.569507657936	0.919792088879	-0.433448831415	0.63736269416
0.236994900541	0.048367159733	0.880959845497	0.886329128036
-0.105886736986	-0.118108813851	0.659634816184	0.380927562985
-0.500692628121	-0.718457052686	-0.880650738593	2.01867471524
0.343366008203	-0.396100054375	0.935443699088	0.48641853516
0.427530664111	-0.757845507919	-0.750657932156	0.991150348437
0.830630502537	0.840568948973	-0.270944689061	1.23381257226
-0.402928249676	-0.846783377233	-0.349988353556	0.922400286072
-0.839561493879	-0.971535765351	0.716500704048	1.33779471954
0.989439272235	-0.81487732664	0.972757359821	0.326297408654
-0.216755568394	-0.831527077487	0.639649594947	0.104486746759
-0.770784154378	0.505701777611	0.241748569381	0.385016347686
0.0631707063429	-0.934274007395	0.0242927802893	-0.0771341848426
-0.583996764241	-0.242225585186	-0.189783924202	0.564499638593
0.374006836209	0.144451684533	0.467474586982	0.479967012088
0.674314495104	0.538952023622	0.82596662123	1.94550044134
-0.92995455585	-0.0240565236052	-0.11325477229	0.90273810922
0.267289754983	0.851352948022	0.920155046765	1.92906375579
-0.981957182739	0.392038533598	-0.34634731978	0.563449825312
-0.235641110377	0.602805430838	0.83189533607	1.10700186848
-0.806452969675	0.611049967627	-0.895858060769	0.412730957299
0.30749843091	0.296232895506	0.473507976783	0.550124878649
0.657571735174	0.334737537301	-0.534845572409	0.759541426711
0.76717490969	0.253118571996	0.209069945143	0.879373287595
-0.501154197532	0.677661856341	-0.934674682235	0.151765827264
-0.315014050789	0.988168108103	0.482026958498	0.496620669952
0.801631524616	-0.0723861292048	-0.325859356322	0.714358115714
-0.245053919656	-0.994312201811	-0.15934208934	0.487537211082
-0.80167973483	-0.334200193458	-0.273854618803	1.07713053853
-0.30573126293	0.410242125477	-0.671588029073	0.143564542306
-0.787312208619	0.402498505085	0.0525449619932	0.326878768519
-0.158504964051	-0.62396496784	-0.011065964124	0.131052597936
-0.896625113936	-0.805799137355	-0.0675228919302	1.58540556729
0.831429919306	-0.464618508706	0.212275663131	0.251411736634
0.700989322115	0.583420747916	-0.822798456313	1.09731735325
-0.762671901049	-0.961430757208	-0.932371733912	3.08065256431
0.461681354191	0.696616919935	-0.751936452742	0.576361489022
-0.347208244226	0.849650053521	0.951936793964	1.54054486921
-0.205508309273	0.107646669683	0.589150044096	0.430629194744
0.153266549359	0.404599385237	0.522025434413	0.569223910816
0.456846540538	-0.639990530914	-0.447114639422	0.402391937825
0.0513727754752	0.346166435719	0.156475378351	0.0990737606708
0.108565535795	-0.0675757193457	-0.804775937316	0.706497703544
-0.424615779999	0.0877778642065	0.0337404256314	0.147126773169
-0.630018698396	-0.579926215643	-0.0281253366114	0.779389574457
-0.165170696492	0.0202801511246	-0.635043398013	0.414333013571
-0.15666679073	-0.123512379665	0.245194914347	0.0737307101244
-0.18150376145	-0.191439854296	0.0895982466192	0.0585658395858
-0.184240915795	-0.496520496123	0.337388661009	0.0717348291968
-0.73372981633	0.623950468046	0.679115446336	0.965480571104
0.610896862539	-0.213082464036	0.51222360139	0.396250718618
0.277568492211	0.082977854761	0.331905543156	0.237778405433
0.805852134491	-0.631115513616	-0.951823878766	1.64749139121
-0.975646030682	0.231863462742	-0.643461379646	0.990515873572
-0.352571383974	0.0834818388533	0.983797295388	1.14485959903
0.205845191658	-0.371653788638	0.598838688391	0.101916204966
-0.869317196416	0.291821516149	-0.622377121294	0.707757171669
-0.667133527008	0.142963457035	0.479903895661	0.648607896572
-0.383015504404	-0.32592220646	-0.182007562836	0.363981194319
0.46992905351	0.771409575963	-0.463232077616	0.4405833844
0.193696006112	-0.945083809161	-0.337894366051	0.287970280678
-0.144304273864	-0.0887582757093	0.520977728468	0.258808630679
-0.678598255066	0.337801509098	0.359023866688	0.481441017967
-0.128495173429	-0.118241723144	0.776349785932	0.542626553982
-0.461795868196	0.175119181225	0.582500571379	0.573700048331
0.135254396727	0.949880596346	-0.487068391272	-0.0786519173306
-0.957240246671	0.410509702605	0.408562956844	0.857995228479
0.352418560838	-0.941626596058	0.101967800664	-0.293266008481
-0.208583186998	0.352769538529	0.88713048389	1.06987825814
0.555656558603	-0.416537920654	-0.957858796135	1.39378016815
-0.12271508788	-0.318170985215	0.039074754799	0.0431977564363
-0.102353162474	-0.520324330722	-0.10833359766	0.131837785709
-0.123079297394	-0.380568831495	0.347537987898	0.0505091849149
0.148377138546	0.585580093294	0.147675226478	0.217186119289
-0.941740361071	-0.597337364068	-0.928328482638	2.86573067307
0.1196864562	-0.108826378485	0.307665185897	0.0624755828617
0.64256935286	0.574496059091	0.61151419742	1.50731104429
0.959275177517	-0.714342027003	0.385099187478	0.108167141454
-0.0615324799383	-0.160673346941	-0.436974463633	0.274829707052
-0.856253903496	-0.301311730131	-0.13349107756	1.04921238767
0.145256724112	0.131471946461	0.258972111297	0.141310822136
0.290090405681	-0.900840611873	0.415062586706	-0.378801058775
0.171166443288	-0.859303301508	-0.769525865912	1.13564023697
0.831529527829	0.185770920982	0.373543900854	1.05484400221
-0.796729523427	-0.277124249079	-0.189691708447	0.944122120912
-0.44882661282	-0.892554271557	-0.34705458258	1.03225937227
-0.229237848732	-0.735766688565	0.708759240075	0.202073785478
-0.0854033123749	0.452486446158	-0.862866936267	0.322753640663
-0.23297456973	0.932187056416	0.161453933831	0.0136739118385
-0.15574370946	-0.12382540578	-0.590667753585	0.465569200451
0.313853853165	-0.0899166412982	0.748196656404	0.562806463091
-0.961840369969	0.474775498325	0.12197331013	0.541266083824
0.323558678109	0.266602396399	0.378803276713	0.435433520924
-0.0946343692741	-0.32827626615	0.214615761899	0.015628545525
0.383745385145	-0.741973482424	-0.374289079464	0.280336507569
0.651410209203	-0.170359807934	-0.383531398071	0.525795811147
-0.51654294476	0.576344283458	-0.237920064735	-0.111407871618
-0.238368198199	-0.547924019093	0.872728592901	0.470893297762
-0.188376587523	0.994123711587	-0.825027559346	-0.291292879416
0.877100136955	-0.19052743486	-0.764246367038	1.33187542048
-0.269648765482	-0.381144572577	-0.800765346123	1.12191812533
-0.132717261296	-0.955705051626	-0.679316102571	1.25514862659
0.155202841813	0.634753391554	-0.965164663636	0.441504736608
0.799137962963	0.101301739116	-0.948746330981	1.52358549653
0.281711757762	0.437657843235	-0.672192123289	0.360306970471
0.308418128782	0.228832023307	0.63751669992	0.718009465606
-0.517623611057	-0.369226060728	0.624981651106	0.618896880728
-0.029940725362	-0.209678582745	-0.910557968661	1.02721469456
-0.985985003894	0.438738591696	0.744792157731	1.42106117647
0.574264229276	0.00313795469252	0.634074884964	0.735622078162
-0.226804650024	0.92001258468	0.206566088474	0.0754901668585
-0.520693732153	-0.372441411334	0.779865819016	0.782786240563
0.817498772628	-0.627805909814	-0.248727982176	0.373092188791
0.554714403134	-0.577421112034	-0.65320645017	0.791258122914
0.831818487636	-0.281340554454	0.797615402635	0.869686492759
-0.551921108803	0.0807486597259	-0.14187389822	0.268722096397
0.419821083607	0.508680972625	-0.441722163562	0.36022754937
0.548120934213	0.249050899515	0.622567573047	0.979587967317
0.843710178199	0.50318920747	0.461983718384	1.58228689787
0.036042542722	0.177788381741	-0.901253501887	0.659732483255
0.313723888223	0.917940047087	-0.178396582962	0.254470371818
0.184425204032	0.892392722002	0.922739875709	1.87348759332
0.891492456247	-0.0629737200071	0.350367051348	0.839311357296
-0.805144739184	0.842601387681	-0.972980056651	0.0966978212356
-0.955526872597	0.381295682763	-0.567784126665	0.654578511224
0.688853233342	-0.502139510347	0.658162876694	0.23130713942
0.778674570381	-0.319451996809	-0.697923118629	1.06763455357
-0.804761539891	-0.523020146839	-0.963925686702	2.50185291854
-0.190245973449	-0.690020218224	-0.731000076861	1.20623304346
0.298825698261	-0.234281216963	-0.969013644041	1.18529668781
-0.135828371373	0.907848644845	-0.424436265032	-0.310040001371
-0.599491117183	-0.928192819623	-0.0786025037726	0.994969583184
-0.558378982482	-0.237420954043	-0.371502489523	0.67057453403
0.386022601443	-0.988414708507	0.396517722777	-0.467234613158
0.788500997817	-0.750942493552	0.597819168754	-0.061925140658
0.373915881513	-0.619147662467	0.0252647619163	-0.106700367639
-0.930407166609	-0.220265094335	-0.7081678446	1.72808007122
-0.925991075984	0.37921394815	-0.514826340541	0.576127572633
0.355575419192	0.529117544343	-0.0762172617986	0.280056251962
-0.774518451496	0.378949596825	-0.971733186902	0.882402863909
0.177766144312	0.0850990242757	0.178326031096	0.0937040721094
0.921502123922	0.198115873982	0.00423784238067	1.0325879062
-0.580768985015	-0.193052597778	0.462203373567	0.573813971789
0.233767268656	-0.540652846956	0.720941478602	0.0582377492453
-0.920802992789	-0.648742850522	-0.87947655649	2.78927565148
0.742048432293	0.71790710233	0.169193303041	1.2334491634
-0.149595031254	-0.363850027736	-0.0957532268395	0.120817324338
0.184324268534	-0.506601747829	0.855637540969	0.239244567116
0.430632382995	-0.411548309337	-0.957658097292	1.31944982229
-0.387840010936	0.842276474439	-0.00456880316613	-0.180075964436
-0.787318523779	-0.834850118111	0.963871363937	1.40152330464
0.700311687467	-0.353537133095	0.405605435688	0.263969459902
0.200036236353	0.558058511102	0.722933098116	1.07771765279
0.703784167232	0.878387352918	-0.985269456336	1.21881493765
0.346120699767	0.927434340281	0.724581584674	1.63782407846
-0.983721851128	-0.493899477773	-0.23507200297	1.62492917502
0.664291203339	-0.956859788632	-0.954452974278	1.62990741375
0.261266216714	-0.690517450037	0.81428615386	-0.0113657039462
0.783570559374	0.184917019607	-0.388483527529	0.837960589093
-0.0407623388624	-0.0929245962043	0.16465017324	0.0172590208334
-0.795775585322	-0.844197768018	0.169807847767	1.19053405425
-0.711596655229	0.542438514422	-0.200225490408	0.0518525966456
0.691829562306	-0.293761065065	-0.430979781558	0.587744205977
0.759907062881	0.755500938011	0.285894290456	1.44929819295
0.593610991182	0.124374425224	-0.251208620498	0.458065877914
-0.339976393732	-0.694882987353	0.0184396791891	0.339354362809
0.325843670451	0.856176202627	0.922126471851	2.02497366509
0.201855208467	0.309397837714	0.307647466576	0.293031514844
-0.197089228983	0.761470510943	-0.781502193758	-0.09557866765
-0.983929217125	-0.908003353742	-0.906341059639	3.50594257148
-0.668152329176	0.400894894147	0.486376686291	0.610116888839
0.262526611822	0.814526516985	-0.939433890846	0.400097328879
-0.717239774307	-0.348822669201	-0.983813739745	2.07568839558
0.403461734988	0.446057194634	0.147083843763	0.429989845071
-0.67859623405	-0.460028860272	-0.101547302363	0.829693245388
0.0826700262391	0.157696207244	-0.275622160016	0.0523740886541
-0.781854284618	0.732179155994	-0.67975979159	0.0032061359315
0.449869625746	0.0386742919186	-0.211072531901	0.256169602408
-0.994676332395	0.867995357895	0.950820365134	1.85537359698
0.82016246123	-0.19943194686	-0.932036906831	1.56367059699
-0.729493245526	0.25471244869	-0.436623710684	0.425776154625
0.252596496629	0.267681072511	0.627613216702	0.693318819988
-0.17424761286	0.469285928519	0.218818317287	0.0991600909791
-0.301043630826	0.581471769296	0.805386079193	1.0325349
-0.601763580944	0.245148283339	0.409454360447	0.482628005364
0.171230907111	-0.412401796465	-0.634567921727	0.623077488031
-0.034972981857	-0.261188655469	-0.222070510398	0.117675265187
0.460500073053	-0.661297052276	-0.644039092808	0.748220483088
-0.0367491392865	0.178918904391	-0.516223005185	0.168899520073
0.230259213986	-0.684829856072	-0.196676706776	0.0687027290351
-0.498792094732	-0.0337749313174	0.681540874207	0.707119189507
-0.244348609189	-0.157949595789	-0.161200436081	0.149748131178
0.77824341182	-0.143368102486	0.506710153824	0.678196633541
0.0974413043449	-0.999701018249	0.34605816789	-0.31411581063
0.885113829508	-0.520554913038	-0.8808562093	1.55711782753
0.771454339034	-0.953400585515	0.786580679334	-0.271580536449
-0.619676738516	-0.774804838126	0.886059557734	0.962706102986
-0.157711472384	-0.557712543163	0.64736958881	0.170871819645
0.117135809569	-0.247259048798	0.584034931573	0.181446788681
-0.0895207615028	0.161886156845	-0.0251431401276	-0.00991635412833
0.744529313217	-0.584706527742	-0.0335280994432	0.139720980766
-0.549647958296	-0.90668377118	0.561755820126	0.606704477679
0.215135051002	0.768387117108	0.265834089347	0.486521344399
0.225958734758	0.0897496442826	0.648494270489	0.550084014833
0.52501972444	-0.0232071038102	-0.131784588604	0.283887040225
-0.536225519219	-0.210143700458	0.800449194547	0.872731779631
0.963199691853	-0.168599601095	0.861629977112	1.36249430959
-0.168425730962	-0.7402488815	0.777206550093	0.181767927917
-0.757093844274	0.962168761174	0.289208628688	0.206648181693
0.534865077599	0.990519656476	-0.297472430737	0.609712581302
-0.492182271235	0.150883088036	-0.699523137099	0.551767815416
0.901454514235	-0.490318416971	-0.516786896389	0.891079320072
0.0100251408409	0.232331388097	-0.49129141115	0.129654493493
0.859953645208	0.618137280312	0.351523090508	1.61194768964
0.549259508516	-0.494302939222	0.163515430414	-0.0239034436382
0.793223369072	-0.213263750702	-0.633226159499	0.996057077301
-0.935195124844	-0.981816120954	0.432798394311	1.5551655808
0.157510431347	0.250549420524	-0.723876069937	0.406903518058
0.294162604233	0.410864930007	-0.0754892653598	0.182075472984
0.333128447198	0.412059797931	0.0386421264678	0.265659483731
0.883818065225	-0.59715213395	-0.0900347733798	0.315231246216
-0.489892843451	-0.150180981063	-0.327429883944	0.469951656009
0.507972460497	0.00337884346913	0.515396637512	0.527127518575
0.110537694496	-0.0364026731691	0.395191516142	0.149985021168
-0.190602667093	-0.0474697361238	-0.884553989022	0.869802538956
0.291242167117	-0.188235195646	-0.49186220251	0.364514177778
0.106918459726	-0.547847491117	0.00131128414557	-0.0478601171481
-0.957179443562	0.947275440713	0.299935969601	0.383563471587
0.645984516698	0.603987515044	-0.772293473107	0.937444171707
-0.192818441976	-0.11432287592	-0.671856113306	0.587421670448
-0.983139998947	-0.911035439477	-0.802107890042	3.23636541992
-0.715122101632	-0.745023148308	-0.00462198826898	1.04764699085
0.430102621529	0.307400271623	0.990327203331	1.60237674869
-0.555021266704	-0.364655394593	0.860472036395	0.937076460961
0.907051155594	0.0734516041763	0.0410460813391	0.894065842626
0.164608506465	-0.780500727813	0.312738636821	-0.247668377393
-0.770273525229	0.540012055139	0.191329736174	0.317291746276
0.298578727436	-0.342596297783	0.774919578334	0.32187306413
-0.657516290572	0.0482851644659	-0.555318887243	0.682144792866
0.550086682889	-0.904418717434	0.328931882282	-0.384209301439
0.583296555667	-0.691828540427	-0.642076119927	0.793161995782
0.229285221484	0.325289483666	0.54507938342	0.601575909519
-0.632136020721	-0.880936618391	0.00806777874826	0.949425604475
0.961254267367	-0.206654555031	0.292846352584	0.750603147172
-0.0602771775139	-0.341665673476	0.256966733355	0.00246317061804
0.606121519517	0.527160228039	0.659858482525	1.47017081995
0.76250627193	0.2071245039	-0.3683522121	0.798738130995
0.797229031318	0.974308938703	0.838415055729	2.93213658859
-0.682037625685	0.363501308317	0.768941339395	1.08803571991
-0.692825069716	-0.131612437368	0.456358004333	0.719391212178
-0.801995801406	0.58162092002	0.706852863645	1.08750111332
-0.30302324231	0.280697006976	-0.68589643345	0.284690209675
-0.0746295881506	0.406001124864	0.725605587839	0.796370032664
0.88072161006	-0.0653418611221	0.0921188871338	0.720589235131
0.617571534926	0.960816567616	-0.910913600365	0.929310271627
0.0189299286751	0.591340102135	0.63089445182	0.782653367069
0.99744842673	0.874257701977	-0.279404937684	1.70072553384
0.99465606831	-0.35954214955	-0.361307300024	0.892168081713
-0.493413223293	-0.743387984634	-0.949367171986	2.21730024648
0.0367704465686	-0.388888565112	-0.161601718332	0.076012635266
-0.120824882975	-0.366979526425	0.803107612031	0.409196696052
0.991728766389	0.608241336565	0.243212344018	1.79382042194
-0.888742702398	-0.0739389581194	0.350348883957	0.952416209549
0.807124153202	0.998929616093	0.789840605327	2.87055297366
0.286707838084	-0.0886833879827	0.15027255064	0.0660303225407
-0.527618153034	-0.647794398246	0.965336475247	0.926703948714
-0.291584366089	0.604089876074	0.0238177590411	-0.076166368275
-0.834727563065	-0.862170859966	0.468000512562	1.2319759608
0.420812373618	0.665643422681	0.65513526469	1.32248273742
0.382731652386	0.698659101555	0.753488272964	1.50805848745
0.947321246101	-0.618893941928	-0.363038897088	0.667605977935
0.0906401205827	-0.255559243394	-0.858929224747	0.942318426751
-0.933053377472	-0.0943886750058	-0.461471023952	1.21517142167
-0.55849867075	-0.226627370616	-0.777477242994	1.21916033714
0.408403450198	0.112144920908	-0.277310733608	0.258396003442
0.383441305454	0.351897952266	-0.66802802058	0.493143188713
0.341861134689	-0.339918512176	0.0666246048452	-0.017543991446
-0.477259447036	0.630017995241	0.66216744515	0.782737671476
-0.300706930106	-0.00394446013462	-0.216420835387	0.139302425659
0.0687009975092	0.23658244489	-0.314001772802	0.0452830832292
-0.295459531678	0.549996588421	-0.860231722841	0.191668704588
0.983730783815	-0.660965032139	-0.81030992967	1.50970331671
-0.872830161091	0.300715581975	-0.269945337659	0.49105257626
-0.308931456877	0.697996122721	0.0904622948768	-0.0488685561677
-0.981609311307	-0.862964427051	0.590754843725	1.64984162711
-0.0179140006596	0.144863310753	0.562567828176	0.395703829386
-0.892041173791	0.0445073070715	-0.124733508693	0.766042000914
0.664022347013	0.657187161556	0.925007633967	2.34085490306
-0.884819705281	0.709948606879	-0.58917353487	0.0835719176509
-0.716396177435	-0.885270881891	0.50297068809	0.955142367293
0.22491635174	0.227189936544	-0.753470767655	0.498223318779
0.164680110078	-0.17631659782	-0.319545396965	0.156534119881
0.235503242958	0.179493181301	0.40174033528	0.331237951556
-0.734531532205	-0.394403719604	-0.94849634248	2.10297433747
-0.997753624509	0.505831287502	-0.537476037729	0.507825589692
-0.64456848622	0.773415620338	0.436052510633	0.444340812849
-0.832955135294	-0.438536152164	0.81574633725	1.36680302423
-0.251311594281	0.861322216477	-0.298543555484	-0.321316684396
0.989442243553	-0.804373482335	0.0612365020992	0.13760774106
0.966013076341	-0.382617759475	0.318073487728	0.543037683142
0.876256123278	0.482070370125	-0.942472687698	1.62415851692
-0.314180768593	-0.0111464517003	-0.837795441447	0.813451204248
0.738917185232	0.419051416834	0.22111780866	0.997195716338
0.220608617475	0.504297048518	0.299391320946	0.400537759338
-0.435237328446	0.0205429578069	0.770576482495	0.790108505539
0.91998548253	-0.637765905479	0.683419910911	0.290838770098
-0.116799866326	0.807905330694	-0.371685201691	-0.242857592485
0.268260354839	-0.647298026193	-0.763095180551	0.974583478533
0.768138072891	0.185180622908	0.597858776115	1.20042736259
-0.766198432017	-0.305006066446	0.375526407178	0.847237457281
-0.740721517365	0.440986036809	0.0730943364029	0.259596883703
0.692221087293	-0.848122987314	0.265734306228	-0.262679234867
0.624629778733	0.996271714689	0.41646811511	1.60082443524
0.873771220928	-0.690562083411	-0.396303639445	0.59081171333
-0.115803415994	-0.17267341052	-0.868241626336	0.937172366422
0.392255588183	0.496849399366	-0.346164947886	0.296594724553
0.809574455871	0.19123911518	-0.441930452709	0.921021238497
0.45935768455	0.905584721219	0.31846839276	1.01681901092
-0.769279079176	0.603369545592	0.21574449503	0.304350078287
-0.0197386544463	0.597345183905	-0.0865130001922	-0.0555948004986
0.926556522015	0.565525811025	-0.897837880931	1.68086098171
0.72650100123	-0.279464773798	-0.396760513341	0.593071758874
0.782817352003	0.264075703838	0.0937801736756	0.853085836149
0.705628953661	0.117529656236	-0.257412027807	0.616851953519
-0.904134182376	0.152437020103	0.724946994575	1.31569200373
-0.198389372339	0.144393751657	-0.22759701166	0.0296489706332
-0.0640394718534	-0.73152774134	0.849400027752	0.151068427506
-0.698166693606	-0.731288245045	-0.916395215447	2.50792706794
-0.281711408918	-0.612975411759	-0.655204529119	1.08296072579
-0.697355463884	0.279328686332	-0.915354879683	0.873702937065
0.46024598362	0.521885348858	0.76088022356	1.42805295668
-0.591937839636	-0.384910389839	0.260688313714	0.545850187057
0.0107844079598	-0.869567175919	-0.615064400674	0.903882567161
0.991786060168	0.5246410225	0.603503739443	2.18481082432
0.412858469656	-0.915339777729	-0.290894042897	0.143432568879
-0.617537060921	-0.808032556449	0.593122931599	0.752874244929
0.473913573107	0.0644782263049	-0.713068594176	0.717640603204
-0.163574610069	-0.0978874849509	0.640152445443	0.389900800778
0.687562645781	0.945819925665	0.499334940829	1.84466916215
0.339427851062	-0.069952925929	0.521646493027	0.327091659952
0.32059285612	0.404910943292	0.951590454192	1.52342511612
-0.436846213802	-0.0468349244768	-0.19902396797	0.26022608628
-0.0972297057838	0.93803162826	-0.217240623726	-0.238336010946
-0.65225788515	-0.535134604974	-0.548565565192	1.3689667108
-0.442033162426	0.65345828934	0.757470441401	0.975279890994
0.886136669899	-0.814309517767	-0.490806630399	0.70420833236
-0.438458248128	0.847661580035	0.814419857345	1.17421355109
-0.0401430302537	-0.0599499921641	0.756874826746	0.531502900656
0.867113420923	-0.345351126793	-0.997844655231	1.79272781979
-0.262597236915	0.0032034292078	-0.615390134262	0.444849755793
-0.178369084346	0.0720027400333	0.297402666736	0.12883462052
0.094368036469	0.796123025099	0.186151512704	0.266885784076
-0.679071556197	0.945347469822	-0.981035939501	-0.145808727663
0.310025070098	0.118107532359	-0.375442714039	0.229346459116
-0.877085506063	-0.28402428515	-0.644481520952	1.61679740295
0.168128886903	0.285784934232	0.220641660635	0.188054830378
0.533427472256	-0.835542405317	0.227849689877	-0.299619001827
0.706975809926	-0.925887125456	0.00517044489738	-0.159525519461
0.546833545567	0.327365106665	-0.41312294466	0.51346967909
-0.835852661702	0.815723489287	0.765348173048	1.22689533057
0.908479796921	-0.72730283927	-0.755111614154	1.28398397646
0.687631517773	-0.601631260934	0.0282011787583	0.0429650828859
-0.0304100648944	0.143059278731	-0.874335013893	0.63595431016
-0.486367299021	0.0524195396757	0.22831261219	0.275152690547
-0.889989789152	-0.248208662842	0.712197025344	1.34343613187
0.86097270039	0.0184016537492	0.271721353338	0.835949928457
-0.414079601432	-0.256513031457	-0.356213265997	0.495939965728
-0.0463575837186	0.0272780264947	-0.297392414899	0.0812144524378
-0.198658304715	-0.708571892392	-0.927977083016	1.69890875736
0.109442456103	-0.988786091467	0.516030415055	-0.340193835131
0.160012614461	0.455946329767	0.675492485879	0.862839619266
-0.558826246005	-0.859200721105	0.426980792348	0.607881079115
-0.66561280735	0.824470114556	-0.38034396395	-0.274658158833
0.161735553428	0.123244366781	0.666100786087	0.57187481193
0.576071779136	-0.178872473405	-0.274050720605	0.352939238421
-0.23102145408	-0.303271228862	-0.204478965111	0.227257306715
-0.0497007968077	0.525330705316	-0.249556511695	-0.0924604312141
-0.989906379073	-0.717398387204	0.524374902295	1.58885520812
-0.377687570502	-0.95075930791	-0.372304393918	0.994320303673
0.920833093164	-0.474060325729	0.282533336378	0.357290390071
0.838547684304	-0.107347401405	0.876906073767	1.2879769779
0.585238933752	-0.982687047245	-0.0805485370866	-0.146960039266
-0.670990692422	0.833141978757	0.339032234026	0.288602838132
0.24069960737	-0.345613284542	0.269052660058	-0.0458515205761
0.781920571485	0.612114443895	-0.300064581156	0.996389544533
-0.225582850323	-0.733932992007	-0.159825933125	0.359296172841
-0.629783225918	0.837116706748	0.149909636407	0.0173896118292
-0.499621396836	0.617853669342	-0.227649963267	-0.147901232495
-0.891864633258	-0.274817975051	0.292934522656	1.04582991881
-0.0740084887619	-0.0990439702068	0.848142845316	0.648150202323
-0.199045908313	-0.180331891007	0.950231326364	0.807096160287
-0.860867547558	-0.0312750284765	-0.902928042891	1.6115347424
0.691392221874	-0.179630526275	-0.88258652653	1.29132651485
-0.271710999361	-0.224335185403	0.580045058168	0.341108958431
0.73397768536	-0.264566583334	-0.699506217728	1.01891219283
0.871495814899	-0.328532349499	0.710466874497	0.744542215977
-0.389299642546	0.576599163854	0.748594308795	0.919116654983
-0.890147871231	0.652324168012	-0.641240792559	0.204591150689
-0.814872692967	-0.559410433803	-0.287713119184	1.36359435217
0.35438386995	0.214450336227	0.469657543983	0.522882094184
-0.951377885096	0.128745513952	0.977018687001	1.86298653322
0.771409188426	0.0342513043623	-0.614600433669	0.97817673344
0.245841628944	0.932072093597	-0.957436011056	0.313864556262
-0.188343052749	-0.156793254659	0.374072688464	0.146282327704
-0.23490048819	0.271636452607	0.166250883995	0.0641698608248
0.11745865626	-0.589432166421	0.295670416988	-0.142294033244
0.149018693948	-0.928868544678	0.570179731828	-0.320729297352
0.459778838471	0.153500859804	-0.250437185463	0.306249487898
-0.392765320267	0.57521797954	-0.180588863864	-0.142926700801
-0.103074631517	-0.469443952589	-0.518552100644	0.571339570925
-0.460270628696	0.34560183959	0.669494077422	0.732379380108
0.490088068805	0.20126440887	-0.263238705508	0.355137634269
0.492728654262	0.252408143157	-0.653502913867	0.629266852829
0.613129665381	-0.67210729777	0.360979004682	-0.148471717579
-0.300740399792	-0.788226555255	0.501473955528	0.183697396979
0.849818207521	-0.721754229344	-0.105500286924	0.196106689208
0.318148936795	-0.405345541837	0.898745025021	0.415698823674
0.912587187695	-0.402490039939	0.0149035691834	0.45973169974
-0.0836019849788	0.399417316254	-0.106195171946	-0.0575415646144
-0.0181209760148	0.808845988303	0.851512979896	1.39948850373
0.453959222999	0.484666714254	-0.995197039579	0.934176169541
-0.359993774772	-0.514418330039	0.110090162665	0.270270360601
-0.73864279202	0.0984696111093	0.510640873551	0.7838960157
-0.382676367042	-0.375915537112	0.552839035274	0.388105409991
-0.663552643091	0.936126555374	0.512553948068	0.561659771596
0.307613427673	0.909609970163	0.154406491229	0.538725310066
0.611532965256	0.14873830538	0.891180194779	1.39168571606
-0.371553334451	0.967041316092	-0.624275145918	-0.435235946106
-0.922334782528	-0.927520635213	0.107197995423	1.61824905184
-0.208139877135	-0.456731446418	0.193232701054	0.0874696613036
-0.457047302239	0.106740991027	-0.988135852728	1.03104441776
0.771554167845	0.150356183097	0.764346088387	1.4104528769
-0.665786694568	-0.736787066073	0.875724140408	1.05548549798
-0.14537900858	-0.936837188686	0.231538369155	-0.00597222061401
-0.99212861994	0.451951556033	0.770917406231	1.47865609349
