-0.0542991569654	-0.252111843196	-0.518674268149	0.416424781195
-0.691007707046	-0.604130724513	-0.729131037288	1.86707316926
-0.163993862171	0.925096824103	0.138562195027	0.0225667142146
-0.0398517900524	-0.581525918893	0.728673014024	0.131985131314
0.905935884672	-0.201489126644	0.658378532974	0.938989774009
0.980837753765	-0.578694768934	0.969747261277	0.7736591054
-0.28167616765	-0.167858590388	-0.997336505929	1.28871483396
-0.357430742178	-0.106674180584	-0.874805233598	1.02448869519
0.215831520735	0.91523571312	0.654009871176	1.27042206356
0.968344641778	-0.833362272714	0.807588882779	0.109895150635
0.162902770589	-0.684896521194	-0.715992004366	0.917990755105
0.301627841519	-0.688482596272	0.966063270664	0.151474329518
-0.835153798251	0.387247227113	-0.923067275087	0.868668825769
-0.227754554328	-0.164073531871	-0.294383724501	0.224202985801
-0.0542998637328	0.590078598046	-0.0139151024781	-0.0371100863491
0.916229882472	-0.642667442789	-0.209631704087	0.429315004512
0.673861759763	0.238207746974	0.0498394500101	0.628964876711
0.317018570151	0.974275988395	-0.0382768502199	0.373537255776
0.0493168690032	-0.760641095702	0.452235708763	-0.174552212456
0.673587110864	-0.249242688953	0.0947916490657	0.271192264395
0.8552404384	0.18814654957	-0.499313951815	1.0477169703
0.253094174414	-0.437955547225	0.104815515848	-0.0817055807712
-0.259065429612	0.651262157897	0.424456354913	0.354990944955
-0.573969300552	0.201466496402	-0.154569888184	0.206556370464
0.0552958396528	0.25814858121	0.0917456858597	0.0494334619468
0.646541364657	0.769765358623	-0.0164076780358	0.903340031372
0.573628041529	-0.708070410597	0.600738967383	-0.141598093231
0.234912048028	-0.623437930403	-0.723820284436	0.883903413533
0.696474298645	-0.0450913798089	-0.263920156218	0.535225834407
-0.257647563198	-0.537050866469	-0.362766171805	0.53117529618
-0.474393163065	0.122904871612	-0.80071715219	0.709479561386
-0.763794155306	0.195579822267	0.156128609886	0.488910535134
-0.522868502254	0.647020896054	-0.0417734332769	-0.0901986406994
-0.323254023552	0.452230258282	0.993142568659	1.3937691952
0.184741981741	-0.584279552776	0.0208970901098	-0.0855844167416
-0.80457111265	-0.42306717136	-0.615553230714	1.62704844408
0.611408124405	0.918631647187	0.615720271371	1.88021032669
-0.0618912750498	-0.466126183204	0.859807864844	0.371170279859
0.163467497941	-0.78956639878	-0.697021201098	0.93383625362
0.513509585425	-0.752732935798	-0.234079078012	0.10814856289
-0.615709120101	0.981641238233	0.132203763353	-0.0780532414695
0.879640456426	-0.0325684578072	-0.786768171303	1.38974678086
0.779323601491	-0.0850595910061	0.720816760823	0.999320752854
0.240438651106	0.582413098378	-0.711894999262	0.290022882439
-0.359954546242	0.0438439053731	-0.12525577294	0.123982768695
-0.542804655178	0.715198042493	0.821591631198	1.16903760166
0.514083785361	0.205088612426	-0.368295098092	0.429823017229
0.668913932352	0.860674676643	0.448167153942	1.6097430495
0.453020148856	-0.604268915282	-0.779071046587	1.0092013732
-0.780958737182	0.280578642074	0.148741892575	0.454634156032
0.467037761776	0.55348493615	-0.0616044526061	0.446320608744
0.645515945503	-0.175347781088	-0.782551272259	1.05310617009
-0.356222759737	-0.626523420048	0.337651019437	0.252538495731
-0.683707680048	0.27125810883	0.557810100265	0.744457560316
-0.789048208004	-0.914373841663	0.592482495766	1.15336712778
-0.959725362217	0.860982685388	0.602506980776	0.976528591443
0.959862363417	0.632221526582	0.347354317552	1.86844130424
0.412191961526	-0.917509733961	0.465208212189	-0.418702306128
-0.642166873121	-0.371043861703	0.858622067848	1.06929577699
-0.0228162612638	-0.729663820908	0.103073047788	-0.0474158385504
-0.183581090803	0.892088167403	-0.266853259909	-0.296914475238
-0.0597366474428	-0.510299442281	0.135291412621	-0.0166833211553
-0.541071570733	0.989446184694	0.238881705057	0.0508223040209
-0.822934204845	0.990641604757	-0.943665835263	-0.18234158455
-0.15175725436	-0.996821454366	-0.725835787515	1.42467142703
0.986933480513	-0.945411369832	0.517644616957	-0.180451595726
0.541711973998	0.575650700149	-0.0334844162721	0.587134618346
0.370161674533	-0.0460423510422	0.729996852651	0.619261185062
-0.58433309206	-0.348270893812	0.217611289519	0.516518365753
-0.631674781237	-0.529017881265	-0.757601258785	1.70792456375
-0.860168226787	0.300562712951	-0.358305492853	0.502044437748
-0.363907748531	-0.0254551098457	-0.191141260504	0.183092664403
0.318829198287	0.2300960224	-0.68355151358	0.484973575368
0.748962452095	-0.564956832162	-0.941075162759	1.55510260505
0.674442389488	0.276804997721	-0.489839320558	0.745914148777
0.82449762994	0.245596464474	0.832000122107	1.77885053628
0.394003742036	0.217402935456	-0.269696633546	0.254999953168
-0.704867706619	-0.837538188725	0.454592198642	0.913107846534
-0.447396138943	0.770002711132	0.959931529076	1.51628548561
0.132782043596	-0.493941802079	-0.821373155664	1.03240886674
-0.386866379914	-0.0106451186514	-0.153433778	0.178959079428
0.116825333517	-0.289591547175	0.407739918555	0.0279903367927
-0.700887817978	-0.138251338112	0.178729496779	0.595377053021
0.078965348331	-0.0845948470844	0.57446234496	0.280965896219
0.953670118307	0.598774044817	-0.319283669533	1.39128289609
0.802670295942	-0.4169206487	-0.718791069962	1.12596922494
0.134620818589	0.351609693521	-0.817312033177	0.446080875643
-0.949734720256	-0.643685540771	0.468023636058	1.4311126225
0.212097602364	-0.113399820561	-0.133101016048	0.0537430746883
0.51396121493	-0.126102156095	-0.111207723969	0.225735204737
-0.0239355770297	0.338891118746	0.69113077374	0.704341184893
-0.607212219331	-0.502807678676	-0.310792149962	0.926878085721
-0.626883491773	-0.83739464219	-0.898256214267	2.47699095716
-0.661869518669	0.184126958656	-0.449531535381	0.435510965116
0.360885568228	-0.767877533681	-0.372505206862	0.277920981951
-0.612904551817	-0.946230615571	0.621636195634	0.753821400657
-0.910340278144	-0.862415295877	-0.299597137957	1.96194640178
0.654713797712	-0.985472879817	0.240357229274	-0.395646468026
-0.109385216012	0.59176644566	-0.0467448797515	-0.0782423425656
-0.975782355529	0.637180712868	-0.488695376332	0.257837411044
0.743568772588	-0.966514306447	0.743233888723	-0.331724910107
0.0996681113991	0.0149674428212	-0.371699485704	0.144022626062
0.850400700902	-0.558339964038	0.736104171755	0.379221630225
-0.00997281433417	-0.337380080327	0.530585083548	0.105975778703
-0.773200000065	-0.587068782201	-0.852944808312	2.28001193846
-0.418313244132	0.0392865721677	0.762071719988	0.769244368792
-0.267900484251	0.649255006774	0.0365686530623	-0.0770854137768
0.908927059611	0.293767820719	0.590023920003	1.61462018851
0.601094529589	-0.483665937971	-0.181418897367	0.191244641521
-0.249104444006	-0.755254332784	-0.912242865868	1.771352658
0.558090843623	-0.268018722001	-0.253427026509	0.294035040598
0.830613960137	0.594680889188	-0.79164486178	1.33979531602
0.532442337474	0.943269093494	-0.878876215541	0.729137874859
0.262047810926	-0.892978624899	0.187601304697	-0.297663744221
0.884241562532	0.168425733642	0.607055361699	1.40157213162
0.233722737722	0.651608753361	-0.80520573865	0.330599273881
-0.00442532515094	0.640834089924	-0.959596861866	0.303067439922
0.0630667274813	-0.109862651667	0.97173917651	0.834567918706
-0.902314178796	-0.245591216728	-0.9435735112	2.15783565202
0.934727736605	0.248189390008	-0.352214990109	1.14234482406
-0.0864329764513	0.71215968575	-0.953726489175	0.176305237401
0.973260819308	0.799212672742	-0.969743645539	1.89045033031
0.164932610281	-0.229595809448	0.559376172188	0.173806206745
-0.797376713764	0.537855587799	0.467598292469	0.677084620144
0.793119733292	0.0456736006032	-0.61997285381	1.02131349222
-0.306730755476	0.801193859383	-0.576827194225	-0.281087835357
-0.422230444573	0.740166599088	-0.396474598947	-0.270507471784
-0.921065927846	-0.0869618447617	-0.973368947356	1.96055310264
-0.497549569862	-0.487839310634	0.299692187397	0.433893590723
-0.0771595183604	0.592943761369	0.184295763053	0.10344428746
-0.409294016752	-0.716504590963	0.938748653576	0.669413948748
-0.481751427686	-0.497935423579	-0.329085003628	0.74412555957
-0.336526266078	0.25088617897	-0.513162032494	0.163410148809
-0.829637988229	-0.911264820504	-0.00502367819516	1.44892224249
0.915004121769	-0.241956705802	-0.533861647383	1.03002082386
-0.951031999085	-0.790323125437	0.643428401338	1.5615682077
0.690679244574	0.550677232153	0.976313206567	2.34820008522
-0.225148325727	-0.0582228092169	-0.989936413812	1.10141151894
-0.96048188789	-0.849834904035	-0.384911066519	2.21404387839
-0.977535191024	0.560558719099	-0.997100908443	0.842885788704
0.285976339685	0.761525075222	-0.218288845144	0.180978211146
-0.722363097242	0.989026883474	-0.957393250856	-0.222913904913
-0.0829820112423	-0.8223777278	0.708150726726	-0.00576136177868
0.621875090535	0.795199167148	-0.333124006472	0.727314853476
0.498414332192	0.859961388543	-0.0501274823765	0.636438992857
-0.17800061071	0.432483706567	-0.166386401716	-0.0895731195385
-0.052668529564	0.491575113194	-0.531060614053	-0.00214737004362
-0.512666553384	-0.382456416769	0.704236957856	0.685509357315
0.158366510602	0.173118390953	0.321550457685	0.211557101859
0.5645214087	-0.0284270018284	0.445719409505	0.488632095304
0.0417059352227	0.327614421271	0.937053096495	1.20046346442
-0.842498586064	-0.0842596927991	0.498052277498	0.986882878786
-0.618414574543	0.691229821874	-0.0113072074395	-0.0527180362423
-0.699966583519	-0.00680585875527	-0.311228469977	0.593698429275
-0.332762653158	0.705139270051	0.0817025688442	-0.0596260314995
0.027003429881	0.0645693340913	0.821851326875	0.730978775096
-0.835100964338	0.738795739283	-0.463247968404	-0.0472223587433
0.890669374662	-0.328890151697	-0.929526001012	1.67009008325
-0.0431620363941	0.211622824292	0.355936770851	0.194744218902
0.644999602566	-0.227411374667	-0.568589997774	0.721942659615
0.156080986631	-0.455292631698	0.0536233460749	-0.0682400998842
0.395453612877	-0.456356872334	0.618862277495	0.0764840511551
-0.225326827715	0.0338976105666	-0.448945454561	0.229467981218
0.869183451324	-0.493385413998	0.198297912658	0.268122199517
-0.776439161926	0.0586649758425	-0.254694849853	0.607235786822
-0.927787998903	0.949971444944	0.132996815201	0.123449794552
0.367668277873	-0.672100897533	0.236237168371	-0.214897430172
0.366738268154	0.926029750516	-0.231497411885	0.313325065429
-0.529972147966	-0.0173320263038	0.60540057698	0.646073008712
0.964453657717	0.102213221632	-0.766555957748	1.53800665571
0.318534648449	0.316880911231	0.808266831839	1.11182147356
-0.463025565127	-0.746248238703	-0.250259121119	0.80930974247
-0.0682059800581	0.460455112371	-0.826140623201	0.275353919317
-0.972927314188	0.0945783479447	-0.29333774311	0.912873333047
0.941674473956	0.468951736386	-0.857211528175	1.66117146402
-0.597456684339	0.0280149225969	0.150293904646	0.367015516773
0.0373867090799	-0.772827242475	-0.696667663478	0.996253881357
-0.975222675929	0.96206672515	0.148686268319	0.177983699147
-0.0683563495665	0.445001117968	0.165172717597	0.0750380091753
-0.713468449832	0.632535438688	0.919806509451	1.48559737879
0.156572346213	0.162344148456	-0.921156378099	0.748918228931
-0.442019066699	-0.726095041968	-0.383225292213	0.941448317335
0.636654108872	0.531077524707	0.648819034131	1.50898048826
0.428895246597	-0.191892875731	0.682805765259	0.436847341506
-0.801949582246	-0.570511969278	-0.926812240661	2.4883833739
0.735462350274	-0.761802845558	-0.977956253009	1.6820358466
0.805689366342	-0.0228165167227	-0.824790302791	1.32985021545
-0.0316715923072	0.942011262082	-0.251670510907	-0.20257031643
0.0583876338468	-0.725660944217	0.777180262389	0.00107928749296
-0.0984744069849	-0.239405270884	-0.490083262595	0.390782621423
0.867205782747	-0.781348280596	0.858872420359	0.141039467911
-0.600177541369	-0.249598960357	-0.682378516038	1.14597817884
0.339648316407	0.402165396035	-0.563656688435	0.342981425603
0.590734589845	-0.770886893355	-0.744628862886	1.02207457713
0.346188913377	0.0430499357866	-0.161722774208	0.153942274888
-0.0942725912223	0.545971500915	-0.439977354227	-0.0892178508922
0.00445571392609	0.308302010633	-0.223473632278	-0.0175633468824
-0.00454073245422	-0.61153864639	-0.620715296726	0.767676323572
-0.39722974433	0.0144421727745	-0.0356687983163	0.152811737407
-0.983061573687	-0.683625030934	0.948048114707	1.88914136244
0.200628662672	0.697136373474	-0.60206335625	0.122877418757
-0.693274645694	-0.162902799649	0.617894455607	0.874702936635
0.411914022355	0.958298898237	-0.342612770942	0.353467985501
-0.314196121319	0.73295814612	-0.37645080355	-0.26578087953
-0.533507730762	0.899560680812	0.488167548483	0.482151808935
0.157450552737	-0.848657015416	-0.0969170657537	-0.0171885742046
-0.273986269958	0.0785244779384	-0.501723162845	0.265882430017
-0.340671386499	-0.233059171461	0.981612325988	0.930242587798
0.764593040906	0.491555305986	0.509369293976	1.47028254119
-0.626844344238	-0.943678588555	-0.965348155517	2.82734886414
0.377847501677	-0.88348768392	0.259313648072	-0.352911725875
-0.158993535757	-0.0220440051097	0.108224397982	0.0381106198637
-0.555852439415	-0.164143042561	-0.0656339356731	0.415292412433
0.477107090511	-0.26828023076	0.667435524369	0.366043198171
0.465464839708	-0.418167296429	-0.872578939351	1.14829332479
-0.821635321792	0.190902723101	0.53215276436	0.903008158128
0.610212584813	0.748688034032	-0.557382439389	0.722587880118
-0.904456066603	-0.691966766767	-0.744783542755	2.51396230209
0.616017959454	-0.124823201775	-0.50581107615	0.621566595094
0.669544896078	-0.767925635157	0.198324671664	-0.178836245787
-0.21630634923	-0.366706149901	-0.650070715259	0.787086169236
-0.964723887502	-0.119804548572	-0.868794461831	1.90515983417
-0.259529781783	0.48817021568	0.407541528864	0.305700731877
-0.421036961562	-0.749017353646	-0.591629710964	1.28580274908
0.0256984525014	-0.783929441676	-0.450901451112	0.537301678376
-0.0783824302317	-0.581923531113	-0.639361853719	0.832599673513
0.731758432315	0.863944013879	-0.216392376344	1.02754348282
0.565114083285	0.83437882109	0.106287459989	0.890854179432
0.508994841791	-0.956497887586	0.244540440037	-0.401879129507
-0.956295001767	0.144376499245	0.564103922885	1.17609019122
-0.163770022251	0.0233689212295	0.65842535706	0.471904132562
0.928349716094	0.733604305371	-0.615264326737	1.47006417671
0.0496375657549	-0.833343497806	0.276542690786	-0.19288044814
-0.308340791227	-0.990834454356	-0.719427342656	1.63099782304
0.841842803875	-0.633403398227	0.612875256765	0.16289202372
0.370407578783	0.439076099397	-0.800678558302	0.589366224774
-0.829889366726	-0.159159441715	0.00665892562355	0.819785599704
-0.152504432656	-0.0789896885373	-0.863245270217	0.848683751193
-0.715257147149	0.677050943204	0.444603120368	0.526018157076
0.892515461084	0.178230668232	0.241337011077	1.05691468498
0.765714941679	0.858369032111	-0.0907192722304	1.17394473773
0.45536805124	-0.84381462908	0.595922961307	-0.324610497905
-0.842000415774	0.269605120729	0.229400395163	0.596429138949
-0.995935192545	-0.894785559662	0.457483055179	1.68297685061
0.00601243673703	0.0993640593534	-0.10286927925	0.000994148960691
0.684818746288	-0.407304188248	0.554565802321	0.271713426874
0.904908047881	0.87463515395	-0.254640624837	1.4524471706
-0.662943058163	0.25874365417	-0.485609437993	0.378129354773
-0.731679306367	-0.563160088428	-0.466514411116	1.42776518304
-0.819545708291	0.220567218418	-0.788343975342	0.938493636394
0.0599791760562	-0.0305472289975	-0.475360180779	0.242253541703
-0.826279579531	0.487136166629	-0.401485222636	0.245839688296
-0.0429756829127	-0.910569899831	-0.0261267345149	0.0654520968933
0.718222434947	-0.19962384333	0.664388620335	0.681253572206
0.947068268903	0.44092799451	-0.885987882922	1.70884488674
-0.771789746678	-0.107963744144	-0.0853161771385	0.695474627822
-0.822424608414	0.409610761095	0.374915694326	0.63363954748
0.262404260018	-0.720624943147	0.68092582944	-0.14727121121
-0.984672428183	0.162744336324	-0.787516743575	1.30134866164
0.0984267830395	0.195197915144	0.466548460845	0.33763728765
-0.66915204774	-0.903962363883	0.789106793148	0.96201941877
0.253578115002	-0.303419347087	-0.42132711211	0.292716686984
-0.191262207519	0.520633833047	-0.500219096317	-0.0732081853516
0.562763401732	-0.775194201615	0.638972285331	-0.206590308734
-0.569619697617	-0.720321381155	-0.417549117165	1.20989266926
0.32523614537	-0.148192895133	0.621661491484	0.351918058049
-0.124763676331	-0.0616383591578	0.115509899467	0.0294788994286
0.0746703005982	-0.826301088052	-0.788765329087	1.21778389717
-0.415269725605	-0.401916708262	0.525965630518	0.40459825577
0.338282818735	0.478789318639	0.412139649435	0.643588618314
-0.574551473935	0.257665549338	-0.77170746039	0.578757252759
-0.735761252945	-0.224260328453	-0.0423618789845	0.717641299271
0.435108868042	-0.362577696247	-0.982199636326	1.35239876305
-0.630524812467	0.446208035649	0.776939732828	1.06652840159
-0.0693836841287	-0.840474518966	-0.826436304498	1.44072493504
0.628533697477	-0.387125475454	-0.0061655367407	0.154158052575
0.264974375734	-0.420199045315	-0.568808719406	0.521425680213
0.232367063069	-0.543305311676	0.869178809529	0.210990531297
-0.301998258629	-0.383840665691	-0.232150156281	0.350124526434
-0.251736225765	-0.547445888593	0.221061466075	0.129032070221
0.842611711453	0.70704003145	-0.787554076799	1.3691638719
0.457522820084	-0.545421964573	-0.180648520366	0.0909476943164
0.409539243237	-0.630518248299	0.340167495992	-0.189267462876
0.0363315028934	-0.20199662347	0.916017162541	0.648036205388
0.542671076615	-0.591811276407	-0.372597580032	0.332669440944
-0.749131453634	0.80267368985	0.919684440024	1.54391579895
0.695078177327	-0.984023694902	0.553694294552	-0.439110657454
0.805363476528	0.201089920456	0.735135494804	1.49881334065
0.97784186965	0.35798303376	-0.989030251665	1.93035030981
-0.418577261989	-0.985836567861	0.126733364925	0.478978655873
-0.857717276616	-0.0570408230441	0.758663893484	1.31689991638
0.607389050047	0.273093960039	0.694743555537	1.20719461583
0.870846283875	-0.457350908309	0.0803563520346	0.329797003932
0.60699699498	-0.217938227479	-0.806645378139	1.06263313273
0.724915352707	-0.184368937134	-0.983581345845	1.54062450671
0.711260473289	-0.417251340007	0.902000114086	0.646360524812
-0.598861101643	0.192158754002	0.303172427018	0.393728972277
-0.187971881524	0.43783931626	-0.0380922631084	-0.0621953217643
0.89347788674	-0.423107433222	-0.748112767405	1.29647038433
0.687606752397	0.163434437525	-0.847077767638	1.16428073469
-0.195673782129	0.653512151484	0.41350126099	0.351624426216
-0.576780311117	-0.195554255978	-0.331933180561	0.620557954412
0.837620236505	-0.93473377854	0.819715332423	-0.175626651841
-0.985828365741	-0.543446632891	-0.615028655906	2.22009817244
-0.92565373293	-0.975712262087	0.508573498596	1.52243213567
-0.348890960852	0.52449095575	-0.700981398379	0.0624512663289
0.520317668573	0.764461243887	0.43249728078	1.18617447549
0.352017168724	0.617210076738	0.252870773067	0.561202647919
-0.106876677085	-0.406587135091	0.913857388484	0.51844997507
-0.480010420873	0.103202384144	-0.88786059595	0.877538891849
-0.97066765916	0.479378425776	-0.48193611217	0.478111211575
-0.533510276667	-0.702175531437	-0.674971842127	1.58878677697
0.9832209934	0.448441399592	-0.142598238061	1.36402782429
-0.27458980962	0.0125393723104	0.600022668057	0.439507489504
0.79631657817	-0.691546249954	-0.898462351243	1.51199321559
0.821076101989	-0.0795692162076	-0.0876189730094	0.623482440815
-0.397540120087	0.88056045179	-0.747781828265	-0.291309402524
-0.948339373842	0.113579002741	-0.867610539622	1.44584183624
-0.527657200652	0.575105618605	0.796467474991	1.06737685923
-0.865096633446	0.806223742789	-0.958696928581	0.197106314419
-0.65092238907	0.871512418722	-0.257637118604	-0.301744052611
-0.260160380271	0.269457170391	0.445014188376	0.315531235387
-0.170378934808	0.915599931433	0.661107106922	0.915402268988
-0.50060946346	0.571644166418	-0.206741779651	-0.111001213374
0.311808761926	-0.73917460003	-0.0259141742898	-0.113429769024
0.156883496676	-0.438853994954	-0.360879250465	0.244370616449
-0.329429445357	0.909460989916	-0.878113301224	-0.218606292417
0.417163204522	-0.341381469272	0.982669728685	0.661787911407
-0.921365454383	0.110430732525	0.551889082289	1.11269431326
-0.482215619158	-0.164130249653	0.835812093272	0.873077881047
-0.222053475065	0.885251234997	0.190962173995	0.0582506850155
0.122920659899	0.290189982445	-0.348460097454	0.0710846427224
0.142785506259	-0.578156189442	0.729978464344	0.0486623676776
0.684238308378	0.964896202637	0.573546423681	2.01076927447
-0.596723676949	0.36086536005	0.980341926001	1.45558397607
0.247123054649	0.203773394384	-0.152816941837	0.103639898571
0.72755473146	0.715923359288	0.942178802676	2.61243802436
0.728791504614	0.346545947825	-0.266771454401	0.762415242296
-0.251529586264	0.840106904656	0.839082755335	1.26093447726
-0.976781626373	-0.169387290951	0.139495451052	1.11538696347
0.384352491626	-0.585686142026	-0.0415901830817	-0.0512945529752
0.383690789557	-0.552507613174	-0.553329269816	0.547118454657
0.915740084497	-0.00405336200062	0.552686882832	1.13809062674
0.553535944355	0.8787688088	-0.261935274999	0.631261702837
-0.842161386281	-0.382138555446	-0.0956959275836	1.07678495023
0.116087724823	-0.973459430816	0.864695420765	-0.193578072112
0.53794442594	0.804749804101	-0.921543355344	0.829925197889
0.942064265316	-0.662410946387	-0.515773596076	0.871127876747
0.797051064172	0.590079598854	-0.964772323917	1.46710714222
0.210358791575	0.3127366897	-0.0596065091818	0.0949495268898
-0.944042536961	0.491488021274	0.976674429297	1.86114743663
-0.532039373391	-0.735048988096	0.632406026457	0.609228870362
0.728714088257	-0.00711608538031	0.34573893435	0.642913733703
-0.328521714933	0.444142691273	-0.376713762374	-0.0633854069282
-0.724779084737	-0.161914061492	0.282555081781	0.67674438032
0.144190558453	-0.506523100944	0.250111953616	-0.116376424635
0.685430174927	0.572339821188	-0.326944392021	0.781882849062
-0.465577751545	-0.423881232109	-0.563404099792	0.970352917358
-0.582705337137	-0.510995573234	-0.927803980782	1.97222931147
-0.266156389637	-0.366335410339	-0.57889863935	0.715536439188
0.321369407758	-0.525048665064	0.667131129472	0.0293313526652
-0.622671411518	0.647327021067	-0.276627768589	-0.117898050231
-0.516929303253	0.619367093565	0.963921852346	1.47321371797
0.591313213564	0.880545835086	0.759605348585	2.11619731558
-0.198909027492	-0.602167130246	0.965383914898	0.509984921007
0.449464884363	-0.543672804948	0.0965898111805	-0.0855268140816
0.0185886152971	-0.116773257277	-0.645680615124	0.490476568799
-0.460891049202	0.783264726527	-0.779767199918	-0.151306398908
0.917740671059	0.945785534083	-0.86840256152	1.64303421845
0.055556602739	-0.664269519063	-0.911364850652	1.40215976036
0.537911031153	0.950578155272	-0.488925002525	0.574960984257
-0.749696441995	-0.969118919742	-0.220932598163	1.55151093494
-0.784375045398	0.597184868826	-0.805578322899	0.314704552482
0.747687074074	0.0050259989127	0.963754627391	1.49646064669
0.231493677321	-0.849689531954	-0.183850969898	0.046908992001
-0.183112046914	-0.763001783929	-0.198904632685	0.364572482653
-0.458421002421	0.904753953887	0.155921119305	-0.0392267543936
-0.211017773848	-0.0670963177485	0.106792248847	0.0629262342365
-0.70748705498	0.50691106429	-0.951492075797	0.564920226452
0.429408946029	-0.362258565649	0.893694888479	0.503776899329
0.389861420658	0.138324813563	-0.872183808838	0.845979369295
0.015007397169	-0.164327451122	0.722358621685	0.40085772187
-0.361257203008	0.111645613474	0.327935067783	0.234327905177
-0.75739532633	-0.398292324054	-0.00968819970179	0.879265021887
0.497068740923	-0.871770177641	0.633822216833	-0.337069075382
-0.144420668787	-0.582593282196	0.999162366066	0.521215992488
-0.504523266605	-0.198976285832	0.498086219462	0.503914428296
0.783180494292	0.186146857729	-0.548212893657	0.957647543937
-0.840285132026	0.888697023469	-0.222389166126	-0.188859441371
0.390125428322	0.146287997103	-0.314073122224	0.261965315462
0.613297243556	-0.390813615781	-0.705310282098	0.909556051278
0.526431840609	0.678887232194	-0.747830989228	0.686076616041
0.154631078212	0.528627108943	-0.858451900775	0.388791669648
-0.103548739743	0.949565345836	0.597862227076	0.837544541616
0.861496291505	-0.206418231421	-0.0695491014513	0.583540599441
0.119864406202	-0.0362935698184	-0.176534439974	0.0475886421983
0.829066096816	0.972523954206	0.157749737023	1.67193760922
-0.98625417746	-0.355417289824	0.652925315138	1.51747961057
-0.14331928716	0.398613638473	0.43994742482	0.332334175904
-0.369078563826	-0.874374352587	0.392186577801	0.269824243324
-0.0666440048672	-0.987134068868	-0.880548092014	1.71481195433
-0.416820560976	0.872355554836	-0.449967820494	-0.37993723991
0.167444713152	0.875929346782	-0.67379728011	0.0385114334293
0.295111260947	-0.629537002379	-0.18661848382	0.0536168971485
-0.194283400359	-0.833099662326	0.378859418178	0.0275102802788
0.864539076215	0.207317679879	-0.286095486693	0.949200024729
0.095654462127	0.547368857242	0.546382010506	0.659113847863
-0.687135730159	0.831303094259	-0.367134553123	-0.26947485692
-0.354787666283	0.55980244744	0.0768342211043	-0.0238212332061
-0.0956943122944	-0.993306422621	0.267068273136	-0.0897439920526
-0.984854229649	-0.468379517602	0.856863965168	1.7641017268
-0.532527089965	0.213777500398	0.466456165597	0.48704197891
0.278804173396	-0.984719549374	-0.461390461305	0.470409212038
-0.943977836522	0.894120947447	-0.326487197878	-0.138261354033
-0.341807488739	0.964397749947	0.334033636941	0.220913744784
-0.971699088364	0.213811462061	-0.940166565981	1.4193334993
-0.926590307427	-0.483760578912	-0.969251659832	2.71515198551
0.848997621897	0.344809855642	-0.214597332446	0.985596449305
-0.103034712534	-0.955944454716	0.547350015235	-0.114532558598
0.796115331288	0.641963650489	-0.344294730796	1.04239088442
-0.45226984845	-0.315500359304	0.691681907845	0.607437286696
-0.492881073428	-0.782797891843	-0.122956632987	0.740126544438
0.18467111144	0.674781498132	-0.498592493207	0.0708695533983
0.622027870309	-0.978084779529	-0.909364720063	1.49490266488
0.208164493394	0.953288991302	0.15497515072	0.413526778689
-0.744893753666	0.0595580006681	-0.177811809715	0.531529245365
0.232368363648	-0.197924310715	-0.993635023726	1.19197879577
0.470357267413	-0.0989645999876	0.895936120656	0.888722812689
0.438469198298	-0.0964805270589	-0.363732217819	0.317345700869
0.310232636764	-0.418746772595	0.760548664391	0.226292345806
-0.244088415307	0.218988445048	0.403140601475	0.256932089975
-0.938214265572	0.387381044957	0.186139162573	0.623554156681
0.301406247446	-0.519629159597	-0.831113725887	1.05684720321
-0.392227778978	-0.29579793973	-0.3709065971	0.517147910555
0.281202171034	-0.721978671969	0.26931781654	-0.245856942221
0.0189029869181	0.797095725229	0.642228466237	0.939799780884
0.454560380362	0.495636256374	-0.845655900726	0.72791792223
0.72478362853	0.887006809527	-0.919595870097	1.19816808764
-0.00636440888351	0.572672708751	-0.351858955784	-0.0812995141164
0.356562680412	-0.192298176978	0.496939315859	0.209958750779
-0.566165646496	-0.769386740755	-0.225092750076	0.979994004243
0.240662768322	-0.254508257243	0.426724811909	0.0701569832048
0.793794914802	-0.23224909927	0.655107721293	0.7227701611
0.150000145203	0.261211459241	0.565432872747	0.529093679752
-0.578121660963	-0.507632811984	-0.422013341288	1.02002125866
-0.407108891259	0.697916854656	-0.932757496798	0.100658861962
0.268482542103	0.429462786668	-0.798599227126	0.482178212171
0.360407593071	0.437837164555	0.790774540595	1.25924832849
0.0693382390396	0.0424161165718	0.499276493123	0.278203236742
-0.51411460064	-0.837884328873	0.547502492365	0.536097610487
-0.0401669842136	0.699006147811	-0.733489557627	-0.00117036127206
0.992916956575	-0.261575515016	-0.783920289042	1.54574669128
0.698129081073	0.259841199576	-0.442714729766	0.749747717224
0.991778682931	0.0792935909526	0.722600723349	1.64171606068
-0.106529128153	0.350024136839	0.325093657025	0.193537201545
0.0331673588045	0.489974188377	-0.36240378702	-0.0288807731628
-0.361271071188	0.355701978274	-0.281295788252	-0.0189181957107
0.818925447638	-0.593460216642	-0.0463298134768	0.21428056798
-0.927160602208	-0.651683758123	-0.142480426755	1.57699513989
-0.116950815692	-0.356854911565	0.421532879076	0.0826758561396
-0.58578942791	-0.831151241785	-0.257799769744	1.11076018432
0.42655233778	0.105567070621	0.430835519524	0.45807806623
0.560512174887	0.662654877669	-0.968029081403	0.981211134803
0.529532138307	-0.815813913524	-0.366458017351	0.281657627169
0.28207731897	0.697735385427	0.889395081698	1.68796897222
-0.0196727629309	0.675879894013	-0.0241095408094	-0.0286232912522
0.821069321558	-0.667747282544	0.506128915028	0.0440882935546
0.779718353702	0.540742627232	-0.720968811322	1.15952511989
0.603306959684	0.220675580714	-0.535311341776	0.665542492705
-0.710044037039	-0.495361612237	-0.167464044123	0.966890558445
0.943388732697	0.907389731635	0.408371717364	2.28332331254
0.577074899477	0.169771780616	0.163718905391	0.485585202911
0.40899988493	0.135295866268	-0.0634785930956	0.218058040147
-0.994624281806	-0.103581854049	-0.509006888845	1.40411437931
0.179657776674	-0.870113496422	-0.876383872506	1.406556388
-0.955437547882	0.218215958733	0.969146869521	1.85509815537
0.549934985768	0.773076054057	0.652582440786	1.65792975765
0.33264757363	-0.168729694082	0.481553685943	0.205168431238
-0.922024341833	0.757739689763	0.14823965873	0.285776517635
-0.435020405216	0.110669199562	-0.147244086353	0.146484828706
-0.87678842931	0.612730759329	0.904528883482	1.60392788037
0.605277720442	0.449780344292	-0.534009137221	0.683582085397
0.173353837452	-0.942901823724	-0.407987344759	0.417741588389
-0.236713001547	-0.975994579847	0.849557308722	0.179647943811
-0.192289674456	0.181426367579	-0.345473381736	0.0587627784872
-0.636193425246	0.153261689996	0.619574411941	0.786067468192
0.262887673157	-0.158587795213	-0.951884377091	1.08446026423
-0.0292057068249	-0.435582247277	0.633450693405	0.138914365126
-0.673571014777	-0.381686448131	0.578151610917	0.824377490495
0.935584726487	-0.703825613962	0.907278720242	0.401418959797
0.723739049886	-0.669257509285	0.785064805993	0.130346651353
0.568415191608	-0.833457869411	-0.875949198378	1.34669946624
-0.232054826455	0.223496979487	-0.959705396284	0.708529080083
-0.427070435165	-0.513335239172	0.453809969637	0.37460629981
-0.0827796664391	0.63578093905	0.388321771943	0.351904118497
0.656449913941	-0.513739326918	-0.452072282251	0.530299010951
-0.525727787138	0.523967403429	0.278347097718	0.224247395484
-0.161092621592	0.830990989598	0.215509239847	0.117614784645
-0.200060095883	0.881365039858	0.443859761072	0.45191203109
0.397303951916	-0.913140270354	-0.278322730782	0.126667428245
0.818771122233	0.325580630738	0.398869988449	1.22592377912
0.792373036203	0.347410511168	-0.609915001733	1.06323917686
0.137495725862	0.937376004613	-0.524522056208	-0.0687607331409
0.669628248602	0.567832799532	0.639592651607	1.60089932029
0.646821892993	-0.086908749779	0.661501386982	0.742257905665
-0.486097750052	-0.176162886568	-0.52686615865	0.692325617883
0.806449353118	0.798086223962	-0.0708846805871	1.24242922907
0.326298265833	0.0839955483602	-0.422948127004	0.277237518334
0.999838019638	-0.273690350853	-0.481150371855	1.08922194154
-0.262846975824	-0.0701546274985	0.831748109514	0.720982403262
-0.103627459858	-0.901367413333	0.443992399082	-0.0989259639785
0.51228853685	0.757153344656	0.58522156015	1.43590726019
