-0.447642309842	0.293455939176	-0.32191352026	0.0781812232159
0.980646701778	0.114432882057	-0.544444761503	1.30800389722
-0.336373425975	-0.807008501341	-0.96471609364	2.09381452636
0.234026889164	-0.465115532993	-0.228908550456	0.104787090488
-0.536745793155	-0.0162094533791	-0.430323939061	0.488950410737
-0.174935657384	-0.553085331989	-0.928680578944	1.50344405439
0.67612674513	0.864072842429	-0.24795390608	0.88860103711
-0.27070176528	0.0484793689066	0.820086558237	0.772455236777
0.258158090466	0.526095016762	-0.338204982965	0.138915938925
-0.248246662816	-0.646158147952	0.924832379439	0.479759962075
-0.239799118999	0.0528887420372	0.229827345742	0.10979683178
-0.974398247567	-0.370806038877	0.369820968021	1.31040039947
0.650323111157	0.123183465916	0.857476559291	1.34392218795
-0.969510165195	-0.887175258744	-0.956325006798	3.56306079606
0.996031703551	-0.620425583941	0.194711335541	0.291224213315
0.0689489071198	0.0311076450076	0.609345249364	0.397155718547
0.211300986597	-0.479012816601	-0.979133927859	1.37115317549
-0.521684827376	-0.490389921456	0.150369294625	0.476855378821
-0.975398256781	0.812626704652	0.814453061238	1.48394718441
-0.997135241805	-0.916314423355	0.446969180683	1.69818523598
0.261055318807	-0.425099206176	0.939112582341	0.439891899732
-0.747180486229	0.515840245145	0.773538552903	1.1702371234
-0.316683415862	-0.668907405735	-0.71796221731	1.30784025771
-0.795263894873	-0.401801666227	0.928242108131	1.44064720614
0.906606186801	0.905185771289	0.359505906742	2.09724592686
-0.216329608967	0.146526779296	0.205526425493	0.0874566556109
0.25081053714	0.713183439207	0.119796550996	0.341567976881
-0.528112339891	0.603328346094	-0.783460798222	0.101404213696
0.652785913871	0.647548728311	0.76783609792	1.93562369976
-0.273182954378	0.0727142832002	-0.237747795416	0.0940009775516
-0.0849073685144	-0.976216914568	-0.633163260635	1.10909766988
0.188375058935	0.552076251535	0.485507527505	0.64323729439
-0.686306446289	-0.766787821696	0.589623352691	0.892807654992
0.678323065659	-0.0499335555251	-0.268974556759	0.51202926709
0.997745975282	0.311699011097	-0.464734707924	1.37761446488
0.330240457749	-0.760075341074	0.911680264288	-0.00373365216278
-0.571109733539	0.908366292675	-0.454763558097	-0.398892497161
0.497971738912	-0.697239427408	-0.148336985179	0.0262005784322
0.571301036269	-0.748221488222	-0.903599252559	1.39150914919
-0.530652966286	0.182558577184	0.0794725099512	0.205541588304
0.653727934191	-0.52544129537	-0.412153278227	0.470297236536
0.365870981622	-0.0957797220281	-0.371319711629	0.272261781282
0.354999416485	-0.505364501815	-0.0891422987299	-0.000383814740747
-0.561156713783	0.717746832811	1.62549087857e-06	-0.0878704299111
0.968344472677	-0.870848231497	-0.106359093383	0.198344831375
-0.694938846705	0.869541390824	0.355228794742	0.313735546213
0.124533363539	-0.531045777529	-0.417521945255	0.345423482588
-0.327296832684	0.752439482623	0.502712263576	0.491832332699
0.8071147256	-0.67908507815	0.329513043397	-0.0118539312879
-0.867737565323	0.758063675579	0.990672606783	1.82759328549
-0.438892353201	-0.831693834873	-0.863111908781	2.02045758244
-0.518610843269	0.0240681537941	-0.811486385128	0.89545437535
0.568745080849	-0.119261841258	-0.58797424118	0.671477980348
-0.171152319329	-0.00768607208558	0.39724098952	0.18535578635
0.8382699061	-0.412180279922	0.0670363386564	0.334040924795
-0.696887905108	0.901641642028	-0.610715085846	-0.320363639518
-0.210648667032	0.74861853367	0.0549936025242	-0.0691291089093
-0.268889386882	0.25861398332	0.285058099944	0.157741078012
-0.849849463165	0.992275363362	-0.759625612615	-0.297767284259
-0.776183691654	-0.576453745284	0.803665150542	1.23249700748
0.353392630804	0.527661604294	-0.775345144322	0.503398304112
-0.664595235881	-0.680785193704	0.347178024063	0.77831234598
0.0905671623548	0.295298733296	0.421665524057	0.337265888526
0.700573200766	-0.456916485275	0.785947749881	0.429300747117
0.285131092726	0.694129639098	0.183919311244	0.440707840713
0.389407375416	0.665841579056	-0.420825480552	0.307812708376
-0.251577909067	0.078338219509	-0.400461073758	0.172580942961
0.795611496997	-0.250664572054	-0.908185152009	1.48601615154
0.901005633444	-0.910764046712	0.888252378035	-0.0287884285632
-0.262710652802	-0.856454764374	-0.27632321368	0.607029528622
0.699648900153	-0.155686027356	0.564723200497	0.611575807215
-0.671547881859	0.984372307957	-0.722262802855	-0.39938852655
-0.323891555893	-0.704995466481	0.739113250049	0.358464724412
0.249498288657	-0.829372649096	0.3588775994	-0.31352779453
-0.465312865592	0.923622443255	-0.826733935482	-0.293358360244
0.0501217643678	0.1347919624	-0.37436295604	0.098954707602
0.755859172662	0.773775250362	-0.731854191449	1.12550810679
0.777062199541	-0.0341781394784	0.498545519652	0.808775398575
-0.712240344682	0.749527217142	0.383640832651	0.408172319263
-0.69246545992	-0.241984758252	-0.194555918913	0.732006072687
0.874229097287	0.566253304261	0.50760278297	1.80440396795
-0.0461406903261	-0.218013810599	0.614470412882	0.255799123121
-0.97217626892	-0.507443653165	-0.734398231698	2.35045785956
0.447688317157	0.248755196044	-0.654664956896	0.577524520511
0.653874386703	-0.334218491274	-0.826291011153	1.16793337279
-0.232056046309	0.239514347943	-0.590551478224	0.20557475221
0.369927610766	-0.577703061285	0.38256364147	-0.151515123025
-0.672569292034	0.166439745261	-0.180172609976	0.342881477029
-0.575755404878	-0.657500008128	0.391385189918	0.605900070968
-0.684797777316	-0.567955908185	-0.210306648606	1.02155672941
-0.218226013069	0.673259681604	-0.903904575316	0.109180791404
0.419661413393	0.479484950049	0.887838211447	1.5912987839
0.881464162872	0.898263248111	0.375225290674	2.0466110396
-0.990915464855	-0.791986860604	-0.872715232966	3.21951636203
-0.867065315643	0.790039616539	-0.576312329884	-0.0563873584255
-0.947840779138	0.593829667249	0.1491036729	0.446320257853
-0.741985812199	0.0597118285973	-0.316342617614	0.587420871423
-0.577597332159	0.374142993514	-0.274228516091	0.0901152843376
-0.138087730181	0.872199560055	0.602393772348	0.7869140039
0.258439396207	0.471343834898	-0.499836154299	0.202846228965
-0.304790834791	-0.879168308946	0.300733478755	0.186905177061
-0.96507715071	0.319057683429	0.196406661611	0.724699257976
0.88144935079	0.47114110208	-0.0993848465015	1.15529303817
-0.0860424812929	0.758347158061	-0.613659325679	-0.146635800227
0.754097178189	-0.531199191276	0.549448232406	0.178113646347
-0.0713815952898	0.624282716406	-0.791315026765	0.0927082130798
0.834348426987	0.0386323889838	-0.773609569282	1.29695555048
-0.759565509511	0.0676783433706	-0.840373384461	1.17488597471
-0.316508462591	0.855715307124	-0.822487772199	-0.197992770558
-0.316093911366	0.800992859546	-0.105426610463	-0.226604797141
-0.389391005403	0.437221083808	-0.36581439723	-0.0447461963274
0.262266232082	-0.151528986723	0.887365410291	0.681998429997
-0.420106802616	0.727333861634	-0.0712250867541	-0.175799581852
0.310373743627	0.174348438722	0.628921947938	0.655639414655
0.599628941222	-0.786550831967	-0.123163829482	-3.98339981813e-05
-0.111613282705	-0.488834038184	-0.249727398542	0.251456922832
-0.456276694048	-0.816194028361	0.404579915519	0.414067931494
0.395733649768	-0.659694976327	0.364900419935	-0.212029036579
0.971420618588	0.89578952865	-0.666762822876	1.66113994341
-0.0835838210953	0.53930864374	0.28535348752	0.197228993136
-0.591194065909	-0.758788962923	-0.532683505165	1.48604803685
-0.0138272014906	0.334911942295	-0.79467265606	0.360919564153
0.810468524419	0.35098932089	-0.893934048067	1.4266818039
-0.68098937817	-0.805697573295	-0.0161072141303	1.0256550083
0.784769812892	0.810329135133	0.0156581707818	1.26471895328
-0.417403651543	0.917945292846	-0.875735371458	-0.245892630015
0.107854251502	-0.355222104555	-0.661811180577	0.646404324483
-0.42599296142	0.0224224454996	0.29024127148	0.262666113981
-0.904969618626	0.433501384236	0.467111111865	0.847350532683
-0.120368802353	-0.671987035764	0.856503375018	0.253413790589
-0.892820033123	-0.846971001704	0.47540130938	1.37667557108
0.825465849251	0.182141274928	-0.0187451815182	0.828682381041
-0.682211826274	0.66917634637	-0.445237334367	-0.0908130502136
0.589984153965	-0.0368550856113	0.169959451144	0.348959730337
-0.716091549563	0.83394249407	0.134380175284	0.0457313045696
0.756503924487	-0.398626924442	-0.385304280527	0.572787403932
0.809322860602	0.182902468436	-0.490513022799	0.953917624523
0.795746486815	-0.109236783759	-0.175155428822	0.59610052432
0.831425581971	0.692513924586	-0.583740245897	1.20354671718
0.123063902947	0.151739580955	0.112342352467	0.063485974917
0.305489432157	0.513864004904	-0.851476463035	0.53777287795
-0.495971911042	-0.339188570613	0.859731006363	0.861742612255
0.0124665742808	0.74487090306	0.932587299694	1.57381761957
0.421767546487	-0.565467637168	-0.689542329408	0.804774461106
0.16331359072	-0.87060465193	0.757183802148	-0.201390673172
0.658167341333	-0.277390455816	-0.57916430862	0.746700858322
-0.513089389014	-0.151169369752	-0.10308800994	0.367035007968
-0.121618455277	0.787582854753	0.609490614347	0.770509605436
-0.637434934031	0.959937122683	-0.557147756688	-0.42998735303
-0.866205395042	0.121781103758	-0.570900733308	0.901227063163
-0.399255021671	0.0416915893826	0.27665745223	0.230832630679
0.130952591512	0.382259036635	0.807353865599	1.02764496789
-0.00980146371992	0.928368592677	-0.606942817679	-0.204090367941
0.159519957126	0.803583049931	-0.212299612623	0.0281049057028
-0.730035975716	0.361243875267	-0.0310243267853	0.258986661705
-0.611605051522	0.577137020011	0.569581746658	0.674230900233
0.196300050878	-0.48063562558	0.00621278445765	-0.0587625746341
-0.873171245427	0.148959316241	0.547968099764	1.01425502398
0.399004779227	-0.383976501351	0.328682865629	-0.0121777159436
0.168310392409	0.351454648205	-0.727350451513	0.360889840204
0.823358372191	0.206217702628	0.747005036017	1.55977226722
-0.00846059171492	-0.660330993166	0.146941550187	-0.0697798680588
-0.614287591496	-0.174082257022	-0.0218888105445	0.488575389024
0.674943372246	0.414836380124	-0.751219647391	0.988237340494
-0.446988838949	-0.922935362625	-0.96967961285	2.447570985
-0.800382054986	0.12519112736	-0.878639770517	1.20242064508
0.41465952897	0.927581470202	0.361802830898	1.02307591073
-0.419860371934	0.32734785012	0.399660018094	0.329398319583
0.0409150985064	0.0639113025271	0.318921869678	0.126382853579
-0.402284740722	-0.232520536595	0.146650451459	0.242779589643
0.913879823072	0.306092286977	-0.71158000322	1.40344484651
0.949971510845	-0.580355797043	0.935434485995	0.68327724896
-0.97273140827	-0.380014101382	0.525390865678	1.39223766868
-0.242911776911	0.616205733593	0.221746604716	0.095135587606
-0.778836414011	0.304894270026	0.716358377311	1.10070628914
-0.322992738884	-0.82090290941	-0.269824848884	0.663775440995
-0.255736003345	-0.013524031241	0.530035223199	0.342628610019
0.286064004478	0.738967700781	0.0242385507865	0.311723687812
-0.131383561042	0.933284658044	-0.615306676077	-0.301010596877
0.774727787759	-0.0932479788588	0.678669420301	0.925268975046
-0.740143275388	-0.067326305105	0.65112142776	0.977764693864
0.273639295719	0.469442750301	-0.164770148553	0.153135497885
0.689755743339	0.29128965944	0.351714828304	0.902835914049
0.822575356923	0.129751209136	-0.576748136565	1.04116500993
-0.657980063026	-0.293377159105	-0.853074966296	1.60398369321
-0.225959625056	-0.228517452297	0.683726652902	0.413932133095
-0.210845372093	-0.0290276686259	0.679729173922	0.49287691719
-0.235087213272	0.533493929681	-0.549961511425	-0.0610950672365
0.128885575603	0.641775119216	0.391858601858	0.504365312021
-0.361251676911	0.931703448517	-0.339992952929	-0.407254057763
-0.512159073677	0.100481831604	-0.712688314486	0.647156641357
-0.796631589562	0.0541947957294	0.808755108869	1.28936374726
-0.82721897128	-0.822749897563	-0.61946066172	2.25827825772
-0.496009024228	0.878438697716	0.686826355059	0.885376721716
0.429508118956	-0.893205426634	-0.351778810152	0.23879731509
-0.361923284898	0.0483863634275	0.0110491318495	0.114133023179
-0.591973682804	-0.613512007928	0.513540390998	0.662276340664
0.734823991905	-0.483214949697	-0.46433763667	0.624872689369
0.000686073428871	-0.460626057055	-0.262844073348	0.189844283419
0.8682581645	-0.002952962046	-0.474384547525	0.977749845309
-0.34828418929	0.892110341255	-0.211425526324	-0.333320195709
-0.264251209431	0.0309738934419	0.874304653978	0.85313306004
-0.10483298799	-0.00154445815264	0.940712847823	0.894639635966
0.531879868688	-0.504362326898	-0.1237856363	0.092391721829
0.967091568287	-0.530248382663	-0.449146946011	0.862359782292
-0.522455349807	-0.378035401627	-0.491790408923	0.898238201601
-0.0386852506173	-0.0648709632607	-0.688069211885	0.522081050995
0.835014403568	-0.708586202917	-0.952501340662	1.68775748078
0.508732293852	0.00626995769702	-0.571280449902	0.584777724956
0.183276961796	0.867419163422	-0.455554848103	0.0049416079968
-0.863900655129	-0.98182724064	0.795430468173	1.44625986636
-0.517585670011	0.163321365597	0.261225424245	0.294264542649
-0.0146294346126	-0.545872869132	-0.904744175256	1.32063715324
-0.477758424269	0.315196253774	-0.849614132226	0.531714428469
-0.78041720232	-0.812211721618	0.799350828026	1.23263464321
-0.309679412601	-0.685007272571	-0.495904048233	0.893652692977
-0.788233053142	-0.692879323116	-0.991417424681	2.83730287448
0.207610908648	0.608027745435	-0.295174793261	0.0769891766232
0.599302935573	0.787955250686	-0.390238655321	0.676183514049
-0.299398421841	-0.384184705982	-0.0159864662058	0.211061032588
0.87332812412	-0.093111983189	-0.120132550657	0.707002308532
0.26414070722	0.392512328106	0.967217988417	1.48860441869
-0.373008380527	-0.943128122714	0.976437738747	0.523454711784
0.615968338873	-0.563853977659	-0.541895550298	0.631301545452
0.183763615316	-0.789824170676	-0.174326536658	0.0567051748728
-0.196897757912	0.184052129595	0.03683623133	0.0106659701758
0.35046343968	0.257610806432	-0.212834896725	0.203577915755
0.0246212845617	-0.712731275307	0.321622307389	-0.142731520594
-0.0487996032554	-0.664960880654	0.869365749764	0.212533820724
0.726863017206	-0.606038075351	0.0219639645626	0.0749945987189
-0.561398954125	0.646850084263	-0.966955098927	0.261555001033
-0.524782956806	-0.816082389629	0.275455651992	0.554744590682
0.00103744556329	0.325548632274	0.0710639072936	0.0285236520208
-0.458055289776	-0.977269972539	0.562003028451	0.424077048759
-0.315212109008	0.759256200873	-0.995126855712	0.0947531484158
0.6349118956	-0.132938608545	0.412813239387	0.434244764205
-0.378484112051	0.192728065653	0.899154258622	1.05207635406
0.182899568609	0.132399895265	-0.530756523979	0.269098515486
0.594698406311	0.475843953872	-0.869696018549	0.979181408036
0.301659235723	0.345921624386	0.34483909347	0.433550047079
-0.326694147746	0.17327238382	0.877631732609	0.972428792919
0.510540392695	0.0279246573457	0.453058986217	0.492822120039
-0.271762798725	0.0614848728954	-0.772772312562	0.606808957281
0.898299810069	-0.016454080382	0.947068474161	1.67351740544
0.0449519213658	0.809811479244	-0.510022572183	-0.11447585232
0.473398338205	-0.0725848147493	-0.194666845813	0.241769493734
-0.526354799747	0.89673308661	0.16305806416	-0.0221428955535
-0.272959870555	0.254830198463	0.73562620874	0.7335543647
0.37440564607	0.0698969078499	0.219043410092	0.229639857306
-0.516374138255	-0.320735705269	-0.625362105775	1.02391559346
-0.0929287612007	-0.631799255529	-0.718798977029	1.03815670474
-0.459621398071	-0.750397885665	-0.517711148758	1.21266493985
0.403875643233	0.0404977220418	-0.387747975424	0.31411716145
0.853582142065	-0.265975400906	-0.981577255125	1.72613993254
-0.921911695391	-0.416846062417	0.975122190448	1.77860387506
0.893658965391	-0.0211870112989	-0.844983677968	1.51159247859
0.29462696795	-0.813229261912	0.598616470615	-0.281264973117
-0.121192825885	0.838546128142	0.636687305809	0.852324326643
0.714590303145	-0.0337554389073	0.936779827697	1.33245302336
-0.0900452068934	0.689428768926	-0.681444936296	-0.05941215917
-0.510686336408	-0.870209678104	-0.69707024151	1.79770891869
-0.924065075674	-0.411130897947	0.227889347093	1.19204917102
-0.705301280877	0.12080997631	0.998080596133	1.52898543532
-0.34584454024	0.943791048512	-0.584522231663	-0.416797145833
0.0470918364081	0.927023710933	-0.758885266214	-0.0817248983837
-0.577463848021	0.514940022262	-0.901440657491	0.384512635757
0.657085588002	-0.739950145102	-0.643258553671	0.835311720772
-0.805517451874	-0.748217366918	0.499716549973	1.12738054121
0.753586675938	0.199530840818	-0.292644341507	0.745505800325
0.273894065167	-0.942458402624	-0.511474560663	0.560533919419
0.0215638226155	0.226173755444	0.343538785783	0.201060523847
0.627538824687	-0.593900092915	0.363778327648	-0.0626037007238
-0.933448798649	0.155130561128	0.343663333808	0.897937396597
-0.770833664842	-0.00857182139185	0.580540228669	0.932842657303
-0.847653563709	-0.663487702516	-0.783345296389	2.41429410394
0.777385568924	0.0946066192946	0.555384981883	1.03886971698
-0.459339969909	0.00917666865078	-0.623091312358	0.589302878278
-0.0585285166368	-0.134281780875	-0.616597566393	0.474275278885
0.000979288715332	0.662777409605	-0.0680121184212	-0.0398012379724
-0.16177495127	0.0811238225731	-0.751770794663	0.517220139561
0.73323110808	-0.114195913127	-0.542827976446	0.81054681039
0.973339554374	-0.883348676308	-0.327363237405	0.483934252792
-0.939391665984	-0.763895667369	0.776231240832	1.60962918322
-0.621866633915	0.522380942277	0.257141671123	0.262314579669
0.217267967191	-0.899188625324	0.691358782591	-0.291844502235
0.993980716967	-0.544252772003	-0.764457704975	1.44747471288
0.809186009215	-0.969503189735	0.0900086264018	-0.208888517088
0.60950517134	0.0458295492386	-0.487269283877	0.614529924524
0.717232615081	0.360210744247	0.418021292551	1.09809508014
-0.204162790626	-0.422725145969	0.916202303607	0.58011209915
-0.377025385754	-0.258993259799	0.89152475827	0.803712666459
-0.877123081263	0.822407110748	0.179001545077	0.227246337299
0.255021375576	-0.602732470522	-0.046488956696	-0.0584921349201
0.486864000682	-0.634391653865	0.0281614410228	-0.0888982198253
0.380320325137	-0.677922278565	0.349592176066	-0.22796570669
0.24781196261	-0.137460999838	-0.00497023594221	0.0280542055077
-0.654772884897	-0.920195408439	0.426733848691	0.820669782476
-0.731936014412	-0.692204280091	-0.772177529861	2.17314229991
-0.425894079295	-0.0385055838772	0.921655339794	1.01174475535
0.300961084093	-0.883903122088	-0.133346118509	-0.0397966299289
-0.635801402497	0.274730636839	0.958709873331	1.41208089447
-0.964807328813	0.531074255279	-0.754950664179	0.587484491688
0.987103880864	-0.889402164306	0.78715797339	0.015959413468
0.825025274136	-0.93541234805	0.021781300871	-0.110972198641
-0.800713685039	0.833042268821	-0.137009006208	-0.12124876505
0.295701701262	0.808982245386	-0.170269943368	0.217903414887
-0.495556167189	-0.917525299058	0.162742578673	0.577425949085
0.99221136509	0.564216412125	-0.17526283431	1.47613622303
-0.740251454974	-0.946306573034	-0.486749525464	1.94601641004
-0.462142997254	-0.84175111558	-0.763389793669	1.82793372093
0.315438760812	0.93473963251	-0.475919609461	0.175993277001
-0.388184801814	0.199819625473	0.99954969853	1.27194974488
-0.600217511034	0.325444438212	-0.0145782770353	0.16039171685
0.167831031244	-0.487267088655	-0.841183105938	1.06385857784
0.00851514376564	-0.867916847746	-0.775168086703	1.26634907587
-0.455462607823	-0.339897650268	0.814338145658	0.748611850551
0.397003930283	-0.82831871471	-0.445487355618	0.396230833234
-0.820805450078	0.184496829277	-0.977137485442	1.29680448151
-0.017082507318	0.439178914554	0.334482349223	0.251565572045
-0.558007256517	-0.00950024014663	0.0101504904953	0.316679901626
-0.162281583127	-0.835974665058	0.481639226143	-0.00866324227166
0.178580132127	0.609418599168	-0.56475820978	0.115498595992
-0.224562261352	0.551783429779	-0.0460429742979	-0.0967673203374
0.739729149521	0.504922940089	0.631819228633	1.63892099189
0.864771283949	0.989954349531	0.0952700492362	1.70730284934
0.611139240229	0.027133446399	0.565129670128	0.724778944437
-0.796135399606	0.264805678515	0.239266949995	0.543618320223
0.140803866685	0.297488397269	-0.801919781759	0.466226751265
0.668025706032	0.962171992412	0.605263082749	2.03772455408
0.896238601908	-0.14538870264	0.0676409244418	0.667681732372
0.841322282445	0.0913153888601	-0.105857350628	0.786188227861
0.474035886383	0.910536514927	-0.190269531747	0.519292143893
-0.285812467425	0.468275306173	0.856578091389	1.0826902405
0.195510404503	0.433169791834	-0.00828289697705	0.119394225112
0.972665042551	0.55638283023	-0.8125552237	1.69540563072
-0.367035836414	-0.541416985192	0.162699700227	0.271817552486
0.610022625762	0.94174397951	-0.279143211592	0.761652232758
-0.454732724427	-0.778423246037	0.685443713239	0.497024137876
-0.383917604935	0.246068852569	-0.19303443956	0.0426850946592
0.357466403761	0.45246680916	-0.527064586537	0.3288417596
-0.432014552939	-0.750457704179	-0.111654891901	0.607104312243
-0.109382660652	-0.86875662962	0.0875904645444	0.0385687707728
-0.450656688216	0.0611190881618	-0.0653956267562	0.175827391698
-0.213987624559	-0.168148467425	0.276557004237	0.111753534756
0.528266559347	0.62129615361	-0.994619987066	0.97859088553
-0.677051055798	-0.511802866147	0.60081668663	0.858395791729
-0.557824002233	0.350895504932	0.890331212992	1.22053257191
0.862334923703	0.468570688346	-0.115068625982	1.10700939282
-0.476059614755	-0.369722611897	0.570888064206	0.517485716641
-0.15422789902	0.944307151721	-0.00593835212495	-0.127424627558
0.498619636951	-0.0133795297953	0.314547636095	0.336681961968
-0.299796608945	0.482188361137	-0.581541554019	0.0030975813786
0.217505021672	0.337682272028	-0.605634357446	0.283037013427
-0.798787919305	-0.458866006643	0.720904986078	1.19350396953
0.28735833257	-0.0802256969351	0.388736976005	0.179451030485
-0.607948134104	0.778319164735	-0.847752924124	-0.0447140776218
-0.777228572811	0.193265858824	0.523809661131	0.82948359188
-0.880751631985	-0.576039095413	-0.222561309085	1.46080836208
-0.541170491922	0.186721348481	0.629100789704	0.705051768707
0.347284604656	0.0105363416541	0.91452894353	0.970264683832
-0.557949318633	-0.181329439677	0.700043350475	0.775602303532
0.0454633973438	0.382317357293	-0.577757112189	0.13236507482
0.201405240386	0.885769373524	0.574909301857	1.05872042196
0.269336441286	0.391825778138	-0.95145796662	0.7105415834
0.682901911964	-0.61218486234	-0.251935598963	0.265995514391
-0.602028992648	0.133229041489	0.670835638339	0.821626405108
-0.475383317352	-0.908565911668	0.397774232648	0.454726607374
0.450970044302	0.168506132292	0.584127173315	0.71899876415
-0.5105063443	0.325339798955	0.261657537655	0.248120973858
-0.484099242547	-0.103893992452	-0.92448552081	1.23536904959
0.919534252346	0.259728176564	-0.54300551603	1.23819335378
0.314387589729	0.858164265129	-0.49965202489	0.189504384698
0.0176462679333	-0.92160387397	-0.439212673088	0.581736395099
-0.430013058175	0.155098795185	-0.0507545090662	0.112920779948
0.818449374586	-0.490134406278	0.352294185692	0.220148872213
0.70532442879	0.207884720071	0.457679819115	0.94872417919
-0.568346006202	0.517090631994	-0.895893869878	0.368498285938
0.513895375009	0.987965701766	0.82831365567	2.27624845554
-0.734989188796	0.613608079385	-0.0250790022599	0.0744540810859
0.717701848487	0.75647398213	0.607779115558	1.88718325974
-0.605491960789	-0.499520473773	0.736193075035	0.843312875799
-0.767695092148	-0.217388615591	0.656071296727	1.04405104325
-0.300888452683	0.588035831812	-0.58243628784	-0.0896607082026
0.850574227181	-0.866814093323	0.376834778902	-0.198454458209
-0.970594269248	0.962898978913	0.857970898987	1.56972237078
-0.856120742599	-0.0997326741	0.679905025515	1.21278803431
-0.191829764237	-0.103496473835	-0.234200243087	0.135741015815
0.0249547125557	0.203921092889	0.55259916324	0.423763990446
0.388179437039	0.308243502227	0.178955924864	0.357524288573
0.947720614753	0.570085942357	0.97987299086	2.95721945898
-0.193359811758	-0.889916309911	0.404671420536	0.0130973282772
-0.344748750212	-0.011366302545	-0.52854379965	0.408136356253
-0.841979096224	0.0368161253888	-0.742519115409	1.20192835039
0.901793608395	0.816020930313	-0.227006827048	1.41540394875
0.0891310592939	-0.257036230927	-0.58208441151	0.473473479531
0.0713414103311	0.932341683789	0.322874828111	0.476881982982
-0.789635651529	-0.0557287671329	0.295769845063	0.738526795938
0.175833370335	0.312353236865	-0.370332151604	0.10731095274
-0.56906807997	-0.750703587302	0.527255896676	0.633225816212
-0.276426995499	-0.80794920764	0.760044592138	0.263341211874
-0.348366130943	0.602888486933	0.325018486006	0.212919951104
-0.0480957006381	-0.0598542370472	0.241211879209	0.0489375455616
0.496983511702	-0.30859056982	-0.699144998094	0.798181467545
-0.0694025417871	-0.547959807749	-0.448335810695	0.489521520049
0.0567624857616	-0.339459921827	0.851641406891	0.420148351334
-0.465883883886	0.935243873235	-0.525572520025	-0.433979260267
0.952724853585	0.90598031316	-0.617803213944	1.59279786977
-0.425642653541	0.121782177589	-0.834381317379	0.723915388311
-0.485804123928	-0.991739907408	0.67556618886	0.504200709651
-0.312957395133	-0.118460142792	-0.535436446585	0.485135375133
-0.234354051097	-0.165405478888	0.504224491388	0.264526109567
-0.223973393797	0.840347033057	0.908158700838	1.44986939987
-0.103130439292	-0.487339428477	-0.435544153555	0.462851965418
0.783550605382	-0.321414734086	0.873341349169	0.844127176381
0.490463029313	-0.512680118041	0.205879798408	-0.0740606485978
-0.316113012669	-0.751870199027	-0.452774855328	0.883036380736
0.530651362087	0.229369576106	-0.714171326421	0.74953765514
0.645258470153	0.860058141756	-0.467099032541	0.787767474355
-0.78972827439	0.611598457075	0.130020300063	0.237099646582
0.711840252405	-0.635401789775	0.488229744002	-0.0174417956999
-0.0247659669974	0.433395225664	-0.53063943676	0.0414815146694
0.974930701786	-0.685376406938	-0.566375981981	0.991257860352
0.0908484224015	-0.316080737186	0.48831746319	0.063644200638
-0.528202818846	-0.535614884717	0.900882418696	0.890974609243
0.367247035889	0.393847440843	-0.925606951486	0.771709990181
-0.658421960815	-0.184050306534	-0.113944044929	0.588656923972
0.787531184983	-0.954107189891	-0.996320319126	1.81206675968
-0.233897468536	-0.0177357395497	-0.38175035516	0.211360328907
-0.879441264571	-0.39969387786	-0.993758185567	2.50967862144
0.434393953558	0.130103977076	-0.0827929194902	0.241297467281
-0.898175890105	-0.501750660282	-0.170391596407	1.37190766761
-0.972475641161	-0.89269689567	-0.570511977064	2.64861304547
0.700719306102	0.423678243585	0.915517229731	2.0139436006
-0.421133302017	-0.675251210379	0.881553389594	0.643590415354
-0.512487169662	-0.4954438948	-0.127103991137	0.595680059417
-0.600274140781	0.954528011098	-0.203560675091	-0.365516855512
-0.25983353889	0.673455442918	-0.250910732146	-0.21349384583
-0.775215941032	0.198182907173	-0.423064774667	0.542464802947
-0.974533308972	0.769913619688	0.0586078016055	0.247966521964
-0.220265984267	0.793267842432	-0.371053044012	-0.282876904456
-0.520285017027	-0.735353657835	-0.251595481052	0.901601932702
0.0413310956448	0.259608081832	0.660515641641	0.620194257526
-0.00244833289801	0.772916793678	-0.296319651736	-0.143111462398
-0.801046892236	-0.345335795584	-0.736532553879	1.71513754778
0.718146929123	0.988262601722	0.735250982059	2.49266781947
0.540953963096	0.15243021465	-0.843866056508	0.958568156096
-0.233043211693	-0.667129894624	-0.584280648061	0.940954194646
0.674624982557	0.154935145267	0.326828137445	0.717095783143
0.0613473458487	-0.811487670248	-0.522863137847	0.651663732594
-0.723657940553	-0.77759194585	-0.974099006779	2.79271181819
-0.603271812475	-0.661342039466	0.228196271772	0.66406364122
-0.177402273287	-0.602681362788	0.829991564853	0.327054160713
0.676840557963	-0.61830403781	0.809091028995	0.193983933978
-0.524386604486	-0.395926225049	0.574551790879	0.58522935849
0.51979552506	-0.81543041681	-0.714761147363	0.94005178431
-0.429096592819	0.129685036027	0.107093081966	0.153833777268
0.986926757204	-0.098240445006	-0.439731437104	1.11363144911
0.336788639952	-0.281316787384	-0.315808201985	0.207259259035
0.502939217819	0.713783539744	0.392900631493	1.04675450173
-0.0119677209294	0.652785360462	0.836368695708	1.23781270899
-0.857690122046	0.184925213733	-0.422502410758	0.677400754804
-0.350829771626	0.410402429537	-0.583307733969	0.0799571393495
-0.61282282287	0.751867722846	0.155441178049	0.0558232763009
0.355581588247	-0.861347766603	0.250565782651	-0.332882206819
-0.888597404208	0.0876018855016	-0.844429276032	1.35084974417
0.982484461622	0.85752127535	0.244567324458	2.07731190604
-0.080085289076	0.688644927522	-0.381131823127	-0.165939704678
-0.606830609559	-0.934533453912	-0.139887319857	1.08564473663
-0.274043959718	-0.210763767986	-0.560850623248	0.565619041633
-0.757309910677	0.337204086462	-0.581878838755	0.460521364948
-0.701917957573	0.688351325045	-0.737530330972	0.0457936715129
0.757007725758	0.133727190206	-0.629593418009	0.986487326225
-0.86731683676	-0.267562442967	-0.669841105548	1.61221133628
0.530849372484	0.807454282051	-0.991795005702	0.893265864269
0.534328409508	0.703115059366	-0.363016413543	0.537739809922
-0.387372713623	-0.721069661272	0.534750581395	0.329746094369
-0.21690918688	0.702737078616	-0.373153792957	-0.228365786099
-0.767910199579	0.800035058531	-0.489131613236	-0.176741710607
0.273076424077	0.95735397109	-0.527198573437	0.109224220389
0.335290417303	0.488825193563	-0.439263791896	0.254547537845
0.818350433734	0.733203105325	0.8369171153	2.58377499737
0.929149453674	-0.340725875024	0.175260983486	0.517733907008
0.246979267838	-0.723402475693	0.282232704692	-0.242179192755
-0.058694470832	0.301640537716	0.900339113297	1.06792970236
0.246662770637	-0.021625135261	-0.848586080305	0.793957531094
-0.935685604715	0.0593335453734	-0.916271116988	1.60517715252
-0.303801770246	-0.994297971843	0.731189166351	0.201982691456
0.115949922993	0.150938724097	-0.454813683522	0.169152207704
-0.244718544519	-0.776575698615	0.506665010241	0.113175339016
-0.884750858012	-0.0830188344289	-0.769077902491	1.51156383689
-0.966291693208	0.654257532744	-0.161705284659	0.221867715768
-0.625598536936	-0.502588355422	-0.851118038341	1.8579559996
0.452923415565	-0.00361632385276	-0.61607270448	0.585275198238
-0.290651459417	-0.0261670339225	0.605989402587	0.443449968253
-0.4697428369	0.996019388667	0.897912884071	1.45337154883
-0.670644879089	-0.176834637427	-0.084605027267	0.590476907845
-0.134991330236	-0.922686464855	-0.705585896733	1.2916633469
-0.551306443689	0.332498854836	-0.488429584601	0.196791215228
0.356325780968	-0.61700058321	0.622327130165	-0.0895702978068
0.622229432047	-0.736692616844	0.526680101413	-0.181831775392
0.707151502875	-0.415457256944	-0.150905472019	0.291739259339
-0.401333081649	0.885013398267	-0.0213412664319	-0.212548769076
-0.237953338197	0.659598047656	-0.0393377098181	-0.12473138733
-0.454448562291	0.16824288577	-0.255020793367	0.152195929057
-0.169957822484	-0.879614218647	0.152657565935	0.067407545508
0.00281683574607	0.065930825425	-0.563498560022	0.280572352828
-0.896722460065	0.529826243693	0.992492267417	1.83989342856
0.477451998171	0.786338674525	0.0941314566356	0.686279317919
0.160311651583	0.753676810159	-0.171897210205	0.0465167096434
0.931706750996	-0.700258458749	0.663152941195	0.191035303293
0.982794521792	-0.605592301899	0.687510378885	0.427031803464
0.37572963087	-0.594196435225	0.986891649616	0.305463176168
