0.429702646848	0.676026892971	-0.773786515141	0.550779987318
0.697530282704	-0.656209004064	0.400959860687	-0.0735218177971
-0.60148355952	0.0548732786447	-0.479073873725	0.532000519733
0.936864543584	-0.331194011854	0.706084913099	0.832136055699
0.520776723816	0.218919167659	0.0384823105431	0.3951218066
-0.1684502869	0.00893199870375	-0.801115094197	0.66150073658
-0.834881850368	-0.35377594285	-0.170608123896	1.08185299969
0.384706724738	0.938744238099	0.168078898845	0.695174099337
0.227015929801	-0.356734598394	-0.301267291483	0.168786242991
0.211104245293	-0.953158790215	0.646679418444	-0.354844766574
-0.016571341274	0.568052228927	0.18751029481	0.132536973578
-0.591064207352	0.0853674337465	-0.0608684564222	0.297408047718
-0.22296363406	-0.289473126582	0.981425958254	0.793355233269
-0.573000107433	0.0944819225947	0.412711085491	0.483515148242
-0.226492013346	0.576679025351	0.741728174351	0.898585203889
-0.249852598889	-0.897710412064	0.944014887463	0.330433714809
-0.512726022322	0.233656769701	0.835161989958	1.03572287007
-0.344041482744	0.104831461356	-0.163054949831	0.0917917984378
-0.973390987068	0.380482262658	-0.155735663262	0.542130947772
0.0514521784727	0.864095914069	-0.163506498514	-0.0674439783756
-0.765786488679	0.296485104471	-0.57410619951	0.518768650921
-0.695219704537	-0.821967891243	-0.927998794728	2.67874568746
-0.65320946764	-0.757606785129	-0.477438899533	1.51121738597
-0.841234090251	-0.624972887903	-0.998950082902	2.8556412797
0.143377269821	0.787141424363	-0.351506355682	-0.0197132655097
-0.127073816748	0.376542029833	0.469244473941	0.365179765035
-0.966889786237	-0.227956369836	-0.785341528439	1.95106946463
-0.717818257494	0.542164835716	0.794867355037	1.18885047421
-0.848326767565	0.273262530873	-0.442778254864	0.562900261497
-0.769695818612	0.405737667563	0.187024357347	0.390998003781
0.430220650288	0.4634535287	0.594917261927	1.01412013929
0.0123777747576	-0.667135396106	0.365402681184	-0.118358385391
-0.208084216556	0.330937597674	-0.976683841347	0.605126072244
0.879982313654	-0.736173115896	-0.64892019983	1.02536458179
0.812195800767	-0.543765368112	-0.12822276011	0.304182242762
0.21154966394	-0.346291466711	-0.459755758566	0.342080270402
-0.569269412934	-0.0678465845019	-0.265127118628	0.450971008321
0.428670232423	0.436836347022	0.386584729732	0.689338920986
0.0716984891204	0.767354586985	0.19657085083	0.249638481297
0.0646320999336	-0.815189856048	0.75053590527	-0.0970352353754
0.220398893893	0.167559376399	0.73509519561	0.749042612828
0.0933995235433	0.153254792379	0.28849102106	0.150477096355
0.117363644147	-0.858779049711	0.790612462105	-0.140908567484
-0.484201795252	-0.361516218903	0.39999564754	0.424889784705
-0.480532922654	-0.668644158353	0.198151128475	0.458988696574
-0.667337951383	0.682155863477	-0.809711324333	0.0933945460347
-0.280513506733	-0.0152463532913	0.909119661279	0.89560243447
-0.377648999629	0.958935682889	-0.198699083895	-0.370580650194
-0.189039251299	-0.612316530426	-0.142540898601	0.25908575325
-0.592672117057	-0.564536354979	-0.239748586248	0.878671372597
0.87315995259	-0.875856002023	0.374485831983	-0.190110107654
0.458348982751	0.248866776853	-0.987633706149	1.05378274436
0.204140730054	-0.219764279921	-0.909028002746	1.02291439135
0.467028605959	-0.617527713701	0.941173711421	0.234319716374
-0.397395699127	0.635806245123	0.671681238896	0.783471487502
0.534493739625	-0.207566226831	0.188878509037	0.171211000625
0.203880269505	0.38591270935	0.763733914711	0.99827126821
-0.308335900868	-0.128389247009	-0.525860048666	0.478701608365
-0.624341950374	0.975818531229	0.396348366019	0.324414533627
-0.363161670182	0.128370697518	-0.102712809081	0.0826316879799
-0.477791607016	-0.846883712555	-0.389489119811	1.11447251595
0.556109558381	-0.460926918127	-0.806161594638	1.07441007203
0.183367806134	0.45180180791	-0.909324863112	0.532506748193
0.684419174178	0.265469245191	-0.556485915908	0.812068526094
0.49051748774	0.46852575084	0.880993366709	1.65934487083
0.876757940601	0.37616475618	0.431624451576	1.44717149715
0.29555350672	0.331843952219	0.553876664531	0.676009500009
0.713274913784	0.258881749684	-0.234934450437	0.687788914732
0.105228868707	0.2591865204	-0.396989871676	0.0930535538752
-0.00567015711988	0.750612308745	-0.243724781632	-0.127764990903
0.856056260668	-0.616432759717	-0.572453188232	0.88571274954
0.853432736163	-0.166487167045	0.666589108055	0.919624343442
-0.141187488558	-0.300070923683	-0.626893469188	0.64340809109
-0.0238296561795	-0.933226149585	0.970996176351	0.0594808623664
0.726715440251	-0.229041849625	-0.00338273720597	0.36245331381
-0.253603208578	0.4310431195	0.293269336613	0.167419302765
-0.660692727077	-0.631790545412	0.992723873537	1.21224142959
0.540022597074	0.281761789177	0.194794663751	0.536612792505
-0.73575376509	-0.994870879656	-0.000344652582668	1.27365660193
-0.0190299770077	0.486271407509	0.118956696663	0.0631043423203
0.0779221527146	-0.940991016675	-0.597266835122	0.851498214923
0.0459818095234	-0.210582180025	0.769525101967	0.422551986118
0.0843189722232	0.15801721764	-0.560608841883	0.246129962681
-0.419778890033	0.64543071998	0.95072168835	1.4227728378
0.850215682156	-0.534543144142	-0.814998412467	1.36826396844
0.384098462036	-0.244499996183	0.937671270071	0.7035863448
-0.234875248797	0.586151420407	-0.391447360401	-0.158722468552
-0.244496407715	-0.22553444513	-0.582227265124	0.585221746468
-0.0861492787105	0.703438708964	-0.888565734339	0.111318492076
0.0489031790608	-0.682744871868	0.58879564955	-0.0863137671791
0.828549008953	0.193915631358	-0.367984363429	0.911216635984
-0.236603433424	-0.360435045932	-0.89085761051	1.25598494007
0.831243965192	-0.334133423349	-0.725447935256	1.18189124677
-0.707920912672	0.818506971556	0.153911833866	0.0713805778947
-0.15676284091	-0.749468055089	0.0686005343788	0.095355454015
-0.139403819159	-0.788820641313	0.781584449546	0.123742339868
-0.863752248595	0.349146477541	-0.768796910138	0.767117847807
-0.499485833304	-0.363528797117	-0.569085473753	0.961800815995
-0.868590947962	-0.964522136995	-0.172487163108	1.78834494079
-0.486664506945	0.407498132549	0.409509317274	0.373099627547
-0.730679370856	0.805797672914	-0.0167095593474	-0.0680727083515
-0.899350558023	0.148154808639	-0.962044601528	1.45858659788
-0.578452266192	-0.324699724591	-0.781080123284	1.38613297569
-0.958176227116	0.539981605305	0.448898463535	0.844610888449
0.370757865381	0.559476442557	-0.437217107841	0.291437813584
-0.423644605645	-0.396901405197	0.557609814505	0.43723247748
-0.294740217024	0.0451396341788	0.467640869118	0.313364450185
0.597467919077	0.8180634966	-0.377729914884	0.67940744297
0.296613334992	0.0388533056095	0.709669132153	0.630707147852
-0.0320934840378	-0.43961333572	-0.0642448904187	0.0475090318152
0.974557332077	-0.281956689778	-0.840583881167	1.61856854405
0.178237133063	-0.244551236283	-0.702327114601	0.653198704415
-0.777100732122	-0.805536932132	-0.847620387048	2.63111873431
0.00409650771088	-0.482453727889	-0.191607083682	0.127195232288
-0.902177207867	0.98320615852	-0.559359758106	-0.310185092467
-0.0383095073119	-0.945570840897	0.309161594902	-0.159061326108
-0.273424740801	0.313644521262	0.299083007832	0.172259309335
-0.47422044784	-0.195589954742	-0.749887196477	1.02663899934
-0.747933789709	0.0533349075763	-0.357057349187	0.627960304132
0.933680071697	0.813485439937	0.748457128437	2.80034066968
0.532539880445	0.812095223485	0.154320425307	0.865209491434
-0.14590314628	0.65987910806	-0.451406254196	-0.16909666
-0.72249802133	0.691032775196	0.0977458478962	0.0998334133889
-0.217429922992	0.705960804707	-0.670106857352	-0.130247207977
0.750567250602	0.500901362655	-0.759878251739	1.13610226199
-0.765197305552	-0.381551922439	0.130874981844	0.844682079353
-0.77529887618	-0.0175260010406	0.167516328397	0.639802065251
-0.499133799385	0.233801778325	-0.528060377725	0.287822486919
-0.39448805818	0.629052969515	0.201687069705	0.0750164678072
-0.227702914288	-0.255126557746	0.561551772038	0.282015299969
-0.241992583198	0.901376906691	0.882374771916	1.4143713648
0.963443416771	0.592524228432	-0.422273423136	1.42719439414
0.834612177589	-0.850945802716	0.512376353958	-0.187107222152
0.727449376972	0.634063975394	0.136101743717	1.09525293724
-0.509962999304	0.789934645084	0.955702171424	1.52553371585
0.481319165463	-0.49624098167	-0.990357370786	1.46508147963
-0.359973604474	-0.799406914963	0.227372635827	0.287281442708
0.89465077894	0.995514340765	0.606110877502	2.66180016314
0.786055288671	-0.231255019267	-0.565798036066	0.887074739269
-0.378657728835	-0.50432944084	0.395683107461	0.291360397454
0.237970182235	-0.701493434791	-0.624349732909	0.717485114752
0.407332106913	-0.550435702764	0.558402990808	-0.0538417317324
-0.409980908333	0.776608134658	-0.671061137192	-0.221138651415
0.801767670681	-0.862073336861	0.392465662369	-0.232656020524
0.18636067185	-0.378089733418	0.798143416161	0.299532324588
0.36522022761	0.38195042228	0.262217077487	0.441793554017
0.872454930371	0.115734337028	-0.0223902150418	0.860060603518
0.127096486255	-0.62907681142	0.523326530233	-0.119141863222
-0.813846527551	-0.527720578883	-0.488691869166	1.58854223013
0.877554115424	0.796029925127	-0.889951536445	1.55224624459
-0.524279393657	-0.982689810745	0.550781007833	0.552185734983
-0.41449205297	0.87243533791	-0.530940489242	-0.371127294344
-0.177957143572	0.811333856827	-0.141456204443	-0.207472260843
0.970275084598	-0.37285745222	-0.640945498901	1.22945188209
0.379318625307	-0.38702295702	-0.749860126039	0.84958089544
-0.689996557533	-0.605720640965	0.014844189519	0.885269324472
-0.796039993145	-0.70375662142	0.220128352581	1.0874377927
0.727406334698	-0.726859893016	0.879492876176	0.1346371065
-0.582858319784	-0.0822248076801	-0.828263213176	1.1417729679
-0.275176669512	-0.213978850088	-0.151928511144	0.190195947365
-0.794784406219	-0.785312892712	-0.355877720599	1.66196100773
-0.165395495514	-0.41225723449	-0.0321743191945	0.109840442183
-0.0415235738123	0.679629326269	-0.0192919598986	-0.0392356333038
-0.0195057940826	-0.924277455931	0.814371046031	-0.0710953562628
-0.360385087647	0.340188272609	0.282323743587	0.183028553798
0.165292052497	-0.179418964575	-0.421674228472	0.251130442125
-0.746341562187	-0.341883442661	0.453554816464	0.862836639578
-0.518834904981	-0.500274389435	-0.955641741153	1.92008369994
0.891926463446	0.261850994709	-0.743405779736	1.3870752583
0.957217961734	-0.0956939192056	0.75456620492	1.32182904813
-0.944478180184	0.383211380532	0.989924087904	1.88940412169
0.785532784639	0.513887087452	-0.752976079342	1.20076520227
0.571287031437	0.260741776257	-0.251301243271	0.472954849941
-0.23563081472	-0.332492911999	0.504348563055	0.220542607252
0.854573609163	0.530380270706	-0.695934111316	1.29875960059
0.478510771963	-0.05449006573	0.619303228111	0.55268909021
0.0631318166166	0.525627122867	-0.351168166966	-0.0240950103556
-0.860584643276	0.163220282642	0.509852241104	0.943308594187
0.902765238252	0.0782892250138	-0.669961974438	1.28206010969
0.76562264246	0.050273337731	-0.0313372315887	0.624075031183
-0.110407359381	0.157901830172	-0.215245443945	0.00709921249882
0.827552927674	0.00188065546031	-0.139260710214	0.705531834028
-0.628816948212	0.21455892024	-0.397465512213	0.333191531187
-0.484112380418	-0.70417325846	-0.60104650448	1.35976156535
0.989536183509	0.207002837343	0.663927312525	1.76225296991
0.577199420727	-0.161455748412	-0.186330886159	0.304770398645
-0.0131096127423	-0.682451467884	0.00566169326914	0.00528676029404
0.646045161019	0.387430776544	0.623871052836	1.29859406552
-0.533870460521	-0.400259193445	-0.0430234551183	0.517775779684
-0.716121479885	0.0621891863728	0.950236000752	1.43033782265
0.289420409548	0.598648100798	0.277322456863	0.499951459161
0.810160576741	-0.118164173922	-0.506764291618	0.877319635962
0.18348213503	-0.704174547364	-0.171733347523	0.0548848394017
0.489333314265	-0.525540000745	0.470424559475	-0.0436447950737
0.353594794593	-0.295471790043	0.0550565731751	0.00731555387511
-0.385691664313	0.503913122855	-0.169839772915	-0.102335972994
0.269189544275	0.681645428215	0.46207014474	0.784431653263
-0.445920067094	-0.297902273632	-0.6842995707	1.0038056085
0.133343747053	-0.113011359552	-0.753480770858	0.6555963551
0.607555439425	-0.912618548454	-0.2390700886	0.089991553242
-0.480284487776	-0.264912476486	0.472360595065	0.455896859009
0.119930800731	0.742250682688	-0.810815786236	0.158995784023
0.573314399084	0.296378556044	-0.966378731691	1.14608141393
-0.0406407340061	-0.313812451517	-0.436029585867	0.341358550657
-0.988060065696	-0.190381972077	-0.459524190206	1.46301912019
-0.790607018591	0.859280655162	-0.807915425456	-0.0957926204769
0.53116291711	-0.637442418667	0.112027469831	-0.115312637406
0.159916312106	0.25798236282	-0.1106579956	0.0505261957488
-0.979881377197	-0.97973477202	-0.813323576775	3.37852800068
-0.684504655211	-0.968167186352	0.131440393749	1.02128187001
-0.770305059137	0.431115619349	-0.889595917423	0.669141542861
0.194498445495	-0.963917044694	0.338552280604	-0.361369388571
0.664933158843	0.9132508657	-0.0194599018473	1.03199380425
0.997199128632	-0.440933461004	0.41675619249	0.544631612675
0.574067906104	-0.959507345465	-0.798029947644	1.18129898212
-0.261708763603	-0.544260832615	-0.968695050681	1.67652218258
-0.378818650747	-0.497518074894	-0.683729784909	1.13962704111
-0.611621107438	-0.472791417434	-0.367805400236	0.972425638343
-0.191270533396	-0.430742435566	0.591113051897	0.213769916807
0.704738792346	-0.578997867305	-0.67895599923	0.942709832099
0.406411954696	-0.780185653199	-0.103588541008	-0.0603572200641
-0.105047147763	-0.329678350845	0.114054320005	0.0210738214746
0.431911266481	0.418458206634	-0.221689929521	0.323662610625
-0.00102114003136	0.365229512517	-0.73713609813	0.273773861639
-0.223228834496	0.0952641543385	-0.506604188535	0.236951990644
0.73684209762	0.0351006234182	0.50381331009	0.840311906507
-0.00142529895744	0.567225608958	0.416492956234	0.408905418726
-0.92501134709	0.345323567699	-0.504210711487	0.616330373521
-0.0817896089536	0.194177674844	-0.404272166884	0.0757431795869
-0.558684702445	-0.632090740482	0.367361901206	0.56801673431
0.55510047735	-0.788380280525	0.61670254175	-0.235367827963
0.261121550826	-0.866955881536	-0.736181803775	1.02200439289
0.309546250118	0.937828421225	-0.16788448391	0.256858511451
0.601227988524	0.610226530177	0.999716190996	2.3378461684
0.381287154678	-0.72799670087	-0.646624123853	0.75666709005
0.941797736653	-0.0460092977841	0.342786750083	0.945382902619
-0.289822451004	0.269316288654	0.175066108887	0.083739443428
0.185290104011	0.233798918528	-0.602087611008	0.299395107593
-0.547165561967	-0.975874799359	0.756722769207	0.66751790407
0.61724610211	-0.359462817096	-0.983370478703	1.47961834877
-0.712603609629	0.56439126915	-0.0833830509977	0.0655087160329
-0.774670854436	-0.301924014056	0.749887783685	1.16992922503
0.461683525638	0.428956392716	-0.286428569	0.370369736991
0.418178400908	0.256951736289	-0.94651572565	0.93500800095
0.527103670188	-0.759711680763	-0.564083857989	0.624123158599
0.824307399929	-0.888032041736	-0.406141531878	0.473088943905
0.996494848802	-0.496773149592	0.138744631593	0.448295564269
-0.0401533367232	-0.758358857329	0.537396014764	-0.086681622
-0.936242173062	0.151642669422	-0.775141087888	1.21787438666
-0.257759725523	0.794629683929	-0.458414105885	-0.292509416714
-0.153699781817	0.97793428868	0.805068462265	1.30875461905
0.626714397328	0.992694390464	-0.820040022576	0.873323310728
-0.48076655341	0.759987149957	-0.0693015177951	-0.182105486471
0.945107284224	0.952693169523	-0.598382733189	1.58161178555
0.066967862394	0.183578509793	-0.653019597874	0.32333278554
0.488574365557	-0.227793532309	-0.00109547030881	0.127661571259
0.348274972733	-0.101414270413	0.0661953206781	0.0836440746976
-0.755354261073	0.70696705633	-0.678861054854	0.0174694114743
0.945856662466	0.884365391542	-0.937146954245	1.7805918043
0.355892272493	0.0612874066125	-0.938562679102	0.971848854093
-0.0302696375697	-0.753574549754	-0.985077449495	1.73643355644
0.649245884397	-0.405423883668	-0.568885890845	0.712571514532
-0.453540087299	0.693462501844	-0.763383222392	-0.0554381278738
0.087801625353	-0.624916292578	-0.782208529759	1.05350549768
0.311532570507	-0.995248463778	0.907051211892	-0.292999193935
-0.381995708731	0.466788262233	0.753596593663	0.887287478791
-0.965681379267	0.389754513143	0.771261460233	1.45160872541
0.42271707789	0.475545806333	0.811300943978	1.42373104488
0.680418301966	-0.708023498278	-0.934420524414	1.5159503242
-0.833648209703	0.40467585865	0.803626594896	1.32863601881
-0.747762352482	0.537531083061	-0.167916298141	0.0951386821648
0.564471907217	-0.735900959869	0.965746630496	0.125205797639
0.156062536835	-0.0459221467542	-0.752551185818	0.618080841955
0.439893301654	0.00996931431694	-0.657527552106	0.62367893437
0.255853999226	0.0881757863671	-0.0988161050434	0.0890728313449
-0.966313753725	0.806335434034	-0.280300924788	0.00714129120287
0.396382398422	-0.979090984808	-0.138595295619	-0.076069366608
0.463808715124	-0.186240892992	0.0798223549364	0.120243796626
0.86274319783	-0.0340774651671	-0.489133069093	0.970845298535
0.4781710126	0.742979607833	0.508490864594	1.22028013125
-0.415501979897	-0.493419010993	-0.0838629591383	0.426071045557
0.803122030089	0.369438134976	-0.154240243934	0.908516724961
0.951798127098	0.767361339778	0.748521777529	2.77096428625
0.0635781196396	0.868117525349	-0.578692250952	-0.108252706339
-0.778806034892	-0.905002225741	-0.904200485689	2.94724200537
-0.459877243086	-0.16748846363	0.489772846761	0.446357351403
-0.727136519215	-0.371762928523	-0.396660382972	1.10385300442
-0.131330301195	0.104427336498	0.573410908964	0.392213018917
0.273554961605	0.638712760857	0.398050857841	0.662240009592
0.399282366289	-0.763898773947	-0.806976272514	1.12207398754
0.197124390514	0.0331724280257	0.42257060824	0.237980732028
-0.294237277275	-0.907155025876	0.837518408594	0.295172451332
-0.748776756422	0.230452332295	0.816041113926	1.24209095864
0.27650334337	-0.322618428515	-0.17179736699	0.0721883566436
-0.821962613266	-0.825617337968	0.0435790700829	1.3201686218
-0.654118806695	0.349714539667	-0.0988240247309	0.174322545448
-0.236750027266	0.296858650901	-0.242024753334	-0.0275018788173
-0.830172671186	-0.345671911085	-0.277029895924	1.14866105455
-0.314891571399	0.917591929995	-0.85260316289	-0.245194891387
0.199022998693	-0.0033103436188	-0.76266678809	0.623136638286
0.098435518464	0.182885378292	0.897070182866	0.996487901061
0.318902038011	-0.954258537476	0.40492235512	-0.425054983255
-0.310252139468	-0.147805302912	-0.65895199111	0.673727626735
-0.745914714194	0.709231307057	-0.228216901307	-0.0824129240139
-0.156179232317	0.904088248552	-0.120935425616	-0.211518775963
0.361882855909	-0.586728608424	-0.359268817565	0.258499553595
0.358043174752	0.615575421577	0.397813184108	0.751736841195
0.562065949603	-0.882516900092	-0.226330854533	0.0708518920634
0.664467692494	-0.784484281687	-0.613864156365	0.778648838146
0.541262763465	-0.143753543117	0.958374758262	0.995869349249
-0.111525650221	0.291274357819	-0.108881575396	-0.0399058049823
0.945890054621	-0.920122254491	-0.933884696698	1.75580222516
0.00188543247307	-0.578622959359	-0.426333802425	0.427359637863
0.294464456168	0.507868152888	0.441282971594	0.655102664095
0.983585457959	-0.114088222624	-0.818733257785	1.618956806
0.260113531683	0.338484255963	-0.868524041993	0.616055681982
-0.603512247361	0.115297858898	-0.607641356931	0.593811633997
-0.355438781498	-0.988700793074	0.104651072254	0.385242581339
0.274685902647	0.76880071867	-0.688043809273	0.231066772909
-0.483572030836	0.252439745138	-0.220188004096	0.104667662298
-0.796432230668	-0.0170797895604	0.715277864874	1.14731282151
0.814397707159	-0.600271270271	0.318753823795	0.0846493167141
0.830466605213	-0.188777229824	-0.186442754848	0.602858644797
-0.264209127618	0.937615477365	-0.507606952402	-0.396195421062
0.713071116611	-0.706851097426	0.399114034769	-0.1183868647
-0.805168802595	0.0498399663483	-0.913729481492	1.39752853338
-0.352863042533	-0.79149932918	0.614231018489	0.294919493222
0.243471812293	-0.881020959781	-0.805298718852	1.20276583041
-0.328269777908	-0.340369312774	0.213083155399	0.192371469746
0.601294399245	0.512905046542	-0.854796781115	0.962209840597
-0.629834729489	-0.444505281252	0.406646831716	0.661261631487
0.733779734646	0.115547502673	0.221807148321	0.698046787937
-0.512735360806	-0.368738113654	-0.530455835353	0.928945297334
-0.835453758191	0.578079722933	-0.638019476311	0.253266835078
-0.770767614538	0.540914190088	-0.50575710808	0.159382631532
-0.0525211685572	0.255988991661	-0.12852424738	-0.0270686781594
0.481456388309	0.921339932887	-0.579653401093	0.477325490074
0.974293129361	0.885870846592	-0.651538458147	1.65966841819
0.766620723597	0.686666095539	0.276186776214	1.3800470235
-0.841717943626	0.0435797803439	0.264639169959	0.753374020702
-0.461136479667	0.437565977244	-0.929709298401	0.468419440336
0.406392925025	-0.221151456936	0.920427421476	0.718913594995
0.408046643529	0.141685144965	-0.596669798164	0.495791812328
-0.884970090261	0.377564027031	0.0647038869229	0.47765564267
-0.463290067145	-0.136716299407	0.148005492726	0.279647852466
0.50356969602	0.496131603807	0.767384860994	1.47302268637
-0.27990253563	0.55959905841	-0.464106894865	-0.12260633744
0.0494022872742	-0.508755338178	0.954146777931	0.402275715778
0.240510172418	-0.223445392596	0.611128034062	0.241027983656
-0.433399355384	-0.00703117684119	0.0969055455573	0.19959163349
0.140698680062	0.821136016692	0.0233803331593	0.155073945889
0.885385968632	-0.327574995611	0.349940070708	0.501704444623
-0.99411691891	0.535517330376	-0.0436375821162	0.434437167062
0.0946686229691	0.580086361265	0.571914551308	0.72272421022
-0.698421539435	0.283796435637	-0.640801700483	0.518352684078
0.922612103704	0.594960694364	-0.373873586919	1.31747240187
0.853065093635	-0.0849599767742	0.166520985024	0.668825282869
-0.107236253901	0.70318284639	0.226045827024	0.146141183872
-0.562726768272	0.611731186522	-0.85978602341	0.185697983883
0.430605226843	0.0792184186115	-0.205562300964	0.24550426567
0.795353989699	-0.506857453107	0.596746923476	0.283098136288
0.986360666158	-0.878813651204	0.762244896457	0.0172262069216
-0.613195867723	0.54373929231	-0.467842073209	0.00708257269478
0.259389533948	-0.0785481765119	-0.809816401936	0.76632056195
0.64229722451	0.739474615147	0.881601175077	2.31665053907
0.917518035412	0.0398150217505	-0.798827317782	1.48469010245
0.152681128867	0.627672940231	0.396572001948	0.525332207392
0.464833384993	-0.636564198594	-0.229271193773	0.118684898625
0.416306921678	-0.0383742426043	0.16847203524	0.179253830132
-0.180491459111	-0.862877159205	-0.259662383975	0.479800418199
0.245294362313	0.0324251039189	0.465571667097	0.299976206262
-0.171607046611	0.505112264137	0.814846665963	1.01833228799
-0.172354638294	0.65402022564	0.24070114202	0.1323431569
-0.882791254668	-0.147280373502	-0.36195065832	1.09365473223
0.579330234907	-0.346651120259	-0.60967794728	0.717850788968
-0.595876037513	0.168563201582	0.730884558479	0.91201795844
-0.209038010681	-0.961546824388	-0.627643227904	1.24214109943
-0.267898370426	-0.175264560669	0.342071696178	0.175782626851
-0.539993970344	0.705868846525	0.57922960807	0.654795641218
-0.477885253476	0.980407343656	-0.498270326451	-0.4803824654
-0.392924006927	0.537180543967	0.398073990158	0.315618647653
-0.496996490965	0.929092546839	0.139592007117	-0.065570401667
-0.747095209981	-0.850766969607	0.7401627736	1.11189007209
-0.624863160108	-0.244809160344	0.45491680559	0.639007693221
0.692298976136	-0.0394662996852	-0.934831156187	1.36275901064
-0.14950808228	0.537681292083	-0.68801465095	0.0453965212371
0.595222286601	0.714375883005	0.164010552204	0.923566661329
-0.383064808903	0.255808350046	0.788422785391	0.872043091487
-0.329890991678	0.532431823431	-0.654466536583	0.0130512402172
-0.60311639472	-0.139642541932	-0.245607938839	0.542590668539
0.354316984741	-0.712094708401	-0.479365088512	0.444377506751
0.337985037447	-0.6881835112	-0.863341631133	1.22113440286
-0.102043305694	-0.715084027407	0.631222305722	0.0304469849188
-0.644003146903	0.0197641155381	-0.31048975034	0.492279230386
0.778938525273	0.561735506926	-0.543504776436	1.03439416441
-0.0727384980246	0.3294914045	0.381031450522	0.252055733298
0.909665816971	-0.929899124365	0.300558634296	-0.207559266303
-0.601558126319	0.565204939004	0.473422641623	0.513578368129
0.790769981392	0.176242333338	-0.732964653481	1.17274209259
-0.0463017223094	-0.189074317136	-0.126508975024	0.0508224348424
-0.160841590064	0.66329273147	-0.579469557622	-0.129388017982
0.733725650937	-0.175910642299	-0.870696309203	1.32055999017
-0.548856821147	0.922043400801	0.651219022671	0.819712418014
-0.185684992456	-0.242825332933	0.431953469007	0.161262491001
-0.3706127126	-0.609230180167	-0.931113635802	1.79737736328
0.534327147186	0.137032817659	0.923415386018	1.3379600421
0.261877928215	-0.209739022167	-0.808179055429	0.836314099151
0.0737254373735	-0.998656552195	-0.659601083649	1.02559758259
-0.179139544984	-0.0824024259604	-0.168198186301	0.0890030781378
-0.192367909799	0.133065870149	-0.512186339128	0.205588134509
-0.18569530108	-0.376489202302	-0.753260463252	0.955390777053
-0.802951047832	0.101757840934	0.529060486221	0.896764871094
-0.128512838614	-0.153742539522	-0.0653836390501	0.0506007068246
0.310501257667	-0.518601897863	-0.909613375503	1.23450820525
-0.773122146055	-0.116481916236	0.537390322901	0.913964706346
0.415333591002	0.229386764679	0.370127210005	0.489670455325
-0.654293731948	-0.548038958612	-0.995540915656	2.32337566457
0.272406176776	0.857759488855	-0.343915155702	0.131145254255
0.832306060323	0.363917324493	0.509078099326	1.44004682376
-0.66991628249	0.906252077792	0.828497509897	1.27891051629
0.019031988974	0.716439770715	-0.206875092828	-0.0914187496186
-0.222082655849	0.885092297713	0.433215738162	0.423868846767
0.600159805028	-0.487589113381	-0.785668914068	1.06791965611
0.318024138792	-0.822473520612	-0.969809415346	1.57774578604
-0.242943860269	0.146304880379	0.900854131668	0.966815369342
0.688424304083	-0.806329914686	-0.444709215292	0.475179541865
-0.173179381802	0.256759729931	-0.893132066969	0.553890147721
0.638014161549	0.387083772294	-0.376858526525	0.650173527713
0.192061150765	-0.153742766124	-0.86526211253	0.889065787031
0.860544778262	0.399595646064	-0.633873539994	1.23290982
-0.642622091208	0.543790780997	0.963691762052	1.51625969142
-0.926811845858	0.274070023859	-0.230839638699	0.594989566424
0.890741603259	0.104339103779	-0.749658718642	1.37012925995
-0.13831746256	0.108793613373	0.0680310745731	0.0161132374365
-0.6267332266	-0.83103451067	-0.556559448724	1.68591000671
0.524434199773	-0.953941828096	0.192476720876	-0.371812796255
-0.0678713461776	0.97898898475	0.167344026956	0.129993201756
-0.303859679508	0.656349646827	-0.895975182517	0.107591044576
-0.50169333849	-0.576507342109	-0.75983380833	1.55632328458
0.105818834464	0.84419658916	-0.919923207892	0.170192198877
-0.0179959151997	0.613851531582	-0.840238810525	0.179496410833
0.904246150188	0.762919525895	0.474884083098	2.09534137624
0.251338628724	0.891282792578	0.264490615458	0.592876121202
-0.749730162678	-0.754519752301	-0.981295759947	2.83112993568
-0.681230972292	0.0263093151533	-0.145064370218	0.463380044541
0.86219182404	-0.807096607811	-0.0616306124461	0.101042835609
0.0718983738466	-0.119363034091	-0.402186925045	0.206347942435
-0.291405521593	-0.801300836384	-0.618191169036	1.19593808846
0.699411711079	-0.845326560667	-0.161031210733	0.0600004557369
-0.472708409594	0.424017529937	-0.842489741694	0.375575133874
0.659136254565	-0.379452841217	0.983210238312	0.777969931817
-0.53855451022	0.969764834136	-0.432421733163	-0.464589099825
-0.793200955098	0.0364686928821	0.21712097261	0.65530038796
-0.696995978805	0.745534481247	0.96541138543	1.61793547852
0.749679622278	-0.569797635727	-0.461563443762	0.610892431344
-0.641868521298	-0.171687582034	0.256921146889	0.544094358275
-0.142655743838	-0.174623106872	0.316167525961	0.0900133992491
-0.234399597014	-0.187167870828	-0.5257015198	0.473571766649
0.192375390834	0.766308214027	-0.852334476679	0.25775028273
-0.916773415437	-0.610184399058	0.108163859557	1.34557385169
-0.407765807014	0.793641076286	0.545459393921	0.573078190297
0.346466847792	-0.358636506494	-0.673970537116	0.691730340523
0.272690818261	0.257857521973	0.382772855369	0.389891579797
0.115056605952	-0.337349170814	0.797516227194	0.341414466642
0.0902650001839	0.820055493797	0.445163065439	0.645398651836
-0.0756650815854	-0.459368884305	-0.0639645026295	0.0739581484848
0.450974913176	0.150671485886	-0.305088886315	0.318438465305
-0.994856357978	-0.409046785866	0.542330064098	1.46896549746
-0.423797502758	0.107919683786	-0.808814137057	0.700761573248
0.250439615994	0.173257672252	-0.507591637434	0.275815711003
-0.195141505141	-0.299531579065	0.631352609122	0.306027323292
-0.173291580311	-0.51793923816	-0.130657334727	0.204528380419
0.451149735632	-0.778331876489	0.571273018859	-0.265895275031
0.388445939118	0.959065917058	-0.480470910442	0.293484529883
0.0358056611715	-0.611784546727	-0.296443795088	0.248615351636
-0.439826546202	-0.449213969271	-0.615541619506	1.04642499885
-0.0503085817809	0.193465055434	-0.720128927	0.372063889557
-0.74455224309	0.61048712322	-0.16201493749	0.0271592925821
0.228223306266	-0.270531985712	-0.246815057943	0.11803321385
0.915008895246	-0.0457960439434	-0.452686245862	1.0209935672
0.680566466329	0.178946518108	-0.975969513059	1.36282585886
0.49012539836	0.959607250997	-0.445436967314	0.481520340434
0.949033802151	-0.435800740096	-0.179374289116	0.597422107818
-0.831447002739	-0.760177621875	-0.691496966773	2.32718009841
-0.38916405089	-0.615460977688	0.511385774273	0.337741367267
0.834984616412	0.949848777819	-0.808389429848	1.37595418539
-0.112169633421	0.306984884575	0.248327240803	0.116046772572
-0.969768103508	0.0250023413132	-0.604802119842	1.2668678366
-0.806760896891	-0.890610092054	0.177176396573	1.24296893004
0.592991860936	0.676361443016	0.558688205867	1.44272385039
0.770814817522	0.717494488107	0.830664511652	2.43321160533
0.0321841714233	-0.922112971233	0.954350113516	0.00212389934877
0.0799045855164	-0.107541893197	-0.822595565217	0.762918600718
0.313003386833	-0.798264334046	0.71477806446	-0.211562474159
0.532630962854	-0.727359888501	0.199942223093	-0.209171715683
0.457983409688	-0.915871995991	0.46881445829	-0.419292413374
0.967407825964	0.655936081887	-0.964616568614	1.86819391259
0.122950606931	0.223983910095	0.266078215157	0.173050665037
0.700329979927	0.396688104943	-0.658365932084	0.940554419928
-0.763215913771	0.507868022641	-0.306328024709	0.133148224592
0.59214087471	0.674505027849	-0.585983644174	0.698160729696
0.0219748882323	0.831744778375	-0.79213886957	-0.012612985574
-0.340930895637	0.727769610819	-0.918459528198	0.0432557019135
-0.68739955038	0.311898111267	0.996573767101	1.56210826938
0.220704600506	-0.0287164895605	0.630580990886	0.421896972953
0.842701131246	-0.906718204742	-0.947153900468	1.70195493517
0.552041286365	0.940322281963	0.85242263385	2.35202264694
-0.110184019414	-0.63723294956	0.617696560728	0.0702858456294
0.156334831862	0.364504702336	-0.88031769914	0.53550467154
-0.969131928701	-0.290668581088	0.79458352479	1.62131540999
-0.478560926819	-0.382836996267	-0.576302152649	0.964985344641
0.314058146465	-0.47038958434	-0.207071293649	0.0911855387884
