0.800219858976	-0.316516748108	0.90720115813	0.922938416025
-0.0192103272366	0.988321651063	0.886680225471	1.64391014098
-0.793232194998	-0.274171648423	0.988201127339	1.55230382968
0.583317216174	-0.958358426081	-0.592904130227	0.700981982188
-0.942220531688	-0.777483376293	-0.291928762691	1.93253249306
0.326197281543	-0.582488199088	-0.898112445228	1.24614446448
0.545923202586	-0.207079529189	0.598174816006	0.41892597459
0.45128008814	0.615460566372	-0.559923909725	0.450302514667
-0.234016113906	0.501750946155	0.835810609006	1.055293873
-0.679378952028	0.211263368367	0.628716212995	0.846136656042
-0.857004295547	0.635096128597	-0.684269610546	0.223824171636
-0.172662241409	-0.0193086158523	-0.757613225161	0.621752380168
-0.37074763008	-0.346036607828	0.256927793301	0.242851526403
0.345060176272	-0.446271775321	0.864772525704	0.32698385871
-0.0116068575812	0.5058969467	0.972093987105	1.43100894508
-0.558138591213	-0.351552072435	0.808861704138	0.877633713467
0.55797143908	0.580047155186	-0.274806820783	0.55109974687
0.44241088296	-0.157917890994	0.077111822736	0.11963169256
-0.405446372882	-0.915865250721	0.908788059955	0.529289338769
-0.743104478616	-0.838840931619	-0.094372185564	1.26362008074
-0.187549455338	0.276630079257	-0.906221177488	0.553841763877
0.74621684134	-0.14044921998	-0.295374864879	0.580765481173
0.832870044922	0.465216954295	-0.135209503856	1.03651763371
0.404743445877	0.401188220075	0.853668781837	1.39742780782
-0.968532274809	-0.539046573919	-0.34103134481	1.76027292797
-0.833680786685	0.964130559013	-0.542887945592	-0.337441005813
0.24669410626	-0.630005672948	-0.0542038831892	-0.0574738895053
-0.0490242377481	-0.0992114888471	-0.427416771786	0.232356894594
-0.776711373789	-0.898557764726	-0.286567820691	1.6408194503
-0.287726068807	0.525304497856	0.262627843432	0.138575464139
-0.0402306242026	0.89220586949	0.633832248506	0.932976675713
0.494166058786	-0.638821285359	-0.903076048728	1.32096684881
-0.845470879696	0.844217991804	0.0491421480704	0.0449609165021
0.694245498549	0.803600305219	0.440415220755	1.58775607928
-0.0350741841753	0.808621153585	0.107037504178	0.0708782885323
0.330547861372	0.904445084333	-0.351736823521	0.213816429021
-0.705859268622	0.718473150931	0.960574314211	1.60394624161
0.256948779304	-0.722188108893	-0.362760774518	0.274034219436
-0.841893726992	0.508901100991	0.529631500764	0.830383983424
-0.10313349543	0.797202109806	-0.0196066105573	-0.086827734394
0.802382415998	-0.561354908794	0.0735841581453	0.157504033497
0.506823825447	0.3298765736	0.0179887741705	0.430317368181
0.103009824432	-0.960775386398	-0.503324567408	0.64855919595
0.280769017991	0.699679383655	0.768185897832	1.40287294408
-0.0631039773323	-0.986292740459	0.404363046023	-0.169089757121
-0.132243650947	0.538083218136	0.0533501403146	-0.0221166534037
-0.851940627399	0.941335830438	-0.850910661192	-0.153103145914
-0.0813262690538	0.838272978902	0.696992033356	1.00850783085
-0.190037911869	0.504215509376	-0.335751728635	-0.116267660182
0.52683827637	-0.770558147889	-0.456824767134	0.432297957312
-0.685466707107	-0.664800241461	0.469712809823	0.833927973274
-0.641237186267	0.241187963677	-0.493297327488	0.380891313265
-0.191343367991	-0.788804557649	-0.629035552759	1.0794166428
0.0921636176524	-0.432682685242	0.319155670114	-0.0676162597378
-0.151902532917	-0.383156901541	-0.0924376919698	0.125239749893
-0.931800390226	0.794631862755	0.621518767946	1.00797788264
-0.648284164202	-0.915103682965	-0.554361510888	1.82813452889
-0.550486964631	0.107563837895	0.146728204174	0.281135222271
0.531338742295	0.191046677517	-0.144040381333	0.377060555587
0.349701458113	0.180748604981	-0.859215656145	0.768448673059
-0.349253668961	-0.889464157171	-0.28288845459	0.76427176416
0.329320704639	-0.465316619923	-0.169600189397	0.0628957404629
0.244038895819	0.279533339142	0.440736360529	0.445221036134
0.974236737687	0.0730306041065	0.18114108278	1.06632725313
0.287839556388	-0.116484440355	-0.994325952332	1.15383038215
0.585488002658	-0.263953312862	-0.0714785360761	0.212230880829
0.732421490299	-0.116359188736	0.999716741016	1.33432460234
0.454307532815	-0.441118828144	-0.831002998443	1.06312878016
0.220482187233	0.479717391461	-0.0271238458304	0.142105457054
0.917613751022	0.90552036377	0.0106200084607	1.68266235219
0.444773502841	-0.221617154567	0.912365685104	0.729469287001
-0.503806578691	0.774666318216	0.66926731434	0.829916665671
-0.0331324377666	0.158376545167	-0.77220923876	0.469857634451
-0.434136921021	-0.290306306167	0.780707585505	0.697367550827
-0.910125763125	-0.38025772548	-0.04868979884	1.19529662596
-0.514608395274	-0.595301557548	-0.8223777318	1.73703685811
-0.669468655039	0.373103802793	0.137808199709	0.268814842308
0.634728520542	-0.497793706166	0.850211061286	0.386545565651
-0.78169908944	0.967441291874	0.0331621825353	-0.112012315449
0.608155963781	-0.92702824184	0.729676127907	-0.337927203915
-0.364421689364	-0.0443631669274	-0.145498120662	0.176594528447
0.0788024906089	0.411145614431	-0.518251149571	0.0941166976583
0.150301884567	0.606712732978	-0.0944658648822	0.0653908802336
-0.437878969056	0.981466727841	-0.624268168911	-0.461013337729
0.0997458583921	0.92019157895	-0.0184005936598	0.0851410457075
-0.0518181919731	0.819984029518	0.90236515275	1.51438291811
-0.722349499107	0.466115907659	0.852430236032	1.30905880692
0.68421548553	0.14847298034	-0.773851845431	1.05368893182
0.953345779047	0.910849370569	-0.582844702469	1.58604679402
-0.0350293140844	0.711541063888	0.453160981192	0.50409977898
0.211929502922	-0.380662613197	-0.371299246395	0.243443347598
-0.798903020059	0.745584519641	-0.865984349273	0.146860679126
-0.453192939601	0.233034455876	0.802414750561	0.930633987119
0.316432778085	0.92106286976	0.454670588597	1.01708972698
0.108015033616	0.913647731885	0.876632142356	1.67977181953
-0.0912573742809	0.021871959723	0.461984631537	0.229866239776
-0.997296003887	-0.748235192907	0.594282204352	1.64931976582
0.840208010092	0.777282178453	0.192184094411	1.54534421037
-0.691802381487	0.257073077254	-0.606727716652	0.512891928949
-0.76570541687	-0.885416781641	-0.189904369823	1.46848139694
-0.985864117234	0.339609501056	-0.732190856051	0.924563715071
-0.979436828848	-0.932469651664	-0.298874162291	2.24060847122
0.606317206312	-0.88255814206	-0.581263110847	0.683375662758
-0.867894525424	-0.668182805174	-0.188054514496	1.4941723993
0.0503781206371	-0.622486360758	-0.346196657638	0.306533085341
0.451602271775	0.794621011752	0.966324146936	2.26444109425
-0.498040124202	-0.85819498105	0.728780048638	0.581144479529
-0.586672806553	-0.540898330683	0.353069624585	0.595198712923
0.857910769855	-0.264310751709	-0.98811602138	1.74679880865
-0.928827876343	-0.982217731586	0.869085001797	1.67671047493
-0.688819719495	-0.108208339076	-0.204703968362	0.613063034816
0.415750523886	-0.303075794631	-0.501537372581	0.450388151544
-0.774457502958	-0.486115576903	-0.759094451837	1.92149230391
-0.546202165527	0.33311498468	-0.193751736791	0.089386808302
0.588009250147	0.127333036882	-0.836809973553	1.01432525841
-0.215349581778	0.799837385682	0.214349500174	0.0915212479417
-0.024437243453	0.561549084067	-0.213656753033	-0.0874550786642
0.905922570365	-0.793897972266	0.875527594395	0.172954598549
-0.813964576679	0.334262415895	0.429387248494	0.71836199444
-0.981652859331	-0.948403699845	-0.229036344133	2.16432210309
0.205348615926	0.0727860786913	0.96610030307	1.06078302286
0.967035967915	0.695443990255	0.772346406481	2.74132055387
-0.443371526784	0.156783590701	-0.549506178462	0.342868419175
0.148830098828	-0.684852668373	-0.0115639156115	-0.0717229893919
-0.540590494636	-0.867343599644	0.590902457061	0.597766038057
-0.176283420376	0.990198766235	-0.639909364722	-0.367633249455
0.883707208738	0.736844474644	0.819395235371	2.70726860822
0.302748268309	-0.486638056331	-0.25307862448	0.131534165201
0.364936936353	-0.941346410318	-0.267622025881	0.113193474608
0.413524865717	0.788094122971	-0.335246778143	0.345083717595
-0.404637014013	-0.0874348449041	-0.919965915744	1.12588485096
-0.119128177899	-0.993110397507	0.384648020701	-0.101544894032
-0.978734505915	0.21907560172	0.532089511976	1.14319146102
-0.757928700096	-0.722136050531	0.960695211959	1.35096619665
0.770243029965	-0.0807622340645	-0.985305934157	1.5814710697
-0.823415356243	-0.0832135011764	-0.157540610039	0.784460673162
-0.362463040959	0.267125432295	-0.353587657107	0.0651283350531
0.359650484854	-0.754347284143	-0.817803347447	1.14375715397
0.330334796633	0.278328909096	-0.182801532838	0.183600250642
0.628260639207	0.648429921629	0.377693500152	1.18965457458
-0.110261286999	-0.360203412777	-0.0682093687597	0.081095808682
0.848948375576	0.743467278644	-0.834656874868	1.4279907063
-0.584172645652	0.794612151385	0.270123641226	0.16467730643
-0.267011938907	-0.334223196113	-0.273447750146	0.326703212224
-0.467106454459	0.373811813759	-0.910255629255	0.531879531672
0.464336249642	0.193696545675	0.489647795042	0.640146530005
0.232727037498	0.484332156574	-0.365814070619	0.123523478482
-0.0609677570833	-0.0274619197089	-0.637971236076	0.429918571976
0.172245565797	0.359821493452	-0.061587198679	0.0732787768969
0.0639110688163	0.777191989649	-0.643811092964	-0.0321163054241
-0.719956633162	-0.90918959091	-0.140319882646	1.32018167658
0.267282451637	0.592398586544	-0.270995566426	0.142678862022
0.983663253358	0.232467955295	-0.69401967742	1.51658955852
0.565314136795	-0.398676186883	-0.561453960553	0.633271662736
-0.691967612625	-0.348874088121	-0.0762696835245	0.752654327702
0.856955750274	0.0551492638348	-0.526503226938	1.0298030193
0.873464940062	0.192291558375	0.819617644451	1.76027957325
-0.878299107988	0.318282986855	0.882087190185	1.5506928163
-0.386463536278	0.64200598123	-0.640231394456	-0.0998939831101
-0.459409297251	-0.0508638175775	-0.155799933539	0.266622411779
-0.812676637864	0.99566590704	-0.880257011967	-0.25030059317
-0.0166808746054	-0.601252502809	0.678833177061	0.0629720047641
-0.985119770953	-0.357462210663	-0.595872823669	1.89067049303
0.930278965123	-0.446061783512	0.715350983638	0.643093352797
-0.591156347446	0.054173734975	0.489178140763	0.583236540185
-0.78969144823	-0.527489693476	0.286739923764	0.971134112761
0.703794618505	0.991389520959	0.363178786618	1.68501194907
0.736926307149	0.884460886425	-0.16673205227	1.07517447553
-0.880753797192	0.952972445303	0.696868212434	1.08611466141
0.854934031635	-0.129758161641	-0.368096311219	0.803235925162
0.286810321246	-0.96467290171	0.31930090726	-0.400485847811
0.489606339731	-0.770342359441	-0.802823621629	1.12552467531
-0.573667084402	-0.304674204522	-0.931163019666	1.65464140782
-0.852552743917	-0.605060823156	-0.500401026316	1.79586669021
0.309857653622	-0.974183007578	0.885532697948	-0.28434904328
0.288208315644	0.32132285427	-0.091402025081	0.154656722418
0.451805777733	0.612082148735	-0.805154604902	0.636123889201
-0.874725599469	-0.000253173581359	0.566217165311	1.08582485884
0.257824321065	-0.949470812885	-0.787554030383	1.18967762902
0.00528546158384	-0.105436108344	-0.261791723853	0.0956078648416
-0.999751146199	-0.727962527802	-0.559906814914	2.44837054759
0.598870363155	0.321203983764	-0.822170770852	0.96288550778
-0.111717904821	-0.8909859212	0.699649865298	-0.0218482751396
0.310488531713	0.479607086893	-0.663575072708	0.367392198097
-0.735100601589	-0.558866770791	0.748270609117	1.09292151935
-0.980590656502	0.425180769897	-0.97065350455	1.07409476686
0.587602746771	-0.680328489743	0.512285484388	-0.140571893663
-0.376942701958	-0.218528843824	0.266915572884	0.237373824913
-0.466079836375	0.841472237353	-0.277035026873	-0.331331706598
-0.712445896261	-0.912081547814	0.965064129505	1.20851949997
-0.843927650307	0.606096793603	-0.55745663382	0.173597256327
0.0473405768817	-0.867105467679	-0.680111252453	1.01347135851
-0.194587357684	-0.680538286336	0.674961207273	0.166524074694
0.0759413099358	-0.0794107884238	-0.411208424296	0.20148327665
0.592369669856	-0.850761462171	-0.303472817344	0.197215267973
0.8673197704	-0.137779772873	-0.588235680387	1.05981265727
-0.0922987873221	0.0411509385097	-0.448781499601	0.187657938909
-0.939543984431	0.561311696629	-0.243593752418	0.277971764481
-0.332860887695	-0.785241245463	-0.852402213168	1.76810337709
-0.109788103353	-0.856473826473	0.457325919664	-0.076456618946
0.82042875726	-0.917531953548	-0.549817744807	0.727108647337
0.896637292969	-0.348822830471	0.145369915773	0.461614943631
0.617583802968	-0.177660030028	0.797211841929	0.765603837845
-0.533395863582	-0.59596245432	-0.210990645347	0.772654610534
-0.304924530978	0.237467702638	0.887058264158	1.01808929385
0.919701958773	0.79457244768	-0.949159809306	1.72334964017
0.122155113126	0.132808388363	0.870850283593	0.905181534471
-0.221310929507	-0.907634439746	0.644976360102	0.0804396968712
-0.113769332367	-0.0618821537381	-0.667737320381	0.50717790485
-0.979985702586	-0.912887029106	-0.0474713727835	1.90057774558
0.192871568604	-0.621202079622	-0.569372987159	0.595268504669
0.0998326014151	-0.0269080178389	-0.578292660601	0.357263361418
0.324340599711	0.776969997653	-0.303938999572	0.213427171294
-0.492390581649	0.69354178496	0.784158062402	1.05970529112
0.332370221486	-0.680783638051	0.663082745252	-0.127539401023
-0.390197957945	-0.436592508842	-0.950583421643	1.64123839421
0.728511985282	-0.596882582975	0.726212844968	0.189814894699
0.556565271634	-0.530485267797	-0.676746142743	0.8315044249
-0.684247779756	-0.110849082589	-0.717923288117	1.13903824823
-0.928063302897	-0.636000120051	-0.416747454474	1.89027973813
0.173890292179	0.595209523701	-0.446209372749	0.0672537278026
-0.594893208643	-0.0228774108984	-0.106386978587	0.381259593901
-0.749984958549	0.678483345097	-0.1000035429	-0.00422489511423
-0.128929832199	-0.853896148303	-0.781694721224	1.40524833754
0.558138168935	-0.0876955136748	-0.81636231999	1.00061075269
0.501285258916	-0.428146992784	0.0941573548696	0.00521555381475
0.304844896162	-0.514664633233	0.213431969302	-0.128255156641
0.213549478772	-0.357798448583	-0.42489513923	0.301758408651
0.878279509365	-0.528663704449	0.762786712426	0.485646317167
0.351690077532	0.208249612966	0.437885543236	0.479858477042
0.395933529122	-0.270910267504	-0.763536344791	0.839338486428
-0.76528703716	-0.357604458271	-0.744613124593	1.68005998395
0.594799163834	-0.760258038797	-0.883132767951	1.35291747151
0.354876292876	0.340228713631	0.103866990158	0.292803171963
-0.369222268838	-0.42892190784	-0.587700974511	0.89216286244
-0.688832748955	0.0635935609958	-0.909038937619	1.19922799558
0.452094921422	0.811650845194	-0.255103950332	0.429355731631
-0.872032516878	-0.307583514578	0.397408728286	1.06436086081
-0.717481912106	0.780069804071	-0.848582200139	0.01323271939
0.715837539262	0.921029810814	0.859534374718	2.70218721983
-0.860555138825	0.631880486864	0.945442617793	1.68805563204
0.00636570369692	0.267726205331	0.179263826488	0.0818739313841
0.970653786633	-0.569196318363	0.360618973848	0.314459263801
-0.271711307037	0.863601312499	-0.180962154561	-0.284355059815
0.413235529099	0.290609079287	-0.495706885385	0.39252199381
-0.863142758875	-0.0663627423044	-0.00676140576858	0.802790364714
-0.481158867269	-0.0954653905077	0.284648785043	0.331298698116
-0.138694546083	-0.371177815864	-0.526394811704	0.54319409008
-0.210919598185	0.129860918601	0.601992053546	0.457666537723
0.446743423258	0.852468271924	0.753370393749	1.7902055881
-0.633235761729	0.683837564954	0.887561349489	1.36267006968
0.582117423972	-0.287924246898	-0.629425469899	0.748658250945
-0.507270643311	0.127747969158	-0.0564713751559	0.188495623789
0.746047655129	0.466714380366	0.30221928513	1.13716485551
0.574856180693	0.869027408875	-0.557310951249	0.656302410144
0.327393932007	0.948782228578	0.513396948628	1.16849065907
-0.693363992108	0.692218191943	0.246178286625	0.231807293846
0.845509688896	-0.929988028942	0.302940227618	-0.261385258671
-0.076274963668	0.30906693904	-0.529393377362	0.0988831578418
-0.150095890343	-0.859863030555	-0.504563746942	0.840030970723
0.906401474084	-0.730316009877	0.578390086953	0.0717316765513
-0.085804029762	-0.879647668337	-0.787958005839	1.39684288779
-0.00653574601031	0.934725695401	-0.174487693529	-0.138718589238
-0.584345017964	-0.720495187172	0.490867636738	0.649760140099
-0.323209544817	-0.835771447057	0.700471016113	0.279819688491
-0.226787700079	0.860566324022	0.983762705639	1.67064891982
-0.518861085032	0.55373209059	0.746385651977	0.952296021152
-0.815047490392	-0.603225512344	0.716097949037	1.23678757199
0.913879141387	-0.934880026744	0.632573156674	-0.210423482163
0.289637714966	0.287653980815	-0.916386749829	0.743367826344
-0.802220771113	0.316099148726	-0.520993729389	0.496725654478
-0.395716534701	0.533864775021	-0.435089579619	-0.0976436011791
-0.302267902987	-0.383262769307	0.325523282455	0.18841837146
0.83796536782	0.309636873009	-0.973603175933	1.60809063509
0.993547169206	0.297736030122	-0.960720593175	1.91989369002
0.986815272868	0.0735562686331	-0.457363195895	1.22192999493
-0.183743451943	0.125503346424	-0.379535664801	0.107115562866
0.829833065609	-0.0213255875518	0.581747704823	0.996950519538
-0.204874006465	0.562637650031	0.233690083451	0.112797423466
0.552166214525	0.412776231878	0.544449080978	1.05396905974
0.953368117223	0.394683708031	0.326461802656	1.52061609396
0.960009376561	0.927583072595	-0.233473198087	1.65005039809
-0.889423780163	0.022107630101	-0.348926635052	0.885447464454
0.510675152812	0.49196767897	-0.642029971114	0.608369270427
-0.959127339506	0.97277272741	-0.0644111428762	-0.0715962724019
0.408872105016	-0.315084980615	0.794213798833	0.418877657825
0.782290267419	0.276873594456	0.10398955944	0.868179372326
-0.954366321344	0.638340347597	-0.101005896281	0.247330598156
0.571008986752	0.0782814889796	0.228581590114	0.440893947221
0.745681656089	0.963643538698	0.309174017442	1.66813455935
0.235871116538	0.00204615480603	0.0144564036419	0.0563563800818
0.252446439306	-0.903679959037	-0.958929283718	1.62170896379
0.571878804894	-0.376848824986	0.872683020035	0.544239594601
0.879859521636	0.49699904829	-0.357192651569	1.16150430514
-0.659771387598	-0.561865930068	0.298120670859	0.727373434607
-0.984945964454	0.942684759163	0.961368110778	1.872120714
-0.945141467926	-0.897999831877	0.728148956575	1.61835253607
-0.0127656983276	0.820749944307	0.0188367834088	0.00550063020523
-0.195528759745	0.0636945167623	0.356162627607	0.17531480978
-0.32954132173	-0.601303521251	0.606857280203	0.310122178934
-0.131874744308	0.694600780567	-0.305258494458	-0.193059392234
0.0695605591846	0.655532167371	0.424877973389	0.509480326555
0.2879267821	0.336203181142	0.122098033068	0.235661408736
0.558446362795	-0.422591668546	-0.972359880549	1.43226248152
-0.692517600946	-0.00421541229397	-0.231104407529	0.53688332237
0.179948847677	0.193546797574	-0.780819709822	0.525764375902
-0.566460315847	0.627264892027	0.201444771929	0.132495849823
-0.127451397948	-0.24376573956	-0.411628426603	0.31709101254
0.0100225404998	-0.666734789104	-0.704388385291	0.959221313739
0.362324641017	0.630762596822	0.501641695404	0.927881185983
-0.625335495709	0.230735953174	0.966150133634	1.40312875325
0.339621466649	0.695886258532	0.466698451664	0.89425713653
0.0622230959259	-0.4947699891	0.689768601271	0.107589513141
0.0537539238185	-0.474494634963	-0.916340648138	1.25186244064
-0.323468417891	0.686024868904	0.0651152703206	-0.0683648683911
-0.0224275689249	0.738044423825	-0.159224177683	-0.108211724055
0.678052801191	0.0727011205698	0.616595600981	0.934068125934
0.572890700586	-0.0607312314561	0.435511963452	0.456632889538
-0.361409274307	0.432030964512	-0.973792616692	0.502040163093
0.564752537069	-0.83617988073	0.376968606626	-0.326397515109
-0.380814215939	-0.877042105456	-0.374218552016	0.94725452023
-0.461256822458	-0.832995440676	0.139098372836	0.500462733301
0.597450086907	-0.52769850714	0.553525482739	0.0559689765296
0.55311944712	0.0710250892994	0.576605645134	0.718654018343
0.20807315884	-0.336561788267	0.773541775644	0.311287240356
0.87391046993	0.944457866537	-0.649597782231	1.39755067059
-0.901954027821	-0.866082730346	0.465853364001	1.40823967868
0.115570114555	0.0599112052492	-0.222590801394	0.0564913779083
0.218148711607	-0.645826761142	-0.688959371315	0.82631599917
0.0226998752873	0.219980282494	0.856433813771	0.927386238977
0.696084309762	0.149835654249	0.0454710999916	0.597712427214
0.974727289202	0.00497847235836	0.902713045452	1.77433091555
0.504155305128	-0.662642793329	-0.735620401469	0.948688624744
0.804677169391	-0.195386419382	0.777822461072	0.943314191417
0.0200116791963	-0.498307441107	0.180871521835	-0.0669866191521
0.438584936375	0.877634095421	-0.780165133476	0.50123195461
0.226405780075	0.900147413935	-0.182158130422	0.124270569138
-0.144763345218	0.574307835442	0.697505428753	0.824914358812
-0.0270732307472	-0.0537104439636	0.862123849234	0.69913955179
-0.860339889172	-0.283181599981	0.00402931162641	0.982692359682
-0.195066775054	-0.378567416141	-0.156195794157	0.195424736056
-0.0462578524498	0.652546495493	0.597847517733	0.719499346403
-0.734619284222	-0.335213564453	0.857115715812	1.23325037758
0.8111180588	0.0390988292206	-0.255753129801	0.745036287229
0.767338148718	-0.650362056046	0.99305816591	0.43007738872
0.249503253938	0.527702157486	0.272001474462	0.41143584615
0.972121489391	-0.311402861392	0.708533463846	0.923679098075
-0.603006498922	-0.983903288563	0.980240288428	0.953326294747
-0.00129663675983	-0.366722240675	0.486058329911	0.0584814870369
0.467362431434	0.34062822501	0.43809364198	0.71877757657
0.865800342321	-0.0280758329629	-0.388659575402	0.887270373843
-0.310138123659	-0.565849803478	-0.335901069736	0.574576335019
-0.388723322044	0.00779469484779	0.593846908689	0.505358847825
0.695442654591	-0.932185620311	0.804183881473	-0.26757809171
0.171108351775	0.224863096521	0.167944125518	0.133723687271
0.480303601641	0.297063240898	0.1193068853	0.423047917157
0.760254946585	-0.0837540750136	0.0899584508183	0.514871270016
-0.742105168087	0.137805011383	-0.622029745108	0.74965645706
0.476894157696	-0.306857482638	-0.295129568763	0.25875367581
-0.683699928705	0.709831538207	-0.923007915176	0.178897303717
0.832371492306	0.366661325782	0.457152843793	1.37464972649
-0.576682488806	-0.19926477392	0.703504993622	0.802210711196
-0.409998340709	0.444218993273	0.909448490553	1.21706043911
-0.865706319816	0.555670189233	-0.338180066301	0.194849413424
-0.679425336591	-0.636893287063	-0.324771184244	1.20666113313
-0.687209378091	0.291453318522	0.601089841975	0.808465902871
-0.362040635926	-0.210819033571	0.565627957524	0.408088326008
-0.322297053188	-0.614487123434	-0.833590686435	1.50902695514
-0.989218755837	0.31085834	0.606199783303	1.22696728219
0.0337290204765	-0.824962860747	0.277092048389	-0.178498188049
-0.634087924335	0.592929213029	-0.746334950372	0.140590305187
0.709095456564	0.373275157256	0.888664470823	1.88894499638
-0.0675881279458	-0.284881452806	-0.842698645481	0.974032980618
-0.283428136285	-0.12580169356	-0.265523934041	0.219893568117
0.27384459069	-0.00971518170716	0.201586401387	0.111009038597
0.415788901374	0.743775084025	0.208520758983	0.680707287522
-0.01571543239	-0.808214089692	0.123742809306	-0.0717499904257
-0.959226806139	-0.965711973473	-0.762027265752	3.16303728598
-0.873399514	0.877337935584	-0.769712545334	-0.0862804285691
-0.42066871763	-0.935981862568	-0.804790843476	1.97165839424
-0.659515317523	-0.826963927734	-0.754103986324	2.17264544807
0.843345157302	0.945977822914	0.180766156654	1.71269404893
-0.147606280851	0.26868383334	-0.270854373947	-0.0172839068001
-0.0317810036495	0.710902729611	0.689842895687	0.944711248224
-0.869572726569	-0.58307061886	-0.190722410428	1.41075870633
0.273764406846	-0.165540404495	-0.428534700986	0.284209677501
-0.301306605319	0.11666227229	0.692168320204	0.615481469713
-0.00258021359862	-0.187003385957	-0.533064376959	0.384331639589
0.800462345072	0.277419566722	-0.921892585632	1.4569387806
-0.860447227794	-0.152402645696	0.279364196231	0.906972377333
-0.0345521618244	0.58379057115	0.152762467835	0.0935402855273
0.208026158642	0.578600132023	0.816794455604	1.30338940809
0.0786460955451	0.124042377593	-0.0071164734987	0.0151085569265
-0.843750341544	0.18122806993	-0.346093701408	0.616062349589
-0.0583764964292	0.587220874185	0.875499489148	1.24973884894
0.902387003668	-0.127719739266	0.814667793866	1.2586841277
0.18983917442	0.984830101614	-0.517900251241	-0.0188248412419
0.187000810871	0.505649917151	-0.0226490374444	0.118586742781
0.225425142369	-0.381139325497	0.269898168031	-0.06512567651
-0.690419728843	0.350468647544	-0.00128471695951	0.234260330853
-0.647109111274	0.918059849854	0.558718039856	0.649767756201
0.993822942241	0.590673646215	-0.63629954523	1.6037408003
-0.30770186932	-0.900052339003	0.914162298976	0.384527021028
-0.758549076055	-0.568549124042	0.00110274359181	1.00604336566
0.00610989944606	0.548454882492	0.126238337696	0.088560485625
-0.926614780482	0.13534365425	0.5120210521	1.06466787897
-0.0577114187633	0.104979873337	-0.935632724654	0.774458060944
-0.137008053255	0.0703502601938	-0.71718194349	0.473028658198
0.587974144377	0.0992860135362	0.224263793572	0.476651710465
-0.967227205009	-0.0653982074727	-0.23026331496	1.0668633938
-0.129349313067	0.86451816481	-0.347601664941	-0.274774621951
-0.716573343006	0.114040876573	-0.353411671503	0.516355136487
-0.842033986109	0.990925547417	-0.394110682389	-0.360582868582
0.66226447981	0.736615793237	0.358559288596	1.31911391458
0.41209501709	0.286796776373	-0.98652939801	0.978316627562
0.0378920903048	-0.755208768743	0.0752240088971	-0.0783318079811
-0.762885427529	0.465692456206	-0.0708133006229	0.198761490632
-0.716744100692	0.213410419784	0.35260267856	0.560339181047
0.691400771985	-0.74511801781	0.288939871014	-0.168948200127
-0.8691836879	-0.664396280667	-0.678810245211	2.24474504397
0.130071148699	0.101537924741	-0.0814121199819	0.0284871737996
-0.268557309426	0.317243311119	-0.95752637515	0.600012939751
0.711891471015	0.0373078646629	0.893255684814	1.36457979781
-0.593631905485	-0.876970355381	0.762757220747	0.785879529181
0.791528012179	-0.28743757874	-0.27065947268	0.55005595238
-0.693456109686	-0.699339084984	-0.2966064422	1.26124619673
0.185641909492	-0.441965208561	-0.122071066844	0.0212681631906
-0.548215017445	-0.102302552007	0.860181053921	1.00853622921
-0.277085784319	-0.853547148386	0.357251538771	0.135979942715
0.0117978017771	0.488298051984	0.692517778074	0.823635986698
-0.181187895462	-0.890930009688	-0.623329575486	1.13813757132
-0.865924226324	-0.872283800167	0.446581939092	1.31504567794
-0.651234255232	-0.379465538868	0.10332713493	0.642694422655
0.320841425558	-0.847335454845	0.186740319231	-0.292280841411
-0.09703834581	0.0323245143751	-0.360063934516	0.124286868266
0.466605573233	-0.0508046586562	0.572912545689	0.493137182781
-0.991804903899	-0.170947864474	0.354743356046	1.2184241272
-0.674717105648	-0.467401629141	-0.493886098325	1.24537369213
-0.221194465539	-0.669352585894	-0.966826692787	1.77888587989
0.800152826483	0.782348691239	0.747494322675	2.4097920298
-0.0382260619802	-0.852208333165	-0.63794125513	0.984665699067
0.597960269272	-0.852355064862	-0.202919943419	0.0620183644998
-0.867714083842	-0.763037213259	0.950897909509	1.59366221108
-0.896031023306	-0.425289697505	0.763526307155	1.4421969071
-0.391288081148	-0.828774844763	0.943463792128	0.585600950356
0.637129542935	0.549044519133	-0.185187001075	0.688364855418
-0.304817391928	0.445383896405	-0.935259911373	0.415314283055
0.742023889398	-0.989229759007	0.143165418192	-0.30455981602
0.830410955811	0.819454156968	0.03748722199	1.40219041697
0.816168068191	-0.96109515991	-0.907754725849	1.57817245122
0.381858540784	0.42033233717	0.0409054848043	0.325190594804
0.544557682354	0.331307849547	0.514192506923	0.911709252002
-0.132924137039	-0.871664535755	0.979494476495	0.239152913765
0.978643391336	-0.142257992335	0.405100329869	0.925000560981
-0.683536582989	-0.311283818511	0.570927167037	0.828233579343
-0.754358824991	-0.866634884207	-0.32048080356	1.60325869932
-0.760936944829	0.424214671891	0.70652894935	1.05512752032
-0.796615017218	-0.614458270267	0.920793018296	1.40615306845
-0.76121549846	-0.276997095762	0.397308888141	0.838104461879
-0.70485804847	-0.847180904135	-0.264682645604	1.38825813318
-0.201349716445	-0.599355145371	0.0966637574085	0.112629658505
-0.310727615181	0.550907793659	-0.702226989516	0.0316298092907
-0.164536763536	-0.620596082849	-0.267587254979	0.366849758777
-0.182528514867	0.657885757276	0.332778661538	0.242905727838
-0.0586422744656	0.804731053609	0.941905322357	1.60141375578
-0.524587873787	0.641229301109	0.772265542202	1.03040468322
0.841011661716	-0.2508088295	-0.969516893853	1.67949386947
-0.0832629161039	-0.749699122173	0.4672533337	-0.0626188879428
-0.917076251392	0.107949817213	-0.952699653749	1.54682351393
-0.777170428217	0.564830142884	-0.0789218157389	0.126675823019
-0.624711357847	-0.907646463015	0.963988231599	1.01159413684
-0.948086771931	-0.34238352707	-0.231718213194	1.3565076495
0.198642818609	-0.176821738213	-0.763391264193	0.722084993432
0.738934862248	0.228547623094	0.309215439448	0.881191178736
-0.795295933615	-0.494694743574	-0.215455066457	1.17892971448
-0.522287697455	-0.199119848251	0.826920603813	0.895923665837
-0.836779426523	-0.351356958985	0.204525721492	0.964177318511
0.449311564495	-0.640578073499	0.243658359271	-0.182651060727
0.499962755961	-0.979509995841	-0.811176714172	1.21280760188
-0.851655523817	0.339624546917	-0.664403788789	0.651858568661
-0.967852408917	0.360602517271	0.95951401553	1.8543985858
-0.629950301655	-0.522761480306	0.650991427104	0.809627730831
0.318175318825	-0.212877123415	0.618333153299	0.284210192379
-0.338222594049	0.705181104325	-0.988113157208	0.155455224795
0.33362487289	0.991940785542	0.708928657622	1.64803676543
-0.167868602112	-0.654316275459	0.33892465922	0.0311250300203
0.703191084316	0.0381038745974	-0.464451165332	0.719289501974
0.72592345275	-0.604078969181	-0.55021518847	0.723559945714
0.141275833018	0.665513017917	0.0928099302347	0.184359666899
-0.74682278461	0.52194887475	-0.951416154526	0.576543067367
0.816591850397	0.731447083185	0.576412161236	2.01798195093
0.730623214558	0.226313048509	0.210533006964	0.791130362289
0.997319500629	0.882740825399	0.788617661851	3.19308364784
0.754168192598	-0.465757051301	-0.134486787063	0.298235374432
-0.79125172698	-0.929651692613	0.127637476407	1.25930073212
0.260801836992	0.582407666841	0.265749429556	0.445307852111
0.370922377469	0.498397189639	0.929764388006	1.65030385583
0.801333396535	0.756499386264	0.198060737324	1.43740431697
-0.0711857347455	-0.685395003572	0.344220668567	-0.0635815019419
0.694033872806	-0.928998419532	-0.790955208422	1.19733292594
-0.957002023181	0.912895006087	-0.737898122182	-0.0869193674266
0.39481459826	-0.423343413889	-0.116391087288	0.0515566925579
-0.0687464231221	0.244131185669	-0.792271249866	0.422218538668
-0.000904529490439	0.77533494759	0.942623954021	1.61868871753
0.841050220397	-0.270675767409	-0.285870040033	0.638813331648
0.527794809125	0.950446273865	0.508814795025	1.52270159189
0.661353255899	-0.789298457499	0.41213611184	-0.240059198327
0.332577689829	-0.672478605472	0.201785923235	-0.20802261874
0.358824157961	-0.280723799443	0.327950457828	0.0435122996208
0.321035831265	-0.278902144663	0.602094127953	0.208118418443
0.259316934248	-0.94493672136	-0.0341841045493	-0.144322452574
-0.270835477117	-0.0355683259156	-0.262673297522	0.161325130871
