0.639728305756	0.960425818906	0.333004785434	1.45438246799
0.694638716342	-0.586824383838	-0.0505076359743	0.107082143185
0.439957487396	-0.804982150628	0.855394636046	-0.117472764056
0.177331468282	-0.749971762729	-0.729935740107	0.97869023416
0.511814533826	0.29819116689	-0.40982329451	0.460322136423
0.77156247232	-0.401887703362	0.0725749068423	0.261327333162
-0.814816674203	0.696074049041	0.723728993905	1.12430609874
-0.873862346877	-0.638444835547	0.0366906986109	1.29946952396
-0.655486387819	-0.379224514077	0.87164078944	1.10744902251
0.271506493402	-0.381820057228	0.721579294404	0.215212381739
0.368650680386	0.203777214832	-0.34996775139	0.262187906398
0.174447346741	-0.0795991553122	-0.242681043466	0.0947573102659
-0.73953665832	-0.90288433655	0.512682034352	1.014580824
-0.303269744538	0.549382539417	0.84397332601	1.10131661963
-0.121244220004	-0.355122673982	0.755187585102	0.35988078661
-0.261236038116	-0.221020877055	0.769296249751	0.54776907392
-0.88718494324	-0.00695357205723	-0.873783363854	1.56283951047
-0.410607718315	-0.212463799141	-0.57100736862	0.703205784023
-0.552068044956	-0.144119426265	-0.046497637816	0.393206099366
0.592887338549	0.15423910942	0.770264796022	1.15507462344
0.940839194575	0.412532453061	0.632522958418	1.9343266315
-0.873775864476	0.919773752115	-0.0728760632365	-0.101910413565
-0.870836503426	-0.133534802546	0.351841033393	0.951452286091
0.703454136445	0.399816301657	-0.229266566915	0.736998801128
0.670816264301	-0.362059443034	-0.192193720305	0.313643074873
-0.319992476073	-0.764065734417	0.017964849446	0.333486880912
-0.0719773633155	0.258940587472	0.91217047616	1.05479581664
-0.0689575125741	-0.241956628524	0.68813054875	0.328465770358
-0.188199397538	-0.907131411402	0.670111336209	0.0473107590516
0.261477229929	0.613692037547	-0.0631773886956	0.194056757826
-0.795564163169	0.00681339645266	-0.0873595752354	0.634538323637
-0.778635822529	0.385015733458	0.393318758876	0.612620258333
-0.105613583936	-0.209647137403	0.253552906813	0.0444282501148
-0.631153312994	-0.843608502636	0.419997874065	0.752885242381
0.489121045238	-0.320592728444	-0.665200902394	0.73818155927
0.722806460092	-0.58130035375	-0.184851450429	0.243905800058
0.841437970444	0.632204361555	-0.995274062091	1.60133246867
0.626016149891	0.83357620009	0.521936073019	1.6212191361
-0.853382232486	-0.412009472234	-0.231207123837	1.22857905713
-0.887215902554	0.123750972932	-0.708883566714	1.09214910668
-0.116377877901	-0.652902288702	0.279712877644	-0.0148586907723
0.901912300121	0.736939649538	0.455007873722	2.02044623962
0.429195642877	-0.556005218581	0.690201682445	0.0381965077704
0.00106525421425	-0.465233426032	-0.981053399365	1.41839014941
-0.938187877076	0.550514816006	0.494753916702	0.880860965678
-0.718468161308	-0.364468787053	0.509123650815	0.851702930448
0.879796670081	-0.0954160507124	-0.0780338467191	0.703630419707
-0.504505326382	0.687296408001	0.91882027359	1.3835134945
0.151726565223	0.738577535657	0.796976980605	1.35888438516
0.783777616	0.372361437888	-0.598672970594	1.04164250899
-0.458599725351	0.958721149338	0.0141797805472	-0.215560026003
0.505481300355	0.251408457604	0.666625696329	0.994578776198
0.0756083144053	0.547858262944	-0.908108704094	0.374285818263
0.0718410500477	-0.093972084525	-0.978400230975	1.04761940442
-0.413338734019	0.0147898830278	0.621544869628	0.560246278393
-0.164056200778	-0.284773662219	-0.745049106874	0.84090185647
0.375617013499	-0.817996398044	0.342865335006	-0.329071194357
-0.617290115345	-0.912536511183	-0.976761750343	2.7897411316
0.0640197594471	0.90704432945	0.356735310279	0.513002111282
0.176026368515	0.585062570544	0.695601013176	1.02480260843
0.772758964287	-0.0964897077518	-0.492242739974	0.81239240344
-0.850364578706	-0.954684331719	0.327571599418	1.32952533552
0.984918047167	-0.391133826124	0.336692253911	0.566498739773
-0.787138104005	0.059605345951	-0.494139419433	0.787389170571
0.118289101463	0.951945465828	0.61333886552	1.08664680133
0.214855884537	0.56153388324	0.278686097464	0.400969537735
0.357155688945	-0.194607447371	0.499670626715	0.210486139216
-0.619017333252	0.249097324163	0.487501536283	0.588079973634
0.938872907373	0.25617155689	0.964092986718	2.29844335904
-0.867656891006	0.699738659209	-0.906865673955	0.333531790767
-0.583882890388	-0.00611570696973	0.593409689627	0.692996026318
-0.960055131326	-0.94277373639	0.0039488863403	1.82311330586
0.955784175986	0.740431286975	0.527034521588	2.28921413461
0.32663630913	0.418479510895	-0.718476708501	0.458922880422
-0.227482512349	-0.913820090591	0.727162409244	0.123895934196
-0.83349384046	-0.300010417664	-0.0645157780785	0.96828650843
-0.342413413603	0.752231158974	-0.767348752705	-0.128726626453
-0.474408996017	-0.0042642359564	-0.182900286854	0.261319332312
0.982004026989	0.275141198734	0.0713656806193	1.25925037345
-0.950467503376	0.270796115774	-0.953521409068	1.29699875056
0.0676098837477	0.642877734114	-0.0218501112534	0.0344664625969
-0.714984760497	-0.326201812659	0.835085335347	1.16939369984
-0.355463745392	0.546383356004	-0.438827510154	-0.115063463893
-0.630850765154	0.862293127184	-0.00547695949536	-0.150698338621
0.902333585977	-0.924907875646	-0.0255782138765	0.00394219673685
0.0997639160496	-0.696171485513	0.63865729597	-0.0962318114648
-0.765448225532	-0.435690705925	-0.86108493642	2.03604363524
0.476248414745	0.249364248442	-0.0713214236157	0.33287361283
0.485402635748	0.764999977257	0.777242253976	1.80564455208
-0.035534680388	-0.505331610003	0.0953123639939	-0.0198603928584
0.927511242833	0.582984284469	0.97022341659	2.90796006622
0.649431217468	-0.6039541713	-0.391562361462	0.419341017903
0.245594061813	0.818559968652	-0.527384222817	0.107788416316
0.811290344263	0.866289373435	0.649570968027	2.3456630961
0.0885137930684	0.0858934845289	0.0188615421574	0.0174132910309
-0.59056697782	0.288472926628	-0.294664710793	0.18023127112
-0.00439340182812	-0.426193070922	-0.271498056551	0.191313524578
-0.792280220964	-0.921147112939	0.381648450694	1.15161575811
-0.698587344615	0.449517745788	0.0317296311528	0.189266671433
-0.654036679709	-0.182397531869	0.0664990287041	0.539351516647
0.0175854407755	-0.466466051276	-0.964359852839	1.37193729494
-0.639012953851	-0.858429292593	0.0698145821471	0.901828186637
0.291600195868	-0.351929358665	-0.966731035396	1.2571979324
0.98872630243	-0.347714520199	-0.606853139892	1.21306759103
0.164329963501	0.775238275679	0.971089327879	1.85023931325
-0.636384429589	0.904392019688	-0.280959775698	-0.345715240785
0.00457970960561	0.632655686858	-0.0844191135167	-0.0433632924526
-0.752846677538	0.319585441932	0.577808997843	0.844701863648
0.273986254234	-0.62851466662	-0.914143683468	1.31307547475
-0.0993533557182	-0.87313019598	0.0376067309632	0.0651981980796
-0.520891399795	-0.453226989906	0.41212648315	0.490471284273
0.163264188079	0.651125742348	-0.659331912271	0.138371300479
-0.458648398466	-0.977004306455	-0.173802622301	0.858473075844
0.871275638961	-0.164707989895	0.0814913685604	0.60883374355
-0.692841627118	-0.967022287818	-0.137692488886	1.30213374273
0.730653267882	-0.87867621922	0.14953420335	-0.217185123589
0.643972335475	0.0360590782899	-0.221005087591	0.478795426704
-0.903227656643	0.119536748182	-0.246796818714	0.739258683337
-0.103316331635	0.469226873768	-0.684190284058	0.109271341828
0.129054996104	-0.453309935686	0.624049632721	0.0647033252613
0.436420499003	-0.558725172581	0.0201738636608	-0.0642409273538
0.760442998162	0.665078146865	-0.248470024656	0.98051294307
0.726867982779	-0.941969522061	-0.557981099018	0.680593674071
0.645848697576	0.58329373098	0.467406399634	1.28494400176
-0.792036020852	0.15893406421	-0.87843309827	1.13347132022
0.517585804359	-0.929774057841	-0.270058794819	0.110682625447
0.589087910879	-0.984391958161	-0.0858465428569	-0.14099256003
-0.725375596438	-0.911396735877	-0.842819693112	2.66576285912
-0.564553782657	-0.630510965832	-0.265992123143	0.913141084321
0.692567843352	0.335225570148	-0.551283492098	0.830925833508
-0.385473687508	0.240068939949	0.909485444931	1.10155268543
0.520028803656	-0.455979068829	0.0528906429843	0.0119881009538
0.707213081572	0.941169955046	-0.204738099741	1.01498238829
0.0344022532931	-0.653653173644	-0.305925928407	0.272256500661
0.0812073817503	-0.128796809591	-0.26924416805	0.103305599041
-0.314922478562	0.186948626048	-0.198701157011	0.042637084325
0.0145774411083	-0.891159144457	0.0397248365273	-0.0466014068535
0.162856812322	0.259622883665	0.753071802956	0.831435510058
0.0766503396291	-0.23649547877	-0.0562045954665	0.00419890506226
0.387002681993	0.659124591231	-0.137152334449	0.333264346908
0.416197032347	0.287086201184	0.644872535941	0.893698988897
0.0238565656932	0.664642454554	-0.888964736267	0.215839820108
0.60331348155	-0.0497863129305	0.689816761196	0.775454134122
0.433995024803	-0.979278157346	0.44219440187	-0.474145596639
0.135173479956	-0.804205512309	-0.962747140265	1.61069322523
0.242285239396	0.712744874345	0.202314150112	0.416519088573
-0.0828056181128	-0.112338429918	0.293070008655	0.0691260288628
-0.435189404551	-0.0303188881952	-0.825767308785	0.909512271702
-0.371558770535	0.065164027588	-0.00671776495409	0.113451025733
-0.200688207366	0.858456030086	-0.571457008654	-0.296013847479
0.83977433422	0.770787196946	0.622032766942	2.21888789354
-0.354569253426	0.173305365155	0.991500119519	1.21917537881
0.979872834618	-0.806050305777	0.247823538133	0.0319822414187
-0.746848845309	0.799380981821	0.880409227482	1.43966923501
0.254054979309	-0.791977768224	-0.228801709803	0.0968941268971
0.100446857128	-0.998750108273	0.143806664188	-0.213178303089
0.432945585543	-0.869560090525	-0.697929130499	0.90496606658
0.175108966948	-0.501596854975	-0.889970605679	1.18128317901
-0.298004247723	-0.111891684117	-0.534499579632	0.467646587564
0.824907135914	0.258543850936	0.0565897855821	0.911579795385
-0.996307986111	-0.641665838009	0.857320103022	1.81681113871
-0.336768153183	-0.911597584158	-0.752308619542	1.67218080301
-0.554376213387	-0.027579745931	0.506897404103	0.565587417753
-0.91082113025	-0.545632584939	-0.501358369058	1.85148649614
0.423298037037	-0.195599822266	-0.00952834234715	0.0983387387269
0.335071321467	-0.585245254499	0.452622682359	-0.143854094681
-0.943622442525	-0.625893600229	-0.930034921705	2.92809842292
0.890492870441	-0.491894909148	0.651698826066	0.459092667759
-0.386740897674	0.519725450967	-0.948452819311	0.355197115705
0.131463730843	-0.800385099877	-0.488700298673	0.542037520473
0.818739823841	-0.975796655571	-0.323662384757	0.291997329143
0.496465654749	-0.807319672991	0.343736589416	-0.313678811757
-0.47466422301	0.849658850946	0.94545006376	1.51918930416
0.756910893118	0.19756262871	-0.616620296619	0.980850869351
0.0848582904356	0.463301172667	-0.172864580915	-0.0036903247906
-0.655551950023	-0.769990727489	0.277423912058	0.797867469197
0.170359786168	0.21418566329	-0.128354221129	0.0544942526344
0.230506765821	0.670645411123	-0.644104266572	0.190626409375
0.523156493038	0.10371038479	0.620211294552	0.776933879305
0.589587309937	-0.029146967332	0.444566449922	0.51511007858
0.386877940826	-0.466450991772	0.0792609937997	-0.0614741221239
0.057714672963	-0.678203383595	-0.939498398529	1.48401693059
-0.463062013969	0.584547115016	-0.232980792659	-0.138163336013
0.618251230498	-0.204202483514	-0.943967223471	1.33982071769
-0.338597579499	0.650635275444	-0.937610441109	0.163415703107
0.735045325085	-0.859088307698	-0.281790109445	0.230311039551
-0.264246366456	0.645640070585	0.341622724375	0.236489505184
-0.129636404361	-0.818877776643	-0.194316301016	0.319842093292
-0.481443612264	-0.721448951083	-0.0246295533346	0.59750052118
0.0764849669546	0.834239365153	0.0931017688595	0.155993820359
-0.176741224028	0.440483537775	-0.688687024625	0.1243203815
0.56035166405	-0.636850847228	0.829268593287	0.116699549005
0.309850855255	-0.408442997025	-0.0196380528523	-0.0221421811661
-0.666674785147	0.674886784574	0.522376335833	0.619947188913
-0.00510299510367	-0.489899629545	-0.407953390137	0.368808179195
-0.63261617532	-0.579286021991	0.989618587713	1.17274166711
0.671749961389	0.715430049741	-0.959170390008	1.16562663615
0.465349886293	-0.218057148638	0.0616977747573	0.105430621918
-0.444383375519	-0.342526750224	-0.216290316802	0.470556498369
-0.472059635308	0.13073442442	-0.266537375425	0.197322416709
0.930674468222	0.693353818936	-0.719001992527	1.52988275045
-0.995251402476	-0.968833648581	0.630343419171	1.74139331308
0.320635848708	-0.968890932322	-0.473219198857	0.474580382026
-0.641473265234	-0.55363989265	0.367407743861	0.698210006092
0.774249260207	0.414865186705	0.405418602388	1.25322928816
-0.692225536112	-0.810672851716	-0.482735668384	1.66471906868
-0.40115538836	0.754566774454	0.340056840492	0.230461366187
0.00282860362527	-0.979385417874	0.215280210403	-0.167259021979
0.342081820239	0.181317125766	-0.970424805619	0.944814930996
-0.799621922941	-0.605901327523	0.396590722565	1.04087656021
-0.905941976398	-0.686802143656	-0.89129052191	2.84947279153
0.528117582452	-0.00827106224705	0.907866339666	1.09125235919
-0.865731226417	-0.588290082238	-0.780557374811	2.32725562837
0.0317601098493	0.908405366615	-0.437950118319	-0.176176172846
0.546657290527	0.726034481072	-0.258897715402	0.574785594125
0.480345948549	0.369971193285	-0.0852554268045	0.384172829872
-0.670886028005	-0.961029772293	-0.817734357909	2.54938605318
-0.984501104484	0.877242076962	-0.841843933785	0.0757969189602
0.758323158933	0.284971887789	0.512707159614	1.20013055421
-0.465303586678	-0.659880280682	-0.63361772106	1.34313534521
0.59778518151	-0.209959352899	0.793943981587	0.695487614637
-0.638807494206	-0.305974871319	0.212199325552	0.583634947927
-0.686382262082	-0.129871563537	0.603552237945	0.846153178372
-0.798692915125	-0.966834932339	-0.782922403667	2.78003880257
0.768311506333	-0.182549046795	0.751225024376	0.87725166276
-0.324199565351	-0.671059643127	-0.55040843949	0.99496894404
0.611561129449	0.995469766787	0.640242580312	2.03005032371
0.47917189152	0.679967926233	0.964574560941	2.14171106652
-0.191780956299	-0.170214492416	-0.825176450586	0.890796998623
0.601212974109	-0.262904724089	0.892845660091	0.765835339982
-0.574731067118	0.361942226812	-0.629931918682	0.291111618047
-0.294732150171	-0.545419029414	0.493723099949	0.222096089078
0.793941575521	-0.133453364556	-0.3257654765	0.6739866954
-0.191569494456	-0.963566145088	-0.986566310549	2.14522373234
0.196361248485	-0.201247638505	-0.348985521991	0.191063909088
0.751068998509	0.577191986904	0.84959422426	2.20980497233
0.703883668634	-0.50789414249	-0.881820141486	1.3634318732
0.107343536682	0.875682319506	-0.525326618631	-0.0785297036056
-0.418967164024	0.0426178758181	0.937178719323	1.07592251219
0.457528272335	0.972704517803	0.191525027506	0.877351033198
-0.912490579659	0.758894254456	-0.965555604519	0.33969822461
-0.0503369805336	-0.245852448829	0.289366253199	0.027500708073
-0.548377960253	0.457238480124	0.937312946691	1.35710998939
0.0784639235433	0.420658820957	-0.0107407753189	0.0347602912359
-0.728036237448	-0.490555190315	-0.236376066427	1.05900786909
-0.639883780233	0.783913617905	0.916885059358	1.46727453916
-0.63243736175	-0.285413755113	0.790995456387	0.980396167368
0.299386289655	-0.302590688814	0.0857746539107	-0.0195566735308
0.471502562883	-0.575946938341	-0.559372988115	0.585821509021
0.961994527074	-0.174166791965	-0.891261370884	1.70746093445
-0.252963412948	-0.134898049241	-0.232995560894	0.183832337269
0.201730429826	-0.671091529723	-0.434846502474	0.386228868827
-0.363395273957	-0.457167642522	-0.265118828868	0.489680429235
-0.911063733419	0.0347515239304	-0.72060001421	1.29259870506
-0.746778792661	-0.436817924739	-0.280894221186	1.08548612188
0.628770551947	-0.442229511462	0.675216721918	0.27460837348
-0.711612423156	-0.739226752918	-0.511614600984	1.67238388187
0.992591787054	-0.142633604621	0.117222685896	0.840682775079
0.577232274765	0.0333165891128	0.808530608344	1.03308773624
-0.465579929203	-0.0462286550846	0.785358263145	0.818769349663
0.515009498042	-0.910791341333	-0.533383163381	0.566466957352
-0.948627834259	0.943596279056	0.300513578099	0.378644978036
-0.184911943204	-0.240047857813	0.908291414861	0.685540028493
0.554062675872	0.418916736745	0.406759886344	0.874943706287
0.662293280131	0.888438172203	-0.216620740313	0.881509430718
0.0919648138743	0.614642402267	-0.885531426719	0.30486374542
0.527505304217	-0.40739764051	0.618425512328	0.193862449427
0.966608216586	-0.976841088279	-0.286050622021	0.351359781418
-0.181368254355	0.96452908325	0.380557726984	0.369842666683
0.497941458198	-0.722513150468	0.991472913053	0.154842763385
0.799225079125	-0.835493023918	-0.433459854768	0.521053879456
0.0397829540033	-0.607666131154	-0.769461068386	1.03705369595
0.0822029476171	-0.215130030677	-0.803888591612	0.808250447052
-0.600038867951	-0.970207846219	-0.243783284115	1.23815980541
-0.316579303266	-0.691090177741	0.0679371232249	0.276672076366
-0.164556439845	0.314159909558	0.611675981057	0.541693362326
-0.75362559506	-0.555047486726	-0.333079402709	1.28206630386
0.0714077425377	0.0529850990109	0.901643657149	0.869617574926
0.625087855142	0.977427051275	-0.574347271128	0.77020483391
-0.69948275402	-0.438758348925	-0.15560295762	0.88866439862
-0.290718270589	0.138708548586	-0.104953509714	0.0406492936935
-0.611422982762	0.72046289405	0.66936937394	0.863641647306
-0.170520381482	0.760325624982	0.646114631428	0.808147812775
-0.0264443535871	-0.0284397005471	-0.53372575073	0.301493550851
-0.482243512722	0.692079695281	0.140250931567	0.0155430080133
0.925237451099	0.985591794635	-0.938178320541	1.72348848731
-0.272340393179	0.577590524885	-0.940499267003	0.258183465064
0.879837144485	0.575682377937	0.831666988281	2.45106614921
-0.495183269949	0.405916506765	0.804807200141	1.01860256439
0.17876908096	-0.629104135467	-0.58413136151	0.628182918864
-0.604936354746	-0.445204881227	-0.951267340106	1.96368702678
0.524402579061	-0.574791942481	-0.822209499108	1.12220354341
-0.756673016272	-0.740035020114	0.86365236178	1.23928099346
0.815491444544	0.00937506207828	0.72001016982	1.19783636372
0.756833374473	0.314194335235	0.242100948571	0.945269131588
-0.286048432204	-0.397906398115	0.157669186042	0.157766201226
-0.0514787020013	0.726541654872	-0.598055372961	-0.111593275832
0.413710774568	0.370409450787	-0.329054830253	0.310791048146
-0.860815244625	-0.973371375711	0.0668485527152	1.51829606555
-0.815247944471	0.324411794291	-0.011242792778	0.396632268318
0.427937282769	-0.203347504864	-0.247414798121	0.207635603488
-0.52323148262	-0.032143757943	0.680203950524	0.731402913701
0.901089279705	-0.332143458882	0.941658186536	1.08662551298
0.0572061077919	-0.219273498887	-0.53527343199	0.394617680643
0.428928653648	0.815149458229	-0.199049044458	0.410986550909
-0.988867168683	-0.00349185960102	0.344756810977	1.09896467895
0.538807573293	-0.455931136928	-0.626326901518	0.722501775423
-0.809656268044	0.0680643706707	0.871197924929	1.41871789093
-0.701389243153	-0.402780696253	-0.890097172698	1.92523985391
0.58259793077	-0.282146693485	-0.398722648981	0.446520296978
0.722733557771	-0.657882698744	0.654036627668	0.0443544207125
-0.411107435879	0.262610286134	-0.777584588278	0.461484363172
-0.816761921499	0.539330938034	0.793755254291	1.28473923272
0.278756194534	0.724810119751	0.426863584909	0.771357892949
0.399084951513	-0.518974382607	-0.466572396631	0.411982854986
0.024438110209	0.419495685169	0.435167016864	0.382769921485
0.963928233903	0.0207457962428	-0.0480792761459	0.950469272777
0.104174176461	-0.658398839703	-0.641043794797	0.775263739674
-0.638577653435	0.459705959351	0.300558973089	0.342727914044
-0.333366255422	-0.756117576449	0.831858813023	0.426203160528
0.958294934898	-0.613242208425	0.3402194227	0.237774625508
0.119109258217	0.726665562623	-0.614801176575	0.0319652553693
0.181948221991	-0.0692307580038	0.891315403339	0.753245449395
-0.0429421599448	-0.627412637765	-0.856936189006	1.30077870971
-0.622057717557	-0.825966202707	0.372512312388	0.731837297563
0.526508356535	-0.0710879934394	0.0409079776415	0.238548023494
0.964946989766	-0.521302218025	-0.245099292784	0.615938155306
0.857121069159	0.81932622708	0.835649353016	2.8198975717
0.405304073614	-0.896489654423	0.052892216262	-0.24369925494
0.219196847877	0.560122823582	-0.620108292077	0.20802190189
-0.235041518594	0.871087594914	0.282754848052	0.176757308963
0.326008485375	0.663931934672	0.601185450437	1.08329914197
0.0708710406541	-0.637252502868	-0.621570810845	0.742307784181
0.316148752537	0.769485504125	0.27323589893	0.628130835852
0.94499609907	0.386972068556	-0.860379470655	1.66601473251
-0.485848127076	0.627002159322	0.364653632721	0.293031464781
0.553743264198	-0.823923927411	-0.757572465621	1.04848739947
0.12374854022	-0.692063756406	0.768821904622	-0.0113148326814
0.945260987646	0.94633217842	-0.0818729523732	1.71727339534
-0.785837218337	-0.725614114457	0.251319772495	1.0685551649
-0.558879734789	0.342215259702	-0.309257996927	0.110897087305
0.0569780216655	-0.818675511158	-0.315377737024	0.314255131018
0.0987691015005	0.699288420437	0.946171865325	1.63571165229
0.0407182867553	0.504254896128	0.220008661674	0.181534630386
-0.742008687712	0.64132626756	0.07210670089	0.126150528114
0.503626490072	-0.495854888043	0.581954650751	0.054020141989
0.366359037692	0.177780302228	0.956635755118	1.28457332658
-0.292811084181	-0.655511290189	-0.64083352185	1.10842051402
-0.398917325251	0.0556869535994	0.485722969867	0.399895777746
0.112457458029	-0.436763206593	0.141545304064	-0.0782573078863
0.557184083494	0.980233799311	-0.0808609456192	0.783900634563
-0.0109322699508	0.899439361556	0.810357542517	1.37583341801
0.218717287453	-0.579420898102	0.665855299728	-0.0213393108945
0.63899115789	-0.898906498421	0.0425599727866	-0.202529689226
-0.632430183236	0.386824926395	0.247255395017	0.312107957932
-0.677804978233	-0.531421264823	-0.993361850969	2.33428094558
-0.645934128991	-0.134235889057	0.94028163489	1.26184845276
-0.863534714371	-0.168783205633	0.296070819075	0.929128508161
-0.975572147208	-0.863696725792	-0.368701423707	2.24872643602
0.971292809709	0.799215871502	0.134487693711	1.84525399068
-0.972511721093	-0.5154960036	0.623211941371	1.51423481204
-0.429050086924	-0.1116560368	-0.359130537329	0.401063844719
0.287748312721	0.386921302581	0.0764172150207	0.229542082574
-0.865386976442	-0.0701926382627	0.00503890578454	0.809310110471
0.915850105755	-0.220211284937	-0.175113235618	0.706327443526
0.941462646533	-0.696406986035	-0.78596962967	1.39581375036
-0.57547026425	0.118686293221	-0.109366752308	0.261846344591
0.700209700292	0.86502781994	0.145188072519	1.24266579318
-0.271477782121	-0.0491517666804	0.473968192435	0.288393272223
-0.76155233705	-0.0735129989566	-0.29590375435	0.745257762449
-0.598850093533	0.912222154171	0.868208736101	1.35812276514
0.514419371732	-0.435312086611	-0.350391900104	0.315998632735
0.161878422569	0.552083648241	-0.772517161112	0.285863725374
-0.927236447179	0.606638361291	-0.211399285353	0.213716971935
-0.0429320165097	0.229904915779	-0.449400482523	0.0906142900084
0.326360114959	-0.772988587862	0.428060581864	-0.29341180271
0.225763716809	-0.0034418249426	0.419801363687	0.224980518785
0.567524808747	0.238517314386	0.790296042769	1.27051602668
0.790609848	0.355921155294	-0.272554903348	0.883736821501
0.188119301145	0.874196596687	-0.582990448962	0.0300717214934
0.20552527689	0.16165505641	-0.424741135183	0.187208319419
-0.11341381068	0.859073188442	0.393136545628	0.407721337753
0.187360608242	0.185083495695	-0.647314132109	0.368989777095
-0.550872137907	-0.166079339613	0.215973872651	0.405724508721
-0.109010399255	-0.924796494817	-0.248588742895	0.40438606345
0.0415058916645	0.389645663112	-0.9767684207	0.59137829841
0.573510792305	0.712203620026	-0.201295869389	0.634527471451
0.376030444159	-0.558519453134	-0.0139123117609	-0.0606575739238
0.192926003828	0.544869406003	0.36799781524	0.478273063083
0.938252564559	-0.902519865331	0.703427070903	-0.106520964533
0.876285376854	-0.386280032447	-0.85014333977	1.48052161291
0.190307255338	-0.529220770482	-0.947339094094	1.33430518362
0.572136500435	0.551902673874	-0.959502535369	1.03419694006
0.91040595608	-0.501348914962	-0.562818113614	0.971340446203
-0.952086010135	0.483917180479	-0.876172111513	0.789419824273
-0.655400985031	0.651206169314	-0.87121559258	0.194424926417
-0.85586631546	-0.1642574004	0.093480753664	0.866473271727
-0.808653926028	0.0777115391626	0.212905723269	0.652953509291
0.195325296702	-0.591432555056	-0.8418831382	1.12931454611
0.453399192522	-0.838000943093	-0.493357612176	0.482457754626
-0.520700863359	0.545975804582	-0.0288439074714	-0.0280767883065
-0.83256879508	0.305577536373	0.578903477445	0.950785611913
0.167913652357	-0.584662920994	0.568683848144	-0.0790649324519
-0.353607612672	-0.173566296242	0.404761764351	0.279991792976
-0.251059232226	0.304170107251	0.00399943110977	-0.0121014726678
-0.808841872559	0.253206314845	-0.666489350224	0.72487004667
0.487228604801	0.984326909583	0.501207161062	1.46154425437
-0.583308306404	0.57181387964	0.269060317095	0.232950672619
0.124100921753	-0.99373029338	0.624998529584	-0.338378616786
0.836246031399	-0.533141099154	-0.937822270507	1.63297250385
-0.0400623640083	-0.426575019987	0.73185322398	0.242113434541
0.79860707011	0.710919958011	-0.224738893321	1.09625516275
-0.27220213283	0.374987023574	0.445387398893	0.337406163657
-0.797039873979	0.364188068846	0.858337398092	1.39433947661
0.659395649993	-0.112569819226	0.986701666229	1.22308192405
-0.809529566614	-0.126302984936	0.804352803226	1.30297539195
0.337911970713	-0.705531942536	0.586538098502	-0.194017612166
-0.983299035442	-0.0902794206154	-0.199652198456	1.11353414546
0.238829967097	-0.6952352475	0.737734708471	-0.077649930652
0.219218481886	0.656296831666	0.0807287232968	0.251428269995
-0.797938165273	0.0633439800791	0.063864342702	0.594284812275
0.809419712196	0.30187197793	0.522092356362	1.32968688084
-0.0877424821208	0.559894177734	0.309864098308	0.228079102241
-0.216952950151	0.739449396433	0.164062163116	0.0348749153957
0.291204994022	0.26743750062	0.040846683207	0.175271870707
0.997210149158	0.340169806699	-0.38204937781	1.34964892935
-0.336162931137	0.488905035378	0.649818966095	0.688618219835
-0.641154815768	-0.640895850042	-0.166416299647	0.956342859053
0.898755409009	0.572228061727	-0.0889359347808	1.2790723138
-0.0610260521748	0.52492667547	-0.110309272722	-0.0740461677961
0.504401575825	-0.210214971634	0.847566056626	0.688585332533
-0.387974355957	-0.533916720439	-0.681187052434	1.18538305407
0.442863427871	0.75638270655	-0.0781393417299	0.478104763891
0.194841568959	0.591299533006	-0.733983627304	0.257900754821
0.845573162705	-0.246880536311	-0.426465463937	0.793397231974
0.619788967061	-0.378361420194	-0.624318017112	0.775624967991
-0.542129731628	0.593110614238	0.94885671946	1.43546781356
-0.743504388574	0.708474075741	-0.0481692129579	-0.00576117422805
-0.689513550395	0.334879579594	-0.45922302386	0.301626300771
0.0204897779101	0.42279827307	-0.14986147032	-0.0318198368498
-0.553898999323	-0.304824857455	-0.0917861002598	0.512049658093
-0.190810479076	-0.374416620613	-0.175577358428	0.204417743669
0.937690577895	0.116812603192	-0.410338560285	1.10924271591
-0.333892648706	0.679175397651	-0.0784571118322	-0.162417993328
-0.513567150996	0.465312511468	-0.641480440384	0.137790278367
0.16624780294	-0.832233842183	0.081347764508	-0.171801619632
0.924041762469	0.0205823348131	0.249808871574	0.940418237875
-0.916342632458	0.585665947216	-0.825417236104	0.500907990473
-0.963993642971	0.780644891011	-0.54462767889	0.0482055249204
-0.88902177876	-0.89488383716	0.0215974035744	1.56707022426
0.785246735151	-0.486055075859	-0.932426009014	1.55756793047
0.692949727141	-0.780018111001	0.505018695487	-0.19921385892
-0.796440700749	-0.200920293305	-0.0420124977666	0.804545102346
0.526854971974	0.82638432467	0.014868127332	0.725468700282
0.59111408712	0.734689818148	0.554215234394	1.49803218097
-0.128473256576	0.849526296797	-0.367797341557	-0.26981466133
0.00781496432715	0.737913660604	-0.0112124612555	-0.00232026644044
0.00372256611767	0.283153014499	0.41948939972	0.295818957875
-0.0522222202773	-0.71191335308	-0.912390760887	1.52190492269
-0.239446081269	-0.449527987269	0.280434215531	0.117552461579
-0.660783355095	-0.0600019513802	-0.313509259238	0.593382156073
0.820795923505	-0.684749879383	-0.102254158495	0.19214047405
-0.425640121006	0.11626211435	-0.950134251036	0.92397417024
0.714977056722	-0.670031967959	-0.31291103061	0.339708413992
-0.897858629251	0.408067101908	-0.890310324328	0.869109669117
-0.696771172885	-0.630612708512	-0.286405943429	1.18752241606
0.713065173304	-0.894251664842	0.54023147544	-0.320450626244
-0.670280967714	-0.0512174602376	0.198232672111	0.512749882782
-0.788365991893	0.173406966394	0.0634662500626	0.499846236899
-0.27227276031	0.714789735148	0.938654573149	1.43152774321
0.0106250489401	-0.897034867239	0.236964937564	-0.165831577373
0.0293555908788	0.166123761965	0.476671492376	0.312140585086
-0.0161742964883	-0.471934021261	-0.070985301278	0.0464341003298
0.270677816437	-0.0308639229895	-0.294683935331	0.160846025058
-0.688110441034	-0.507542751181	-0.00793566206263	0.826832107908
-0.769230649829	0.675640610355	0.0475278078244	0.106362936486
-0.923542904369	0.00999290280098	-0.0282963352887	0.844220541798
0.734186039196	-0.299658269345	-0.203915579018	0.421710775134
0.942179293938	0.489539373576	0.654083150813	2.09695990737
-0.161379811247	0.478437462657	0.624687503329	0.637941676923
-0.45131343237	-0.558985664399	-0.741694687504	1.42066926023
0.987290455099	0.525213469714	-0.733089218285	1.64567215829
-0.355709265618	-0.0964518492753	-0.300971710864	0.280451146953
0.0368101276524	-0.955187192252	0.791568284643	-0.163321115012
0.909973222443	-0.750346588573	-0.7041284014	1.16939311198
-0.409131647068	-0.664529299622	0.39361994891	0.332633346725
-0.507158702923	0.0933498964953	-0.172014273827	0.223398133269
0.45305638761	0.435805978351	-0.0931828267473	0.37077817883
-0.579600808099	0.619021349061	0.428597818793	0.426159112871
0.768741978786	-0.0245838498909	-0.180490581085	0.60907959575
-0.531401986395	0.515201194677	-0.354154571441	-0.0484262649336
-0.0233757935276	0.804181254095	0.363658391854	0.406442740358
0.136589634431	0.758861056541	-0.125525522234	0.0428095088379
0.567343727187	0.373323611585	-0.803157442963	0.87890595493
-0.92919804432	0.253783759277	-0.880949018041	1.18009425163
-0.208851480852	-0.820513966898	0.673864589152	0.116162675417
0.608435469237	0.950134760914	-0.834363551043	0.851694131544
-0.16589454836	0.331632670121	0.521375695747	0.417242779377
0.15145662419	-0.559710268525	0.926336790679	0.277786917126
-0.239915589294	-0.404236088336	-0.434079278696	0.518437359174
0.176995320424	0.440373456104	-0.347488818506	0.0769950114449
-0.129719934401	0.805083659885	0.554132077194	0.665576901576
-0.14413525882	-0.156443210025	-0.430374000219	0.295874825573
0.270932753419	-0.691295030491	0.0873174086134	-0.166627669963
-0.254221137534	0.820920748787	0.530790245797	0.573407991248
-0.661184397697	-0.272489817226	0.917803252908	1.20960159385
-0.963957455699	-0.453888810841	0.00904106417071	1.36272158264
0.341764904704	-0.699776089439	-0.99007668728	1.55072818073
-0.935672707301	-0.0653938484973	0.642514469489	1.30747900408
-0.280327073701	0.049019212103	0.119157046553	0.0848812422475
0.0531192683004	-0.678015732581	-0.166024686315	0.106937502839
-0.0351181383985	0.814236412834	0.570420809075	0.762476109422
