-0.943189836617	-0.452141289305	-0.797026123788	2.3116811979
0.337780905756	-0.123769907697	-0.386971767269	0.269931437346
0.133506707135	-0.594580675811	-0.312213986423	0.22155750906
0.841942622033	0.776371617687	0.148966020762	1.50037160012
-0.488430406952	0.157004443289	-0.0422626025803	0.157029229493
-0.756496377991	0.815959243148	0.872424164185	1.42800304085
0.321978643361	0.241081841332	0.0407514813115	0.192778576372
0.18912103929	-0.22272134184	-0.0257314455928	3.85252434158e-05
-0.904866657382	-0.296829672536	0.878516299938	1.59839612487
-0.479623513583	0.203060221172	0.35026085663	0.326452972736
-0.979841126128	0.371910459424	0.496027182168	1.02619613173
0.48239187647	-0.0633176062288	0.234371919193	0.242248351217
-0.40645657208	-0.733996237177	0.0781064048799	0.412315342671
0.0783664855063	-0.276936160665	-0.602730703066	0.514641019669
-0.727731468479	0.404170236353	-0.8318225683	0.591196551697
-0.135346406519	0.747286868053	0.709791993897	0.951398968216
0.296545633743	-0.697385843445	0.0199182431816	-0.132361378425
0.709536170392	0.711280251887	-0.205596552743	0.904153817771
-0.303744302134	-0.662190570407	0.93540020473	0.548957561646
0.531837378898	-0.390349652146	-0.680881232741	0.804629467194
-0.72197724031	0.364485382724	-0.13829374438	0.22682009616
-0.689287414513	-0.387184938295	0.920942782214	1.23355927867
-0.14703547398	-0.297274725087	-0.213719573936	0.174538844585
-0.829549474573	0.58728988226	-0.867662210898	0.444234792056
0.202356272318	-0.762197059029	0.632796237965	-0.195171647449
-0.714731602254	-0.892083588231	0.147383622067	1.03868501725
0.781920529134	0.791008666666	-0.533575672094	1.09254564597
-0.249844489904	0.896614258337	-0.972082681794	-0.0882303154145
0.865887332903	-0.0496223449338	0.294131184595	0.778711188028
-0.854669051473	0.434029234307	-0.491780721008	0.387908901318
0.149263317329	0.85461931765	-0.0462559038067	0.112451271994
-0.676645696715	-0.132868478097	0.121477457983	0.546370530649
-0.33976576062	0.55168004383	-0.567497381741	-0.063024919771
-0.392473698586	-0.506845560817	-0.749210777119	1.294010101
0.637463309147	-0.745875190146	0.949793306719	0.124571465828
0.803013348039	-0.346120031657	0.68018443617	0.594116840313
0.121142273507	-0.790795312343	-0.405848031963	0.404532054662
0.308796160584	-0.535931267124	-0.232654850655	0.108676839614
0.455224250916	-0.180024736569	0.899424175155	0.772322739427
0.478981183863	-0.672468269509	0.626145977432	-0.121681190195
0.035538287776	0.912292985808	-0.255574476925	-0.134156188831
0.939563149471	-0.192621457712	-0.692794007871	1.31520941741
0.899135799202	-0.168573078459	0.221678371571	0.668647390681
0.438440331978	0.216047883349	-0.240845728602	0.292926485511
0.370104050262	0.685665650271	0.288616948957	0.671939113524
0.529008294198	0.396419334353	0.225694202258	0.629966309543
0.449861642783	-0.92870908683	0.43677784428	-0.430279765476
0.793627605338	0.814297222177	-0.831254894251	1.29018967833
-0.724060316767	-0.133630615856	-0.682454809348	1.17796139163
-0.75773160625	0.850487993656	-0.933125843806	0.00682706723164
-0.563597817592	-0.0548969027048	0.128749312799	0.3580907216
0.510882124467	-0.313206689982	-0.870241457927	1.13087448754
0.653126532794	0.145270873148	0.397224800067	0.736947264864
0.346502580208	-0.630626820527	-0.562448918565	0.572594376848
-0.80131781007	-0.551415566561	0.24858348813	1.0086902926
0.274794253526	-0.407082844972	0.877096048943	0.375894579418
-0.669760910524	0.981532275329	0.625949316203	0.797389729862
0.737195374063	-0.206988315303	0.839515581021	0.921882686005
0.991346939094	-0.464622346288	0.789929545874	0.779136581262
-0.233113326417	0.346867680778	-0.892792516409	0.460879951834
0.403815949885	-0.354722192018	0.615902736009	0.180686654103
-0.778849128952	0.419452408638	0.301893472006	0.49768543499
-0.628779174855	-0.0148329926719	-0.672570248613	0.867016896512
0.0870030672331	-0.856612007577	-0.612823965528	0.833547241748
0.590899297226	0.731437907193	-0.0488108698599	0.748048505306
-0.517529505964	-0.223942935008	0.598003620239	0.60742351002
-0.691522297485	-0.472376771349	-0.141097841056	0.891422101473
-0.615704796508	-0.0872525770462	-0.487946096027	0.713480173603
0.213951794954	0.641792802483	0.249454094294	0.405413280071
-0.668671102932	-0.70934380571	-0.785940298577	2.0966427842
0.399279334845	-0.118002291029	0.95573956508	0.912966768915
-0.792218015338	-0.798697730139	-0.792231246789	2.5207357614
-0.235848199603	-0.135079373741	-0.101301783314	0.111428433107
0.749421989022	-0.483063740096	-0.180821396553	0.319659366262
0.836094004449	-0.248124044252	-0.688827991775	1.13699694788
0.106373431442	-0.957811500316	-0.501902395925	0.642063512842
-0.00836767625315	-0.542781950174	0.291158088482	-0.0686504809456
-0.900140334308	-0.22940159063	0.911433178312	1.6383724636
-0.456250360087	0.336462949156	0.476355855899	0.441844046944
0.280155283348	-0.955528004541	-0.864956283558	1.38543008804
-0.248642220045	-0.457251872387	-0.94586852388	1.5026824923
0.497934626213	0.744139618954	-0.784681908436	0.650284576078
0.944981086795	0.544257586621	0.635029497141	2.15618446389
0.546826444856	-0.382418770773	0.120308484767	0.0583683725751
-0.870642435905	0.110450031543	0.104760553521	0.684401346704
-0.143940045131	-0.898636251637	-0.336872782783	0.566277845789
0.614428834633	-0.930374047565	0.239610232767	-0.359639927441
0.773424272	-0.683790710379	-0.431219466383	0.550138865577
0.559897298991	-0.763552973768	0.498797473807	-0.246085636788
-0.674632261377	0.168288149712	0.0551552142992	0.353920139714
-0.0434942386511	-0.285912306242	-0.894855987816	1.07094486504
0.197691589436	-0.170286608745	0.411751442012	0.104841227484
0.143031008461	0.0459445591964	-0.562426624687	0.317512630822
0.449182349077	0.0644086750537	0.822844961636	0.960768207327
0.720088056074	0.648241339802	0.803598032627	2.15201291812
-0.121698338053	0.562803957127	0.222036106121	0.120581010824
-0.139554121808	0.685039166952	0.748259280562	0.996354178733
-0.33359685165	-0.907739169355	0.571183119937	0.221870654107
0.487529743518	-0.656967534614	-0.921958653017	1.37309869833
0.395018383393	-0.513637588633	0.0284162120118	-0.0606449202041
0.350328107419	0.988916935599	-0.936381455821	0.419981932254
0.914588559621	-0.453205667933	-0.937471719692	1.72569623646
-0.68166432046	-0.954889918039	-0.800485388165	2.52073291624
-0.358058621304	0.316418043421	-0.347739971428	0.0258016542575
-0.259804336454	0.910661461909	0.390722023201	0.339383684658
0.800298649932	-0.0851983833265	0.0658221943356	0.571018394654
-0.525979253105	0.189172836974	-0.415151556766	0.270968604514
-0.763102680189	0.741990296285	-0.670041026049	-0.0320980461093
-0.00755364889107	-0.99532594255	-0.191106570208	0.23431044861
-0.230878787495	-0.990552301254	-0.905755886861	1.99959483347
0.189564839156	0.152649656059	-0.881746200197	0.707749943112
0.885201798269	0.525186247763	-0.853994657473	1.52927865983
-0.870349604661	-0.41672560703	0.514397486991	1.17044757127
0.798091846117	0.589321507425	-0.358139931674	1.02448793091
0.37610973322	-0.441033110343	0.391087763204	-0.0439513281442
0.515727685195	0.731759159735	0.543553028434	1.33656330492
-0.179709026698	-0.952011362559	-0.921237715871	1.92908807192
0.21321475548	0.703864329447	0.240346260785	0.422472277605
-0.553349631397	-0.311239821882	0.0243951099384	0.471422646999
0.91164349293	0.0189690700171	0.515479438694	1.12388410473
0.438577355233	-0.51225554861	-0.166221518182	0.0804639009047
-0.0465924386822	0.146497853966	-0.430096143002	0.117319693341
-0.578312740474	0.558776188187	-0.583640705663	0.025810181618
0.413545729138	-0.589301317014	0.757424846881	0.0546579661288
-0.974093375409	0.22759339486	0.6903121326	1.36080200798
0.607374705842	-0.142793169052	0.510575698503	0.469955896119
0.859133808437	-0.528474618641	-0.867638545277	1.49540208361
0.620266521408	-0.815338242341	-0.0881421806616	-0.0413617230998
0.848244817292	0.44763141614	-0.174924902382	1.05151713856
-0.876801790131	0.0428264143981	-0.0188356853841	0.730779220543
-0.437884904911	-0.530664026046	-0.558059626791	1.03168567192
-0.797563875441	0.317012329316	0.091942451209	0.420870858431
0.123908139165	0.801416504521	0.987754954944	1.88191822905
0.493105926791	-0.330913467888	-0.887106241813	1.16049094989
-0.855238967647	-0.602973171074	0.397457206158	1.16543604289
0.143803624029	-0.579503475152	-0.341620337752	0.252019410495
-0.533144874471	-0.430543084742	0.85850510086	0.881192869856
0.130565561503	0.765430758959	-0.221556956084	-0.00351276157343
-0.0141674387225	-0.55420356361	0.92410088168	0.349874799106
-0.651679654433	-0.225106349867	0.329949605946	0.605976591323
-0.258567117574	-0.178736622358	-0.708845179291	0.742230448864
-0.482394480333	-0.298923620258	0.183719468958	0.355738293611
0.822236335479	-0.592937784992	-0.808318962284	1.32119999973
-0.279132312768	0.294799757016	0.208341597893	0.1004519839
-0.622673662751	0.220139471682	0.00281291252069	0.251274584688
-0.589278046529	0.15450846814	0.237663538177	0.349405154438
-0.846428142239	-0.358800778798	-0.40630544148	1.33100649722
0.275913970461	-0.781799284479	-0.981139260284	1.59010739415
0.941553599514	-0.79961162721	-0.37767783337	0.578282107666
-0.00686974308439	-0.441886877837	0.0946942801895	-0.0297943104282
0.429904531166	0.53804193167	-0.301821926085	0.344828193234
-0.807943368835	-0.924494780798	0.101464677043	1.31620343124
0.936346239983	0.2817223676	-0.82077904161	1.58298038102
0.45658061586	0.108543389348	-0.335569322468	0.334207604895
0.726946778105	0.301141973349	0.797920332574	1.62432996614
-0.261445953568	-0.823026486017	0.292753614088	0.128291631376
-0.10394474792	0.774250322955	0.389002756919	0.382833911038
0.372222119808	0.603205770429	-0.54309597109	0.33043044718
0.992742984279	-0.00565678358327	-0.402222267718	1.14398093759
-0.00952360365629	0.450758546274	0.979805242249	1.39747175265
-0.14076903281	-0.325057596108	0.42421552591	0.107638297349
0.272257284234	0.269765075353	-0.93988014106	0.777397378098
0.152991587075	0.702650367909	0.724243086698	1.16432374062
0.596405657727	-0.987759415336	-0.638599837146	0.805187158566
-0.193047423802	0.735364119419	0.481769658947	0.481685284323
-0.991370662046	-0.030135083585	0.892463508314	1.78228747858
-0.0840209474164	0.386937734965	0.404374944773	0.294535665689
0.188212048451	-0.762411941468	0.707893827642	-0.146664374357
-0.947973242246	0.562516511098	0.0257500966865	0.3805505892
0.0364473039965	0.352066928823	-0.0665704282918	-0.00484532796563
-0.659568710402	0.0897317937548	-0.200411031918	0.398027940585
0.18987221346	-0.100978815065	0.699597023447	0.43566990308
0.811702435047	-0.756017624535	-0.115349085662	0.145710849585
0.14854925345	-0.179434707482	0.82072288486	0.521731871825
-0.6399569312	0.75724328299	0.833825699855	1.25161599438
-0.990984754973	0.449107142325	-0.6053604727	0.631582043131
0.906756441462	0.15914677142	-0.635670792907	1.26942700683
-0.322586112099	0.654997287257	0.0491132675636	-0.0726500585392
0.106452169753	0.546347223028	-0.293956555926	-0.00469997947379
0.615635802517	-0.354045787878	0.272700309791	0.138861241519
0.880604306083	0.218335437157	0.939824553939	2.05619826704
-0.46868112462	-0.0799538355222	-0.981798055172	1.29956079148
-0.891931566221	-0.144125472806	0.464856769031	1.0731860916
-0.786129904037	0.939798622112	-0.442719765283	-0.340870209416
0.873694130048	-0.485983277678	0.338507584028	0.288819055111
-0.527163977675	0.570903473343	0.221427961245	0.152386447673
-0.476780960786	0.520305949602	0.154619799919	0.083604998365
-0.0791786774476	0.830171005037	0.80809645825	1.26441555548
-0.631044421843	-0.453839232835	-0.304681763182	0.91571729311
0.291221074827	0.597578287987	-0.995939861897	0.65558127665
0.636353931108	0.305193654116	-0.403583882592	0.638866217599
-0.0247113303749	-0.0281322720571	0.0401199892491	0.00178678280276
-0.927291017307	0.489918981771	0.933052223607	1.73327760708
-0.758852806686	-0.52225165338	-0.55327536694	1.567232322
-0.152538728236	-0.268261050555	0.874857158307	0.594873210167
0.510005237447	-0.0958884053459	-0.25670074596	0.301711651444
-0.72791731489	-0.68930054851	-0.281997211819	1.305520682
-0.571140756199	-0.318390845815	0.518885228216	0.612081325206
-0.541289914077	-0.240747680704	0.348133153481	0.460693505759
0.398289400144	0.647693362278	0.294877663821	0.694546989166
0.167979284395	0.515200209482	0.308073792106	0.368389146106
-0.312320914298	-0.180164562267	0.923337846746	0.84001353457
-0.316752299718	-0.891236626071	-0.832566165635	1.81781315088
-0.300385116725	-0.285344289817	0.314985241662	0.185280858533
0.00894234643378	-0.0920566409363	0.429866259335	0.144469720214
-0.35224606856	0.992187814682	0.287433900229	0.142389696155
-0.708811985573	-0.856587675196	0.121727766103	1.02012118663
-0.222714674647	-0.623920095109	-0.37997708341	0.570015909228
-0.672702187826	0.0564460505187	-0.699609938605	0.864520700085
-0.752496368189	0.0268363170856	-0.83298831679	1.2175717503
0.203088869397	0.126499499526	0.785082160368	0.782602228113
0.527599664075	-0.950981112316	0.436417250393	-0.44794045564
0.946401755374	-0.614890269115	-0.918573114885	1.72234128973
0.876232625308	-0.245554380169	0.162333524906	0.539111319683
0.483432035119	0.703985593066	-0.845220961376	0.693410814312
-0.363531593059	0.876693219285	0.351927296664	0.245834633326
0.902719173561	0.990352956518	-0.691024491933	1.50206920859
-0.226480788809	0.772029803422	-0.660353897783	-0.197301990741
0.0856664806945	-0.926231994597	0.123728632719	-0.171300933087
-0.143058232716	0.690437512447	-0.543444727859	-0.158189566202
0.683909818173	-0.310499691146	0.817604079044	0.669989468125
-0.623564008356	-0.0845843852832	0.754590932994	0.947156716797
-0.924915251824	-0.674818373786	-0.965417874725	3.06313142227
-0.899113811612	0.370040796406	-0.334596040841	0.463837180442
-0.693302188315	0.299769815079	0.436771262055	0.594536831353
-0.345838284643	0.967991707204	0.598454788074	0.722282932917
0.148445561522	-0.650118324349	-0.83291312476	1.16076526342
-0.455207859438	0.143192716161	0.0187204750781	0.145062837345
-0.627775242445	0.464732105992	0.322424379415	0.356152885826
0.155884470549	0.689609607458	-0.0700649713074	0.0883910195466
0.684614609579	-0.371336842605	-0.766511282459	1.08664796171
-0.959882852202	0.195394122025	0.428564856959	1.00122651337
-0.0891028718089	0.79786130635	0.492013650026	0.571483673426
0.759941815123	-0.232146803104	0.843850045176	0.917279307904
0.947227453825	0.706646229096	0.168300078675	1.71384809005
-0.824635705167	-0.280195243117	0.704571961752	1.2100869853
0.912072493172	0.614551935834	-0.278102870066	1.29882469828
0.813841781692	0.823330853469	0.924339253233	2.94783957567
0.0152949725912	0.808133595069	0.497145057908	0.661507148893
0.769888945493	-0.272088514388	0.550810725411	0.536774232211
0.768256231872	0.59249718599	-0.0311335047246	1.02793007449
-0.925937051125	-0.402740740051	-0.339061785031	1.48178888415
-0.44549379852	0.81981429814	0.753595265381	1.01895653633
-0.0191875248239	-0.971542392006	-0.594500895489	0.950023791663
-0.963181057002	0.475490390302	-0.394046867066	0.437641846668
0.290007242918	0.0265271791164	0.822343853751	0.789861151529
0.658033263905	0.955934800877	-0.281492008796	0.872194417147
-0.485868868947	0.351962016739	-0.754896148404	0.369234594881
-0.885326899215	0.382768738568	0.0611202693065	0.472058873745
-0.724386543876	-0.873978332287	0.0882020608995	1.08852692195
-0.851610358573	-0.869710831971	0.948353872878	1.54047638872
-0.852182122872	0.560373440488	0.78656589419	1.30813068463
0.335979081745	-0.68405552671	-0.724873263622	0.904348406103
0.881248968474	-0.0229308416923	-0.473577407114	0.991527052929
-0.460685409161	-0.141517753871	0.825958881712	0.842746439109
-0.710448695933	-0.107035854002	-0.827957956683	1.35491639745
0.860364172362	0.548184832453	0.950685820547	2.6368201754
0.665973195796	0.96515915828	-0.865420608401	0.999974630094
-0.470634138566	-0.443398407255	-0.882470603934	1.60021534686
0.250745566611	-0.522428330713	0.135912823887	-0.120655662632
-0.756023730527	-0.532909775875	-0.933611334947	2.34362504991
-0.157042088202	-0.658812742585	-0.776897939614	1.24352421718
0.149763054025	0.844679345319	0.753403791233	1.35293262456
0.215108034454	-0.341952050879	0.459276146272	0.026598991342
0.0131873565069	-0.956307226275	0.3717871422	-0.229754309568
-0.635418836445	-0.399383507685	0.688387830385	0.856479960133
0.946322678124	-0.679549688606	-0.661756267915	1.14007095381
0.257287230044	-0.59458979398	0.474491311112	-0.143769328961
0.220386940187	0.755172290733	-0.143634973422	0.127162367555
0.487147254002	0.794258012553	0.562657670218	1.38771207362
-0.866190326631	-0.761689599537	-0.84435971334	2.76613718239
0.442623924057	0.338782192128	-0.657814116803	0.55573274519
0.492756756017	-0.0403139019971	-0.310478757126	0.331857941843
0.161510545372	-0.42594497912	-0.903892229867	1.15932057058
0.597451262182	0.580789712856	-0.618869386496	0.727507901955
0.882466598523	-0.993171063801	-0.286436694681	0.268833623913
-0.0222273308696	-0.173987247743	0.974152484666	0.783844280053
0.75366961021	0.0539385489193	-0.0479406028119	0.608382181342
-0.809886055903	0.0890797912667	-0.65013853387	0.948536851068
0.0286070207775	0.198895902568	0.651877003218	0.561107473097
-0.374531012487	0.527991621778	-0.0796424306852	-0.0931833767491
-0.170437188905	0.839152130738	0.95351573683	1.59536312777
-0.236044409947	0.942574372956	0.811174347446	1.25582352563
-0.998964442213	-0.82175413323	0.581785241045	1.67922275636
-0.45167862107	0.81701516281	0.313760275631	0.189777707842
0.662060625867	-0.504660857743	-0.854170535479	1.26488192777
0.674010380669	-0.181122869868	0.374502009587	0.404632175219
0.534565264087	0.855814960518	-0.519714265895	0.568572646174
0.204803553889	0.280858275054	-0.921476905015	0.689780540988
-0.963955001979	-0.411564938234	0.496865552661	1.36832226362
-0.903639363277	0.297138142641	0.0592330465226	0.569167328069
0.942567253881	0.649029801168	-0.131985664038	1.43194485169
-0.963894681826	0.95089963077	0.635567506835	1.02083282393
0.561357516298	0.654591665341	0.573951465803	1.38770634347
-0.84237535453	0.130095811446	-0.525941368292	0.808198286429
-0.629065239122	0.430676190367	0.855254616609	1.2245979137
0.417483983148	-0.615971146994	0.0349616552941	-0.103178265338
0.242002998517	-0.350850767292	0.763243855295	0.28841500396
-0.780704760957	0.0352281113644	-0.937862084001	1.42854334819
0.783123844741	0.388255297188	0.724389547189	1.72332323228
0.436384105013	0.248278949069	-0.628907651248	0.538156377176
-0.258384934079	0.590151393952	-0.497747809666	-0.131717136548
-0.541523831938	-0.0165162863973	0.610232450002	0.664496892378
0.85782035955	0.336672085564	0.984302866644	2.32489937097
-0.574899785947	-0.673632062365	0.0250304541285	0.701545899539
-0.180478490781	0.940971929839	-0.378856788503	-0.350213845345
0.798007980949	-0.00486272351673	-0.954212149928	1.54809714241
0.256062913947	-0.111616992566	-0.83187210063	0.821849497416
-0.828246604292	0.268949432509	0.220994797782	0.571511109417
0.824835076277	0.168630152579	-0.371177362258	0.894625906843
-0.79605065132	-0.164465496945	0.267324218998	0.79211613297
-0.638084261516	0.61654447393	-0.352916784718	-0.079294436984
0.24569114648	0.544304396596	0.039067002894	0.216885482845
-0.0607825142031	0.785675707127	0.489923262376	0.580884777828
0.962007700802	0.497146055533	0.624575941426	2.10431772252
-0.467281722207	-0.937741117539	-0.383109338494	1.16257163676
0.623822902065	-0.237903071623	-0.977970345514	1.42983377445
-0.615804482995	0.566884941975	-0.575348347103	0.034994278818
-0.871306931834	0.304488409856	0.954022466453	1.69452055757
0.968591157711	-0.876344090843	0.89932594889	0.110017874588
0.943136399376	-0.707238632994	0.431786358947	0.103547235532
0.133096682444	-0.800492388253	0.432052356925	-0.248013538241
-0.560733000005	0.767211530593	-0.900402259617	0.00414590748003
0.187114344383	0.1987666344	-0.254180729962	0.0862890616153
0.669596613527	0.0260593593835	0.790499197369	1.11129776736
0.40726571508	0.138422417428	0.0111358850566	0.223905531562
0.146812310083	-0.809155496939	-0.998281740371	1.70709145754
0.069652706651	0.220534451313	-0.773843391575	0.448386787909
0.561268547995	-0.115018261454	-0.977997855022	1.31943366779
-0.30015487623	-0.456606906045	-0.700372781951	1.03746282184
-0.99808318951	0.0881882470363	-0.11324724473	0.910988708747
-0.152906255101	0.907807010317	-0.87351449486	-0.14538405677
0.279338777989	-0.692011185185	0.541559463912	-0.196753959453
-0.603176543767	-0.620122412681	0.211036611142	0.651533155321
0.511098957547	-0.639313124534	0.0366521838772	-0.087618966702
0.129540011273	0.300710383327	-0.18159285236	0.0341037487523
0.824814454847	-0.0513086938863	-0.101860514535	0.653600626928
-0.114407577745	-0.446802352411	0.584584329076	0.144751853103
0.565665217545	0.748082611613	0.921681602716	2.2821324088
-0.0567133503497	-0.647017444332	0.607698510237	0.0160168734369
-0.62459244623	-0.204301049803	0.542990941342	0.701626159381
0.988481297011	-0.270630161067	-0.156208111341	0.7762580223
0.228457341368	-0.102135543726	0.50329048779	0.230756609524
-0.066526950006	0.578019561588	0.757425485382	0.977472069502
0.0639813067644	0.571363630616	0.724221438625	0.978940682046
-0.782791167434	-0.659637040219	-0.413038484191	1.57217633324
0.23129689848	0.137512419916	-0.932991631497	0.827479898911
0.999139798981	-0.451956831023	-0.879919918785	1.71865716213
-0.381813456335	0.260924975363	0.605996193377	0.571507776965
0.88908380673	0.173481534676	0.389269838497	1.16377177479
-0.130560856436	0.175103442605	-0.238333756614	0.0092544000713
0.447206750906	-0.904328377495	-0.334934231182	0.210643591674
0.890824174818	0.314171329179	-0.171302868581	1.04896534838
0.341433325356	0.0461003642273	-0.00685135345167	0.132048007476
-0.0940422884214	0.532117646056	0.348814918996	0.266084812187
0.87103071536	0.798374511373	-0.373414894689	1.29541697836
0.642368916549	-0.979024038739	0.241921086367	-0.394577533094
0.570382320931	-0.137534142512	-0.518522924873	0.587069578081
0.0419686772639	0.38834219704	-0.428903958291	0.0354566781624
0.270033207847	-0.270897403698	-0.99823983641	1.26666998937
-0.0545804081028	-0.464307343522	-0.507306212541	0.521226698423
0.557168333075	0.181966196874	-0.223489754087	0.42110244356
0.736608851713	-0.529644782361	-0.380016118318	0.498137369933
0.411050132337	-0.375956308569	0.594770319123	0.14456939979
-0.715364852207	0.936624541711	-0.470241209351	-0.377594067311
-0.858348562332	-0.578520405663	0.409092626624	1.16402275779
0.606825274004	-0.122369281461	0.426213239519	0.423482458089
0.0293334518058	-0.930194884902	0.424132078296	-0.241062845346
0.518933681865	-0.207730472837	-0.712862379791	0.817749838812
0.442551280217	0.243658367723	0.377095391987	0.537766340539
0.200697232014	0.573340697488	-0.642798209958	0.199994434609
0.639106209189	0.405903128116	-0.583565948985	0.771549928793
0.63419764116	0.152401121059	-0.394700681579	0.594494881222
-0.711611355107	-0.758877271919	0.151200536236	0.954535356254
0.414812762878	0.770856098752	-0.377814351272	0.343333763504
0.853555153765	-0.899582572228	-0.619439345031	0.90165500127
0.626685836287	-0.909183834907	0.781960229235	-0.27652129437
0.818221426833	0.852785380291	0.810589779788	2.71556847868
-0.885303806739	0.335156723442	-0.667614673785	0.709001113175
0.720835934676	-0.610143492558	-0.983718647915	1.64770299977
-0.672802634566	-0.968510486627	0.743463084768	0.936965356481
0.883701073799	0.550116767863	0.227685970074	1.44416113722
0.158481180396	0.232352588027	0.61297300149	0.580101560801
-0.327773069331	0.885373860535	0.0913876205065	-0.0935026152396
0.159510049753	0.577766553005	0.419302124622	0.53567604251
-0.179360550893	-0.969921167116	0.242802780816	0.0295894358969
-0.919123536394	-0.0152077498328	-0.891042079072	1.66627260767
0.239320297199	-0.49579780993	0.00664397707041	-0.0646302014211
0.58185140721	-0.364277818598	-0.0117792378172	0.131025164206
-0.549197098802	0.638895400549	-0.860750402523	0.141699735164
-0.692915941709	0.675364769927	-0.937887937603	0.258378799029
-0.88325314234	-0.175287503675	-0.670683026886	1.50233742798
-0.761752830689	0.736142905914	-0.16556589901	-0.0749596624112
-0.175716619569	0.457043351215	-0.325249300756	-0.0922997050347
-0.289595697168	-0.928216951739	-0.483758883355	1.03572915639
-0.466006224863	-0.38889979287	-0.0134201787417	0.403790731867
0.987616132334	0.206567258334	-0.204366037351	1.17894492678
-0.390566831014	-0.114758178176	0.509089552245	0.398113170133
-0.547890086088	0.882902572088	-0.0287859717979	-0.208136596163
-0.610793301307	-0.401826728813	-0.992659071262	2.00275051036
-0.597526614338	0.193696293669	-0.592580683752	0.47767054889
0.265661521282	0.65035166729	0.945726481787	1.75280282977
0.841301968948	-0.497730538865	-0.734720905218	1.19455516124
-0.812912407099	0.0952156762511	-0.249659232218	0.621982836645
-0.616237219724	0.679228113144	-0.0366920234887	-0.0623932823229
0.954939271201	-0.613346431641	-0.0422965548542	0.3539318568
0.56704941623	-0.526131553307	0.919036255435	0.384296116471
-0.729559121682	-0.757915836949	-0.55679563377	1.81722653091
-0.953736755407	0.827733634033	0.62278071985	1.02352618161
-0.920101287317	0.501450593816	-0.438990866037	0.357781792036
0.0143416319514	-0.912652386186	-0.901288301452	1.62200027908
0.133606807111	-0.115088852422	0.587693258994	0.280220548714
-0.507911701551	0.91709684703	-0.188568490216	-0.345207415813
0.150291501494	0.790582344498	-0.814059327163	0.160516999743
-0.206151940299	-0.718048418172	-0.242238493395	0.423144151808
-0.314000118471	-0.15308002581	-0.0526155214244	0.157485999112
0.562957744843	0.534934781895	0.696512633823	1.47578578387
0.686578435682	0.775248595505	0.0617867139962	1.05537657758
0.733064731637	0.430404219068	-0.574406930582	0.935614209633
-0.770815271727	0.168173246556	-0.649350457723	0.776978318703
0.504238423774	0.455956170294	0.274837376722	0.685016390016
0.79969147037	-0.23371564045	0.805326823589	0.912939862068
0.529197848068	0.997954800891	-0.182327269892	0.659454754524
-0.964283109652	0.990313346199	-0.204676631468	-0.185901993772
0.810188352026	-0.233853596674	0.454523849827	0.567239598659
0.0285672657534	-0.184743089981	-0.608701297962	0.478509112526
0.893677342813	0.569517197804	0.67836984035	2.15415273992
-0.918145892649	-0.816752638982	-0.50800558643	2.26587454016
0.53744373163	-0.0328384648404	0.745385436442	0.802319072996
-0.958338236177	-0.431590375326	0.911125548925	1.76893848223
0.549861346361	0.152928296884	0.473276105155	0.682804439871
-0.0875695816009	-0.345206633175	-0.689295070814	0.750974957364
-0.0161832115995	0.0367078825936	-0.851859443837	0.694062400509
0.822033314886	-0.283980873436	0.583363372487	0.616945816338
0.194001714146	-0.0828628834084	-0.770067432481	0.678374982114
-0.769966192761	0.183191968787	-0.445096985088	0.568369448379
-0.732144145817	-0.484570719062	0.565547449924	0.936606849092
0.545981768823	-0.724610019356	-0.254436975888	0.151577988534
0.842596247843	0.96362299087	0.495602570939	2.24510949333
-0.919591342232	0.630207233913	0.820366442326	1.4561170867
-0.829285129885	-0.434084317403	-0.620404117191	1.70190246254
0.0500783285502	-0.584531953584	0.731440435844	0.0806902600642
0.751701858932	0.845400995702	0.0789005568454	1.27347309192
0.560265816559	-0.0913520152799	0.491412947095	0.459311495291
-0.246055774772	-0.865817911773	0.333761552603	0.0960029848821
-0.257648287673	-0.356507985583	0.761855597809	0.467052659601
-0.839539996941	-0.250523478489	-0.172380716135	0.988052414753
-0.339238747788	0.355373692999	-0.907942268184	0.496226766872
0.335681464147	0.730718901023	0.144933149825	0.484881845827
-0.296265880185	0.0752016051839	-0.142275385634	0.0750367499903
0.0600818468097	-0.306671413955	-0.943901309519	1.16560167474
0.0669257147276	-0.484309599103	-0.880559357307	1.17391441629
-0.703166329767	0.892392235072	0.935174246625	1.57603582235
0.355553377834	-0.743507542627	0.192426238306	-0.243980916128
0.103164550707	0.60198836875	-0.775278543041	0.207094937963
-0.756719683648	-0.770097816159	-0.613733744676	2.00467698127
0.118578784541	-0.634449213191	-0.644916136852	0.763912070763
-0.201139645564	0.108704274753	-0.415240222075	0.145878472563
-0.538168554711	0.960978581815	0.642883967035	0.80355445678
0.506712891209	0.29191799771	0.760307890874	1.2046922128
-0.477940404403	0.141423974156	-0.804768581278	0.694673697133
0.704789362697	0.933986021035	0.449946913764	1.77768781117
-0.928128145396	0.834028866051	0.216530278158	0.314814053339
-0.576254342517	-0.676399113044	0.124223101117	0.653253976872
0.0862216055473	-0.546413579344	0.591648810239	-0.0129151203007
-0.914981139075	-0.496405013499	0.833698523389	1.5725928107
-0.495297490715	-0.516333355163	0.208066864598	0.436918177341
-0.134294212381	0.227847292964	-0.272938611854	-0.000256475287885
-0.550372028805	0.553301554343	-0.396511199516	-0.063781460579
0.43110508569	0.312430035455	0.610410808971	0.883853798513
-0.691760992889	-0.814123824419	-0.311482250498	1.39231868979
0.0167555115135	-0.595312603898	0.408185242854	-0.0860766473349
-0.831859730731	0.443210382176	-0.561924257545	0.390009948714
-0.625227577087	-0.654581820661	0.0125216658516	0.792132466173
0.137500449128	0.221158897687	-0.641632912708	0.319105788247
-0.963008140009	0.375095452452	0.583721180436	1.1258462805
-0.889154144604	0.248443377436	-0.500703455539	0.695998126921
-0.497672051619	-0.303614279393	-0.932226558987	1.55086146451
0.683678227557	-0.789773506027	0.127417261007	-0.156930650487
0.860696365392	0.265463833588	0.249600112981	1.09784200937
0.630089681185	-0.135377224668	-0.678989984263	0.86466039238
-0.116272828176	0.214725766802	0.536509191093	0.391597057965
-0.94174277931	-0.285987882657	0.334557136242	1.17245567623
0.0374005823312	0.506884067735	-0.445699327825	-0.00691343458454
0.715873825394	0.776909032369	0.116376308213	1.17260142499
-0.0913950716749	-0.685350168821	0.683319451833	0.0696030585088
0.849898630391	0.549879819254	0.778077043987	2.2229225379
-0.252225778624	-0.992871211495	0.363892725954	0.0851648621259
0.321920039091	0.511904457019	0.877014598449	1.48652710209
0.752174425873	0.317519119719	0.0559054792451	0.825472609684
-0.521958901564	0.357913912217	0.162273043935	0.170037063236
-0.156162171112	-0.529117796942	0.842834283285	0.371425817553
0.0109795118321	0.914231979723	0.839579641335	1.48262290229
0.260195924814	-0.881854881449	0.782652419549	-0.239394173972
0.322167999287	0.501451893133	-0.508260068363	0.268804296521
-0.864341255087	0.375433261304	-0.203788552935	0.38760412223
0.0620380419905	-0.549991354369	0.161920021905	-0.0931081867359
0.313921500526	0.0258762313219	-0.357608807042	0.225300304517
0.330386466345	0.73850292074	-0.789381278715	0.39330901079
-0.935389859762	-0.749406062357	0.409777126757	1.43676885192
-0.633176255866	0.599687532523	0.495686356111	0.564166155897
-0.57977619627	0.820508977951	0.601181791948	0.715123468162
-0.211007370174	-0.893607701463	-0.972038258222	2.04656117043
-0.456689913041	0.936072342516	0.222156564209	0.0383790344547
-0.987119177338	-0.318678834935	-0.868308489971	2.31964943135
-0.895173645862	0.674826967619	0.462476179456	0.723224153659
0.464284128147	-0.326133739599	0.148283090567	0.0377687888024
0.700141337861	0.536323366572	-0.277527582377	0.793877084063
0.245320372326	0.456751219954	0.00727827295969	0.175609797729
0.937816694575	-0.328224904869	-0.27717619878	0.739488133909
-0.976644544255	-0.312196189953	-0.5612040994	1.74889509428
-0.322756552719	0.421829630538	0.493616957931	0.419903475085
