0.515166353686	-0.559517146523	-0.504433767192	0.513844731283
0.236093470946	0.340342983518	-0.650573061137	0.337920214568
-0.322607457949	0.348412203954	0.348442396795	0.234488883791
-0.521315880802	0.227288610045	0.423623292368	0.429022528776
0.00498653745716	-0.119851628808	-0.0181647827647	0.00193425905363
-0.085113105332	-0.24198927142	-0.120902982759	0.0717154549971
0.0133030995773	-0.659722694105	0.321677264857	-0.117340913313
0.653179119656	-0.510857038817	0.637909590284	0.174009852521
-0.77817287724	0.640001134457	-0.922173452924	0.367733323875
-0.617276961385	-0.208299447053	0.748704997143	0.914213632629
0.939241159364	0.383851041752	-0.269346118677	1.21186119632
-0.647377068511	-0.000351682320112	-0.609222738707	0.790691338128
-0.453484179575	0.583349831494	0.345762739564	0.262360489317
0.843150159807	-0.138632736988	0.347557687863	0.6666274505
0.573141260387	-0.560788621249	-0.92076550166	1.37124373238
-0.792189548671	0.135004198202	0.971174156109	1.59490719593
0.281335201249	-0.792503409304	-0.829008663876	1.20043794656
0.0529810196927	-0.0878001662548	-0.328806425751	0.135138170572
-0.428646195955	-0.491955309668	0.524017893061	0.411413700772
-0.600563974396	0.585229097854	-0.351077529494	-0.0729957797441
0.126907309177	0.727949463765	-0.0545485783803	0.0717545118078
0.881997841837	-0.495553033742	-0.293134064017	0.572034540932
0.307956223608	0.159094411433	-0.510024947986	0.322814478453
-0.419541015171	0.413104871498	0.901868047239	1.18863228464
0.466614702294	0.141906005473	-0.466050981605	0.435012793203
0.112655769027	0.398304856314	0.0902312752587	0.101643900352
0.44280842851	-0.0615801089257	0.0339694625795	0.16787319428
0.135292043277	-0.657047759865	-0.823417386891	1.14845134554
-0.598104842362	-0.278329567398	-0.576484109663	1.01698616604
-0.111516180041	0.834437289763	0.65068440882	0.885728133842
0.534905070099	-0.435046090671	-0.92041455771	1.30100078756
-0.197403592085	0.261912722144	0.813963404612	0.86298946108
-0.475402303027	-0.685868257181	0.525665912405	0.467857787024
-0.657893528816	-0.995292984637	0.555578565138	0.843324802872
-0.654973191912	-0.396864961651	0.518298132569	0.751864378533
0.756514340979	-0.0992426352225	0.792154381856	1.04612854766
-0.398288352355	0.666146785474	0.525954400846	0.520305971208
0.799943110122	0.939154660626	-0.828408618799	1.29943630399
0.257538175596	-0.499332932839	-0.788680591151	0.953559886863
0.616610668427	0.684535127804	0.230926651419	1.01370490231
-0.871127753022	-0.528076650663	-0.577972048668	1.85815102088
-0.356879555681	-0.491833822427	-0.251571645381	0.489908190001
0.140921992642	0.851619611855	0.860070929149	1.6120462147
-0.245827606586	-0.329094882041	0.58880457997	0.294250078954
0.766570780699	0.917880176965	-0.541589791659	1.08745585428
-0.637640844409	-0.774305567203	0.227464370309	0.775927813649
-0.525333517892	-0.279755975475	0.444108198468	0.495930665436
0.354572014466	-0.544629701667	0.380762760708	-0.129783565844
0.3523295772	-0.892440478152	-0.40261749359	0.331115949264
0.762118530294	-0.873416395035	-0.448392744393	0.50786746249
0.307687328193	-0.24901423444	0.738177536479	0.37914232869
0.162200295652	0.752268242978	-0.702034108213	0.113060991329
-0.359495020628	0.0160395635073	0.0772155747299	0.130671275738
0.714218065527	0.765118495104	0.114753222316	1.1575370114
0.405235525248	0.82467821802	-0.408983802876	0.328392459023
0.19040153627	0.861714679995	-0.511002474123	0.0211097390059
0.750440934142	-0.158791012695	0.71185125742	0.837694950372
0.577141858413	-0.0024315661472	0.233063689264	0.385441339604
-0.154210771148	0.715882446041	0.636848364773	0.774868582728
0.68865913499	0.864984089433	0.712042191681	2.19283984856
-0.309052611715	-0.540285138542	0.281473021173	0.189641421352
-0.855853209108	-0.608268457997	-0.158976032092	1.375046712
0.37748217358	0.965794946763	0.93954911007	2.29722748008
-0.37866870258	-0.48036079262	0.815294498696	0.598357192416
0.154880877469	-0.527506569322	0.484422357201	-0.0785835497158
0.646412350742	-0.905528776087	-0.628238968754	0.796076608704
-0.128395821444	-0.798774999478	0.103057463859	0.0473459743878
-0.186010775252	0.597283756787	0.33994636979	0.242106773053
-0.971223296473	0.601704897791	0.610589757397	1.09909957668
0.263693183573	0.72876058488	-0.112936880417	0.192154085683
0.76857993045	-0.827750855397	0.533936363927	-0.202355826625
0.727771201552	-0.400083764085	0.325421611223	0.214184802017
-0.721420092886	0.389519806877	0.750016875073	1.09411127639
0.12580962966	-0.499121302179	-0.0838721361811	0.00193070178748
0.243440508641	0.114559293015	-0.28499016804	0.135722777521
-0.929209186656	-0.503126439485	-0.946845644806	2.70383917529
-0.350321626506	-0.234410419502	-0.908844467641	1.24388516071
0.200363169948	-0.651675716291	-0.333289024906	0.237851525737
-0.363014475208	0.571616053779	0.724170522937	0.862645050302
-0.88107117288	-0.520127597967	0.0257831980546	1.2218100649
0.532104023988	-0.386339344391	-0.608610125536	0.683098294364
-0.252370957109	0.871524649909	0.583792251911	0.693346321308
-0.469580007455	0.784748698146	0.409475093395	0.341007982451
0.165791391664	0.151589819835	-0.528804336533	0.252091744975
0.435276985057	0.310335256275	0.750988800902	1.1215903295
0.254053199595	-0.210777035609	0.928270595743	0.677022622433
-0.505270244743	-0.98460502967	0.0170417158997	0.736300705431
-0.229448495426	-0.907340811485	-0.348738636241	0.698878029698
0.4474292774	-0.906253728937	0.162318864769	-0.326046155419
0.459526095841	-0.108329047629	0.668758900199	0.536176660279
-0.826402202145	-0.657430490222	0.319766768393	1.11826896745
-0.148727975387	0.944446964601	-0.208733432179	-0.271913684965
0.838692904747	0.354587503318	-0.799759993387	1.35682695933
0.932841535141	0.663572332444	0.0819172569333	1.55026962519
-0.846506728417	-0.990183176427	0.00757175952036	1.54733026512
0.0507807074375	-0.757639255605	0.79899041445	-0.00285559759077
0.645351889202	0.261786349634	-0.29775604723	0.596133571176
-0.466109981564	-0.816892190543	-0.792533412744	1.87354368472
-0.277986698867	0.926180646009	-0.377920305228	-0.387388010924
-0.993446198562	-0.751499662917	-0.636386227065	2.61674129791
0.0021625245804	-0.842814357604	0.36549947974	-0.176276269784
-0.208668294871	-0.13227201961	-0.370351513653	0.257290820417
0.829205261301	-0.584285514813	0.936108093214	0.5324327054
-0.267172861144	0.623965849761	0.514945333037	0.491151594722
0.710774937553	0.863734451218	-0.927485518047	1.17825000373
0.979843205301	-0.237585669927	0.126661066065	0.713246174042
-0.146666194712	-0.269060090757	0.0285301009436	0.054110647442
-0.659026783199	-0.851103798164	-0.835563392282	2.40453385855
-0.542395574477	-0.419531705105	-0.17900027375	0.628882487477
-0.22123151964	-0.0614142672031	-0.0955592238259	0.0775304219073
-0.594863486794	0.974423002988	0.582902957633	0.681983811195
0.33880600012	0.634322006772	-0.0848006409458	0.283101843584
-0.998429299924	-0.81459854136	0.204958288937	1.68522929531
-0.937128098942	0.1685794759	-0.0344833939832	0.715604422032
0.640162516478	0.297523750881	-0.948648138382	1.21795953864
-0.457527758763	0.983380312756	0.297152361185	0.139921167167
0.716447843666	0.99030614005	-0.853632656354	1.10613126236
0.456942499422	-0.442497270645	0.0761401604548	-0.0212938502115
0.0657472548663	-0.404405084808	-0.150494356616	0.0612434117662
0.107884480854	-0.209376972456	-0.775457985861	0.752748668414
0.303000390757	-0.990155586212	-0.679567483841	0.926481212695
0.510992648101	-0.590389696684	-0.89781761938	1.29556744155
0.698524446118	-0.557220548703	-0.112947860262	0.174398314484
0.908955480286	-0.534773075879	-0.832888339973	1.47922439341
0.563965733911	0.878985089818	0.636874719075	1.77918761025
-0.637016451244	-0.250435034237	0.0745920718042	0.552204705053
0.441703563885	-0.338567384568	0.0525491854885	0.0305255945731
0.0298033946023	-0.553494002544	0.0320053678848	-0.032298193438
0.799059545878	0.725928754053	-0.779394815104	1.26022762918
-0.561728331721	0.193498978443	0.21623183542	0.295441706218
-0.794570072986	-0.186271981299	0.634508913146	1.06375807112
0.0473308878708	-0.818249924863	-0.446021567502	0.527404070275
-0.209204302861	-0.835321689371	0.9235181165	0.299970330289
-0.213016347526	0.542219263252	-0.700528498673	0.0407745283133
-0.127907612806	0.843336273434	-0.421758454927	-0.269312781479
0.278597888531	0.0990908965378	-0.00898912308345	0.10441336211
-0.729810617513	-0.907928068599	-0.781412254359	2.51531031198
0.877151433822	-0.197846238775	-0.424964346553	0.860525819258
0.782037056134	-0.192196205719	-0.0515504016976	0.473842637771
-0.593458329367	-0.0745113130201	-0.358274845489	0.551468542108
0.809355293284	-0.887998873045	-0.441137389764	0.522681104054
0.941098783486	-0.401654305038	-0.43726912562	0.874505857412
0.378295185134	0.517817693756	0.065607392256	0.377272185891
-0.959011393745	0.819615637781	0.620685123375	1.02765537385
-0.0528617191338	-0.017514512463	-0.518226970291	0.281355894055
0.22645675186	0.233519096899	0.258652728561	0.23146622222
-0.908608594212	-0.604718222345	0.967049837618	1.72541448109
0.0256296377099	-0.667669697371	0.397124372139	-0.123895396542
-0.409917927072	0.453098204178	0.823899059252	1.03441647433
-0.842540262783	-0.242216136783	0.32586675658	0.941209898104
-0.847784364174	-0.161065225663	0.0809753559824	0.84880160236
0.192156373412	-0.129674546985	-0.598588350721	0.447935967999
0.291300687379	0.0112001167481	-0.892974089612	0.875520002836
0.252925922217	0.902548716456	0.923461637511	1.97850000017
0.159965489467	-0.493939037295	0.248521033995	-0.114415777989
-0.611901375077	0.9945451279	0.657118322199	0.851198076649
-0.409539846408	0.552166781337	0.357132847189	0.266329352258
0.597253352075	-0.168013089498	-0.73675960561	0.922965159684
0.418007519199	-0.853127023689	0.578974309303	-0.340610603082
0.585086186283	-0.940443678452	-0.665668191225	0.861222823333
-0.346691428366	-0.706086619826	0.155356780241	0.279429510619
0.420823819649	0.292683267484	0.0119601327098	0.30390435325
0.925152172418	0.940751613662	0.588906700151	2.62707097116
-0.724067223215	-0.50719282627	0.933697034007	1.28974075884
0.107001236357	0.282622232511	-0.145576100018	0.0217395513916
0.172066946911	0.779166368042	-0.557704217262	0.0401654368501
0.156326463464	0.977065139658	-0.691267790348	-0.0203834011095
0.683229202796	-0.014887743292	-0.661280457108	0.903767219214
0.0243890887753	-0.913608906386	0.182012252332	-0.154846815875
-0.234013367028	-0.672814224682	0.0630631237765	0.173756968901
0.774991314666	0.836337438109	-0.798975820539	1.21891475942
-0.0293788335158	0.230183624694	0.238089812595	0.105591724398
-0.884440834769	0.253475732989	-0.449898957928	0.646421905541
0.348807112269	-0.489079337455	0.999466758808	0.461187311958
0.225730583541	-0.12592684254	-0.432441944887	0.263990841095
-0.675105410757	-0.899693359366	-0.382092738949	1.55291633162
-0.0250872499728	0.821301727987	0.150888830267	0.126717864489
-0.135295892056	-0.161174752847	0.214214999525	0.0514732767877
-0.623484194753	-0.941101572857	0.487415504206	0.754360873536
0.73681888943	0.397111257764	0.824223066253	1.84215307321
-0.855325991468	-0.650360946253	0.366085388322	1.18378404483
0.218533653964	-0.0270346824293	0.0757459539975	0.0455386517151
-0.634291949904	-0.947341029944	-0.974113016733	2.87493046474
-0.424142137723	0.329357946823	0.766437484278	0.880060662846
-0.491462082743	-0.21426687809	0.406116647927	0.424752410374
0.698777142782	-0.0379770316922	0.271658091203	0.525233364154
-0.989865837289	-0.461464021226	-0.18835448225	1.55901807336
-0.628437706263	-0.364574164461	0.851659917171	1.03887751414
0.422591767051	0.683667693571	-0.181680541159	0.376294842776
0.404621882316	-0.811249030621	-0.741072915878	0.985853509125
-0.169102062234	-0.614424314537	-0.532262884671	0.742834962591
-0.990701457213	-0.209306770798	0.780377650167	1.63450085108
0.939169626645	0.463265939532	0.603699464413	1.96125132999
0.621930241919	0.197543837881	-0.871468019944	1.09695908523
0.982162328364	-0.898993054762	0.24107075445	-0.0769200978965
0.609874567579	-0.861840218625	-0.208365029376	0.0693259054618
-0.412597410061	0.726752891583	0.643144883628	0.751423007187
-0.252810876277	0.0861775697397	0.136146473348	0.0723953466494
-0.472037619207	0.335631879366	-0.878714916751	0.541603806665
0.266986832862	-0.57089157568	0.302811065499	-0.162316309704
-0.445582378716	-0.87241072331	-0.582428551436	1.4346144329
-0.0907630312434	-0.925926524909	-0.437596114246	0.688950034531
0.294264669202	0.747619740127	-0.359264679628	0.167067514666
-0.196253574443	-0.973362626036	-0.0805444503066	0.314427726209
-0.68143355932	0.190313575112	0.908647296941	1.33323346473
0.866047363447	-0.165653007061	0.433582727553	0.722744384724
-0.014012835097	-0.945124900683	-0.94450480962	1.79820458871
0.341305594296	-0.937812601934	0.393365722109	-0.417757918776
-0.793255664789	-0.170141145419	-0.991432683291	1.91584223498
-0.576460944016	-0.323743786755	-0.203451294965	0.626191390982
-0.450679690553	-0.741137821338	0.635380427434	0.469931769312
0.312187048164	0.360627501385	-0.356502954211	0.208573574933
0.123010687149	0.778944114919	-0.527981117169	-0.0215536439401
-0.608629580058	-0.0144260909764	0.800319880096	1.00817653449
0.725005875717	-0.0619772991736	0.0581049442216	0.480474610794
0.795274316404	-0.301039003644	-0.985683096103	1.6613528736
-0.0385288893347	-0.281653549173	0.853743614768	0.500754514314
-0.073486093762	0.753465693889	0.169868067594	0.106875877156
-0.178583161138	-0.901932135358	0.3975940619	-0.00755998589075
-0.395550425073	0.873097453816	0.920355406768	1.46172010681
-0.731808617683	0.508063720145	-0.352962157688	0.108993462036
-0.85521365836	-0.337705656635	0.847179561784	1.45181677121
-0.251372325635	0.00451188001311	-0.658317010052	0.492464922688
-0.775979772484	-0.0137699915321	0.915284994687	1.43797299707
-0.454620953598	0.12618588694	-0.703697614885	0.555707088723
-0.605455630344	0.527510994369	0.137319505217	0.138486213963
0.682583183817	-0.476170624262	-0.43343205594	0.535144701849
0.651865902149	0.790098417063	0.235285357661	1.18122515998
0.883018926975	0.322620244901	-0.291151174483	1.05543995106
0.266643230244	-0.552521483881	0.43185316955	-0.128338495015
-0.0759637507131	0.0483145751622	0.360330714645	0.149347784391
0.770773217836	-0.0727985070956	-0.529000871766	0.856332609811
-0.299996313799	0.828021059318	0.0129082777747	-0.147550527778
0.35976535674	0.0220284147456	0.296676108877	0.23190819035
-0.233477555983	-0.0304960896284	0.304537192859	0.145087629927
0.11600709066	-0.994601730535	0.369137621164	-0.332805541498
0.0524740291323	-0.946613248925	-0.620657481524	0.925819216959
-0.878099796902	0.492075610194	-0.0313213258991	0.32453632485
-0.433520444738	-0.464118337212	-0.449163455875	0.799357570335
0.0986996361475	-0.205103240674	0.171339679705	-0.0162870347737
0.852955117612	0.847235295913	-0.441681480814	1.27106050453
0.955375508168	-0.251243835191	0.0939071489376	0.657935115259
-0.694320949283	0.188104320606	0.118899841028	0.387979556178
-0.468857507207	-0.693689825698	-0.987733700663	2.20586772659
-0.267292925264	0.879986380814	0.133334658288	-0.0286578115398
0.88105263435	-0.531420282636	-0.730068415786	1.22901756012
-0.669889682444	0.237065753238	0.218372703282	0.389399611419
0.217660092233	0.818051962445	-0.937589539373	0.337510363038
-0.245910784787	0.47204656964	0.54461852889	0.498085422014
0.605438529906	-0.951323383081	-0.40891359803	0.346807381097
-0.458677091912	-0.256032689132	-0.697300817549	0.992581237536
-0.16609903404	0.478509441467	-0.723493064605	0.125352885385
-0.800283207428	-0.518870232161	-0.568025022442	1.67308004711
0.840482328536	0.0785917469675	0.0659760382807	0.782003528811
-0.288244370908	-0.190422407064	0.26543406055	0.157883652065
0.490978508305	-0.498787086264	0.56242411673	0.0319571566927
0.253561642727	-0.460645486878	0.109700088844	-0.0910072610489
0.842121923189	0.270599467223	0.101223452027	0.974684276697
0.87616384293	0.386399551534	0.556136001982	1.63039035009
-0.618825957216	0.0670289029906	0.256627489439	0.424525467699
-0.495406811178	0.274366091274	0.248782838385	0.239655553807
0.158544036797	0.56707418786	-0.32371530398	0.0362634474393
0.88342497631	0.777403352439	-0.968153637747	1.6518928096
-0.561712199313	0.747037868002	-0.230091785319	-0.223044736027
0.237602470698	0.384946501638	-0.732322729942	0.402310681786
-0.703983073385	-0.169928139462	0.776031566458	1.08557409337
0.116674492217	0.908253796704	0.243557592022	0.40011539597
0.043958860755	-0.913181708362	-0.0236990630019	-0.0160068496971
-0.631147358766	-0.191211460826	-0.787481214718	1.28973169392
0.691223736863	-0.229466849124	-0.982632105546	1.51022466942
0.76863775559	-0.475858818718	0.674182990593	0.358747728223
-0.168386561195	-0.560922956334	0.578649218095	0.133063209212
-0.527506326449	0.0413808536682	-0.97294285472	1.16279085499
-0.328260811301	0.529794905176	-0.793022687883	0.142589858608
-0.516717277679	-0.779152566317	0.780799038186	0.670883901667
-0.258042142484	0.698253023105	-0.617522709766	-0.163445760633
-0.63447815957	-0.622336205958	0.0506886245158	0.768445235951
-0.634186533659	-0.442289641884	-0.611741785181	1.32748176116
0.637965703298	-0.917288760199	-0.0111748167041	-0.167823120155
-0.0248763502737	-0.12073052547	-0.378047452592	0.192183911659
-0.098726268141	-0.71519223275	0.285583532883	-0.0423340341015
-0.301495453862	0.703783618497	0.327809853041	0.216878451523
-0.428059042838	0.974046976862	-0.189759739852	-0.382541214504
0.618027779909	-0.428602675307	0.558700934646	0.189755995945
-0.887681041132	0.881567897036	-0.629715134828	-0.153168973995
0.398415652251	0.638664556288	0.63153769787	1.21536959514
-0.148510700107	-0.553231334016	-0.610357383809	0.814421166423
-0.653650343497	-0.846972392187	0.231315171082	0.838471711211
0.409690178341	0.965657430077	0.970162206846	2.44152545798
-0.496977223922	0.209987535128	-0.477000918981	0.26999296831
0.70453511915	-0.719026408154	-0.664455475205	0.90905249022
-0.0385644291753	0.898895510177	0.744285658718	1.18981800164
0.124174500687	-0.4461808991	-0.390681354593	0.28696149514
0.858340865842	-0.960818639027	-0.603370929045	0.855825652324
0.1844974099	-0.251421204075	-0.252783038851	0.115107014043
0.476002087295	0.859294080839	0.92678506733	2.29091524678
-0.848602789545	-0.759519086286	-0.252924709005	1.62072876207
0.752844351117	0.118104658805	-0.808925909998	1.2145122515
0.608384030884	-0.526204159061	0.701876726878	0.173297408579
-0.0211432655152	-0.253436671805	-0.271411775806	0.148255565715
-0.509399596494	0.0355156967637	-0.267307234943	0.303355822461
0.370897731042	0.813558054926	-0.32261051755	0.280927124413
0.61210981423	-0.218207744346	0.955261004207	0.945189559991
0.256936037705	-0.0554312050552	-0.110152747222	0.0700133805184
0.753175818222	-0.504384405593	0.77280137269	0.394816676399
-0.357666201269	0.126973805044	0.783624744483	0.796078428719
0.674772492122	-0.528705372771	0.195163316273	0.0334669002793
0.484118077381	-0.0333755887662	0.0641070877496	0.220182693884
-0.725117312742	-0.0593060639246	0.960558623466	1.43450488893
0.33881898349	0.804302346718	-0.681124078559	0.303411522709
0.209465712367	0.786294810958	-0.846659073079	0.25968563758
0.55654306247	-0.711572408926	0.656244399837	-0.122589203368
-0.806121200164	-0.561552470394	0.842038820073	1.33869113567
0.105878736134	0.308952524452	0.598284777804	0.586708077376
0.642501154798	-0.855098227226	0.599287978641	-0.289897871332
-0.920886966999	-0.0434470412452	-0.358392376268	1.03205880375
-0.780419974209	0.809752181213	0.599489607479	0.821934366513
-0.14432309615	0.54024554423	0.692435536578	0.796411432076
0.220183443092	0.570042951659	-0.926107379524	0.50374866265
0.524942393408	0.245607307378	0.275043826552	0.547696084345
0.997678963945	-0.629472472822	-0.383226178147	0.755444504208
0.354027358333	0.0249920790766	0.631761967981	0.549095479432
0.929463015171	-0.39385598535	0.37164842306	0.489573519379
0.99161254961	-0.968496032329	0.732100852368	-0.150142484106
0.476273849924	0.457194353623	-0.970155464435	0.942238519782
0.272030372438	0.569625300675	-0.933882978732	0.569129951632
-0.0413710762687	0.932802785841	0.595297572928	0.872794945521
0.247475797442	-0.214786101284	0.559160162097	0.200650164291
-0.14400956495	0.746383124566	0.720579990297	0.970316712817
-0.51009737735	0.9675488892	0.478185285037	0.457983991736
-0.950673147848	-0.866914815314	0.949701963366	1.80655518748
0.692534097128	-0.833022761799	-0.783879268064	1.17016278916
0.142402850551	0.886611636497	-0.985167733355	0.243628882764
0.419346313229	0.0549237274798	0.786126928358	0.860055961714
-0.800771387823	0.371065329501	0.205744135286	0.462771481236
0.515624966176	0.806419829123	0.100128260355	0.772450385987
-0.208446858834	-0.967678382197	-0.10387239096	0.356464152931
-0.680698134833	-0.356788993967	0.395450980035	0.721504473768
0.399296118382	-0.909988998938	-0.368708943265	0.267549682133
0.756989535725	-0.531555912571	0.411338421263	0.121200820645
-0.493688787495	0.247535493338	0.234540221808	0.234589266489
0.117122798613	0.391854110781	0.22548288896	0.198811730221
-0.176665506453	-0.432475803069	-0.37549275723	0.41100060041
-0.963780620349	-0.222130170691	0.504656568795	1.28553664053
0.95871191654	0.895938328167	0.364388125915	2.23732328526
0.823654643687	-0.535782279301	0.732538608947	0.381239017735
-0.289121572143	-0.655923493799	0.360492339493	0.166732247237
0.614343602539	0.70959275764	0.51359420891	1.44157357548
0.186630184563	0.251778630493	-0.556939056681	0.251776077965
0.404050691305	0.139113770148	-0.931576921808	0.957706359612
0.492301857227	-0.125765354014	-0.77371336439	0.876385306686
0.785625366327	-0.00573248388773	-0.716634751872	1.13037709622
-0.793014105069	-0.0719012074423	0.207595476243	0.714059558867
-0.951663407244	0.881985442752	-0.668273885718	-0.0765078835434
0.880806995324	0.386535411633	0.242715867788	1.26901332786
0.261281558358	0.928541421125	-0.969213600599	0.350298831761
-0.238203684736	-0.211109250382	0.450387438645	0.21479588708
-0.742212459425	-0.618552844598	-0.87268174461	2.31135016593
-0.61575359398	0.912079873652	0.860159851961	1.34194548832
0.446000654278	-0.274195108653	-0.611971461611	0.618934036993
0.894331432012	-0.859489560589	0.995078866641	0.166082233759
-0.843466422241	0.712548356708	-0.257035901903	-0.00665806230686
0.412786040239	0.757350499411	0.703478052314	1.51067685307
0.571976147242	-0.0110839473756	0.835263303049	1.00922373042
-0.120725365255	-0.36111364759	0.198924617954	0.0259068000631
0.935752295682	-0.395986745354	-0.561795016276	1.04316387321
0.264623948963	-0.870895725869	-0.372809408001	0.303230942936
0.714500144574	0.00898241163072	0.656236023412	0.953468691519
-0.939905143152	-0.698095676679	0.996381129083	1.8367713909
0.399029911066	0.203724477895	-0.142838043867	0.231820131087
0.136357517588	-0.949300732543	0.490099150396	-0.335905224002
0.725826015343	-0.525197196213	-0.194184291626	0.285314200977
0.555841088635	0.496601794292	-0.189541531232	0.526790325331
-0.173574738523	-0.801596068983	0.202869531268	0.0478016458647
0.830032037453	0.525235218907	-0.945689645872	1.52253464023
-0.642013928304	0.252009117475	-0.441720253508	0.334187771759
0.0825934275564	0.771095419629	-0.422567596565	-0.0767674765724
0.880246858524	-0.4185951426	-0.14337600004	0.486940647244
-0.459790725331	0.986333518991	0.926362794902	1.52975121012
-0.590025495408	-0.65727274608	0.456761935253	0.644352056863
-0.998300088559	-0.603076824782	-0.900792543796	2.95332902846
-0.316063692813	0.221152278634	-0.222704123717	0.0303436543545
-0.0525727984918	-0.132116255728	0.115413247966	0.00778187205454
-0.573054630462	0.0699333355841	-0.32718923596	0.372487349203
0.803131556412	-0.901521125943	-0.87151653853	1.46621187991
-0.158494974576	0.686012413379	0.620619772248	0.727312906405
-0.205701704788	0.260471555102	-0.862536605809	0.508036893733
-0.946431901718	0.971294198361	-0.351221606982	-0.241313362683
0.472672329044	-0.708789358393	-0.442841290572	0.398383616661
0.862352437151	0.141739992112	0.220215948479	0.945590024265
0.970623704802	0.563207918101	0.22463143242	1.66574681419
0.906768279654	-0.816550638788	0.914250795844	0.171128941345
-0.271082917251	0.902081036038	-0.522058176931	-0.369446851839
-0.00774935215639	-0.283250538366	-0.817770838863	0.902638235892
0.829842495853	-0.136359918796	-0.998963863771	1.70962874504
-0.614813646612	0.9803977259	-0.00971875966403	-0.234199876514
0.927370330421	-0.468800259232	0.26226005851	0.371097033315
0.855608527424	0.658452270857	-0.632068462457	1.27876695684
-0.364393851813	-0.568484850299	-0.335946088893	0.643775300232
-0.141586211813	0.887412602761	-0.345982064909	-0.292923988855
-0.635210871078	-0.0636923427508	-0.876606839542	1.26822361367
-0.7935333067	0.425850562589	-0.669910773308	0.455267068246
0.637807410951	-0.433051456263	0.00849960878149	0.126986340725
0.866920916796	-0.834824833002	-0.134192030324	0.157859106696
-0.106856353261	0.207629059545	-0.7330601943	0.374404445833
0.767907567482	0.712559690497	-0.299528257815	1.01314742536
0.94444220501	0.31212811784	0.588731104497	1.71712189143
-0.727131615245	-0.59849888898	0.96498130164	1.31755652535
-0.163911194024	-0.434532572382	0.176661702816	0.0525357253838
0.260756284845	0.999175483481	-0.22558338018	0.154025605524
-0.0451612443835	-0.550207359576	0.542104804901	0.0224951532002
0.642470717447	-0.726940911273	0.658448992855	-0.0993680607308
0.082998088859	0.999992412234	0.779011213554	1.47574991529
-0.882000446493	-0.715624876468	-0.00525263473766	1.41289275444
0.0785773391	-0.0442218661749	0.879599071679	0.737496576109
-0.122680323388	0.310176179416	0.00227360742371	-0.0222916640966
0.315004217017	-0.868606989471	0.447314229979	-0.362837454183
0.958593147573	-0.943826961809	-0.449635369642	0.640704714973
0.384972101043	0.541541783102	-0.176349019827	0.292280610773
0.439120582576	-0.895365621114	0.477064464454	-0.399903204402
0.727862529058	0.395707258262	-0.290231071543	0.787191880277
-0.931679146678	-0.215811867937	0.338671066353	1.11070230506
0.300905642844	-0.60104224298	-0.633885289605	0.692489600028
0.341424732445	0.892324833221	0.227963540476	0.676617519383
-0.982747074503	0.933421433841	0.232108204067	0.3190036201
-0.93742465835	-0.797604348999	0.806950762626	1.63400107004
0.717042815443	-0.319643321527	-0.830634934245	1.24041375532
0.162252382432	0.940479454726	0.381712540306	0.683618132958
-0.323886422547	0.119696899587	-0.693141725765	0.463612750561
-0.336774541469	0.455357676176	-0.499454327908	-0.0179115172634
-0.319385482943	0.980631694038	0.615474213116	0.77116958678
0.123909322819	0.0385348932641	-0.307673488629	0.102935163371
0.32739355416	-0.579737681531	-0.382968754252	0.286070643691
0.860410000902	0.110257430641	-0.331915988989	0.908743985262
-0.67372739035	0.142004368565	-0.435913161047	0.486355074646
0.94115989978	-0.377071467299	-0.809955248445	1.49233593104
0.883178549383	0.162210948014	0.934325358031	1.94778725659
-0.338125694664	0.98452625004	0.128053394599	-0.0760950365597
-0.273241799927	0.989185069195	-0.307262576809	-0.405154889735
0.946452813572	-0.938165463429	-0.31513978573	0.402809933535
0.794868781731	0.221272622846	0.531016491931	1.20717700697
0.856943002619	-0.772116453292	0.677053491106	0.00832880745937
-0.604688554831	-0.58540217661	-0.96735827666	2.22170992065
-0.0335976418185	-0.544399973151	-0.429589273963	0.437834690356
-0.423147241301	-0.740071105124	0.885495680479	0.620985467633
-0.724767078574	-0.150105829925	0.996206101684	1.47696933538
0.112505079819	0.61600122963	0.812945668732	1.24361685236
-0.070303865227	-0.489100198361	-0.689925656997	0.852768455768
0.891263685429	0.495231697123	-0.669360327839	1.35228778183
-0.579236189068	-0.888823829198	-0.768179678686	2.12322991257
0.97487877118	-0.293505755482	-0.343483969078	0.883051847113
0.406840164757	-0.1268054537	-0.381896285921	0.308200672987
-0.280702096128	0.619319985922	0.282917458659	0.160207973476
0.127330079365	0.300200915397	-0.081206022146	0.036653851343
0.353727301802	0.530104717458	0.61929713662	1.02445679248
0.476749477439	0.585517288141	-0.660626542332	0.556054292284
0.447358312	-0.1208855438	-0.741783246452	0.785963562342
0.568517603908	0.768133616281	0.322387373817	1.11147994705
0.943974698338	-0.887145094173	-0.100876766003	0.153314158443
-0.749096465756	0.378150438364	0.830018752167	1.28067744204
0.764340207892	-0.629391613024	-0.393543324566	0.505715853211
-0.640983924624	-0.188074394857	0.510149933157	0.695719869699
0.218664192262	-0.576726911762	0.615827989084	-0.0542159575208
-0.633833187095	0.703649543088	0.508092921804	0.57142584603
-0.185789023932	-0.798566971937	0.95209317709	0.329053792105
-0.159126341904	-0.703010360389	0.66778417627	0.113665171313
-0.488557833899	-0.97679116007	-0.299084309754	1.09750206462
-0.641432001816	-0.347877145969	-0.911916804907	1.7834018216
0.434773658823	-0.489643095844	-0.0389698779816	-0.00325580280137
-0.739125713628	-0.481886446186	-0.575357521975	1.51077475361
-0.0607641932276	0.124983271402	-0.74071562698	0.452180357338
-0.823815734928	-0.536359427667	0.0743776914297	1.08617256618
-0.778611723629	-0.0789684122632	-0.757839220027	1.30188759112
-0.491302975243	0.0478300738307	-0.762272251953	0.76247900391
-0.147544085027	0.389578180371	0.838245651296	0.993507288311
0.535919858672	0.29035690815	-0.590277813398	0.619854784241
-0.702125704111	0.753692737074	-0.409168734482	-0.177174989467
-0.380498415068	0.715069996269	-0.409172099181	-0.25246884106
-0.75900841532	-0.187658222807	-0.548493832292	1.12230280669
-0.18892510328	0.97645239428	0.573862739569	0.740884415117
0.368963127398	0.400779808436	0.208561503662	0.411091901192
-0.00782004115905	0.289840539498	-0.0722350811958	-0.0179241598539
-0.0112346209898	0.869340848599	0.339369988235	0.40055968424
-0.00205253817346	0.676827322903	0.337496224863	0.340945367156
0.564028947245	0.751828438438	-0.758334098727	0.747115120003
-0.525242574289	-0.242422830945	-0.127058313521	0.450156204731
-0.0024079871785	-0.679466744614	0.566356018403	-0.0624189949243
-0.816026494216	-0.423973438076	0.213901346237	0.966938094324
-0.1153451906	-0.418121016167	0.400726702098	0.0545623951859
0.511052655755	-0.513364510092	-0.0418323298252	0.0220436980268
0.162780057305	0.368958390072	-0.257119806665	0.0578004999922
0.764363795814	0.272847625925	-0.517062783439	0.919081428483
-0.829721392073	0.884135046956	0.924636088928	1.62730689537
-0.975780896901	-0.813732916245	0.928531657147	1.85276765874
0.611123418217	0.544119179149	0.202629554293	0.857309167999
0.455478339903	0.142870246486	0.500310850695	0.594325302693
0.461310076365	0.585299669195	0.471507069731	0.981103470392
0.641619214106	-0.984359335165	-0.38868280217	0.31376921832
-0.0770209244544	-0.687809353293	0.53993358575	-0.0209351583722
0.554937692105	0.552615415144	-0.756434445831	0.768798700747
-0.188926230803	-0.32908293172	0.849259798737	0.539630819988
-0.927493099076	0.683542390976	-0.532064650188	0.145666647114
0.975900356343	0.206659870743	0.909159939829	2.16851961885
0.311576297966	0.776561234767	0.00980073048243	0.34674478581
-0.395529129297	-0.457589399009	-0.772169398375	1.28701533941
0.246495702004	-0.156840821086	0.137280898347	0.0194143390445
0.388703073181	-0.626787882661	-0.277832521051	0.158788670235
-0.386738338264	0.306793801579	0.935642346389	1.19339348999
-0.0839751403191	-0.965536422512	0.240741022819	-0.0863551051014
0.942735995197	0.823015970098	0.403971594389	2.16030605899
-0.039812924528	0.981755916691	-0.838888571064	-0.157351288681
-0.319468984273	0.611492741351	-0.933295033795	0.207043948345
