0.589673242919	0.653038609262	0.154999014867	0.858038963604
-0.82657171728	-0.235819306293	-0.760266986536	1.63543389696
0.879565490185	0.0751069575761	-0.942336534561	1.65691905373
0.90277561532	0.0552951289958	0.221781599836	0.926373425918
0.198403557352	-0.857879010424	0.434920173998	-0.314795606609
0.886483334758	0.558116385169	0.193480348861	1.42603277542
-0.775105945155	0.537966659978	-0.473718206894	0.153372407779
-0.795947458159	-0.392845053036	0.969602659927	1.50544208734
-0.177886101428	-0.517123476248	-0.243310043433	0.308653656929
0.341463839835	-0.528372543821	-0.0600494327426	-0.0284881578556
-0.0721337252144	-0.719040482375	0.742706083076	0.0746469284872
0.260794446641	0.186059168738	-0.971924900959	0.880339415308
-0.56535759483	-0.362065666801	-0.774504224586	1.404603967
-0.359671286443	0.871540831607	-0.727899430408	-0.288661271916
0.737193331812	0.714036750759	-0.672432861558	1.04186131753
-0.17283915277	0.660132455008	0.236830685244	0.128205033635
0.713777085345	-0.204879964486	0.127002957422	0.353348493455
-0.424701892527	0.377873786956	0.219117906294	0.150699554959
-0.419523275132	-0.897048809029	0.164688584738	0.431721263838
0.0135356864087	-0.702801998592	-0.115851306752	0.0855123625473
-0.53340066015	0.913524128781	0.132046179232	-0.0646945448147
-0.697589778926	0.940515223826	0.237921478217	0.110913094731
0.131134808099	0.196051059278	0.839057828212	0.911421671031
-0.811438366177	0.049026003021	-0.617030656638	0.969126926707
0.898506537181	-0.148398628672	-0.894350573344	1.60656020606
0.768795224147	-0.863272264752	0.63876034764	-0.216042807832
0.109588968548	-0.809879156664	0.170923584661	-0.185956656206
0.413965789281	-0.591474247131	0.656870450829	-0.0305255950517
-0.699143160181	-0.789335232737	0.0642608209115	0.99406561056
-0.216826925914	-0.438151922843	-0.956473629773	1.4759396148
-0.0850708522	-0.911592318445	-0.19874327742	0.305458720641
0.144308304622	0.315924025137	-0.310704535049	0.0647936279988
-0.222389134591	-0.0943513373657	-0.91569175381	0.995327769031
-0.458724040906	0.286563742081	-0.970472480882	0.742688678402
-0.0226009220401	0.250456332362	-0.205115144711	-0.0144499066316
0.452888205827	0.302142154435	-0.603457600777	0.523775441531
0.560156793354	0.293123888179	-0.196598802637	0.458994254156
0.393651657078	0.146445900192	-0.624676530698	0.511349749541
-0.399056066087	0.232222099206	0.149607851434	0.123700865042
-0.531540990862	-0.810260666702	0.612717352254	0.592184366019
0.986679891643	0.00981453485154	0.0476650318535	0.985960778133
-0.348645287482	0.29832894	0.797449537216	0.891370596979
0.26540965094	0.775788361162	-0.663741527314	0.201973864323
0.371812593992	0.59115753432	-0.242706444231	0.27347309628
-0.548863750229	0.447126734205	-0.32094746043	0.0153428426745
-0.764978569753	-0.827833071887	-0.637336026333	2.15227182247
0.729187768408	-0.36305366765	0.716306402143	0.520017703161
0.324681675349	0.212775407386	0.185469290154	0.248364627411
0.864441376441	0.91886863393	0.460229410893	2.17626844072
-0.118778760509	-0.570366188319	-0.82597467619	1.23519797625
0.27601260979	-0.579761508221	-0.544684068118	0.528629064721
-0.539275103933	0.900648129689	-0.931227106841	-0.166403503599
0.328387895251	-0.599936049927	0.302948634803	-0.179145058939
0.277512448674	-0.117850234053	0.441874903169	0.18748662143
-0.138839384766	-0.474027920361	-0.345263513926	0.367961559119
-0.917796749345	0.344537495432	0.233012062985	0.660711493857
-0.564379679413	0.278766134864	0.487710506508	0.535013191699
-0.0920369523512	-0.522127534755	-0.966166645507	1.49446602331
-0.19187564614	0.526913351512	-0.896402295757	0.266925161679
-0.798609760231	0.409247285617	0.36854546768	0.597600666516
0.577001567779	-0.0783195874174	0.72220673362	0.752759917171
0.945862890418	-0.979978995072	0.497395682363	-0.27230401348
-0.00680121094143	0.410093976575	-0.78221391111	0.288334510224
0.421423563123	0.927996241896	0.12950736192	0.705631804331
0.886884414693	-0.0425649819805	0.749588295352	1.27879014614
-0.495095426107	-0.719838042537	-0.44248340526	1.11581595558
0.411681656868	0.0822405353855	-0.922247036736	0.978032213182
-0.87551438598	-0.442531301186	-0.467255001312	1.57907016046
0.341537643976	-0.0972463433107	0.751217933028	0.57470986116
-0.377505440328	0.732824318603	0.849078910822	1.20902586147
-0.12947998966	0.427482089942	0.685351588439	0.724097020283
0.997679046255	0.2298874817	-0.647204989175	1.49480737573
-0.262913649175	-0.542485541624	-0.396949567055	0.584658799961
-0.327403217048	0.522834469942	-0.825443047713	0.18580132579
0.234419813884	-0.722201150657	-0.242195447349	0.119226855293
-0.675154162433	-0.27132625378	0.192491245894	0.62384514378
0.268270069705	0.468985423181	0.630312178888	0.890684249272
0.00806192557908	-0.567717869848	-0.709778076633	0.902226711228
0.234704217474	0.230189455926	-0.482135505623	0.230584641884
-0.381205787408	-0.0404410818521	0.769360248322	0.721535657726
0.473566705757	0.778256774781	-0.19201575932	0.480254408139
0.269898554513	0.219892078186	0.739195299586	0.841146665321
-0.262582247514	-0.792291472938	-0.0932407877546	0.359558837929
-0.811838062062	-0.748408501035	0.180410153311	1.16419487713
0.0473590077869	-0.368113072912	0.858682254737	0.406052456886
-0.270597504766	0.0969512417774	-0.0765522982507	0.045426659468
0.0370403970699	-0.332324494913	-0.663630097467	0.650008002981
0.434813871182	0.855115273335	0.51851635138	1.27312954306
0.134748091095	0.959808965857	0.685144030487	1.2745191999
-0.318911995267	-0.589909730734	-0.79540640167	1.39172347003
0.259006955793	-0.0395305408689	-0.459806220918	0.286444067501
0.890559172402	0.70493338047	-0.0281498417581	1.40182917794
-0.916981537169	0.990732374784	-0.333674509796	-0.286871617452
-0.214369764577	0.890076534702	-0.0659050900755	-0.199168194531
0.258832911633	0.473144840016	-0.848312202406	0.50771898417
0.89772713956	0.394327913075	0.878724857344	2.27857600064
-0.661296848061	0.578983097274	-0.140642987034	-0.00721563849322
-0.231625818235	-0.909603092776	-0.687753589961	1.36292587331
0.910941698267	-0.323353347686	0.186709275964	0.509746014264
-0.387439400645	-0.511046061545	-0.582709502327	0.985450429251
-0.790460035027	0.246946663816	0.667287034521	1.03968189187
0.591415011042	0.434448277922	-0.712537782144	0.804860226945
-0.401136886179	0.320556705109	0.709325658746	0.762845669094
0.22245857184	-0.155706624728	0.746079672148	0.455314872487
0.0660477463363	-0.337588515057	-0.93489523098	1.17170432986
-0.474823196837	0.0733428938621	0.688346518282	0.714938415787
0.766233808026	0.177572737507	0.867233000564	1.62926649866
0.0928852134414	0.0122392239104	0.554277381533	0.323771846461
0.439174909174	0.457646988472	-0.210643144628	0.341832009042
-0.825498428632	0.827257230574	-0.253895781137	-0.147025941318
0.848519115736	0.326250260814	0.861115650262	2.0192736412
0.0609737671478	0.525675614356	0.0885016358091	0.0901259141016
0.638193758377	0.61391660013	-0.00667932094193	0.795033082923
-0.704744843649	0.929298483207	-0.795244185457	-0.264858920422
-0.56548090184	0.455350878338	-0.966929909056	0.556937490657
-0.497440451658	-0.901938486759	-0.968976833841	2.50898129491
0.883654442227	0.984657063237	0.726291157142	2.89358832405
0.409400682709	0.142250107933	0.42933591577	0.471248619234
0.452255624909	0.810302705878	0.72568572046	1.68564397466
-0.774811987395	0.2356056368	-0.698567553631	0.741193717786
-0.693780004748	0.693218211238	0.157032313409	0.133906567966
-0.486036070271	0.932132661957	0.906574433112	1.45010580799
-0.3814210683	0.402630880019	0.498618400255	0.441289605316
0.246139033003	0.437938064874	-0.120082424788	0.130209199377
-0.154378842989	0.524009696061	-0.86681777501	0.240088952819
0.966538214198	-0.365524372574	0.852116518953	0.995536051115
0.461739518873	0.32823615591	-0.0615560636081	0.348347211271
0.242500133392	0.212789244355	-0.375296190495	0.171395972651
-0.47001906179	0.870518401494	-0.67248261822	-0.321417945932
0.214977206441	0.00339592017776	0.695361380691	0.532834086223
0.587347200554	-0.0730911432931	0.454775679953	0.475627700287
-0.674354680951	-0.909568264315	0.0249571972135	1.04604843955
0.950421728751	0.820253818703	0.918458318558	3.27982314091
0.509116692516	0.314879547648	-0.643433371473	0.630912735013
0.769500575143	0.445545110693	-0.330644070167	0.89698700637
-0.632361856404	-0.749481789093	-0.301477199801	1.190665386
0.885848228015	0.602588488933	-0.543765713835	1.28654321993
-0.726812670173	-0.856995740606	-0.777657797668	2.4223330906
0.51292701999	0.403773166749	0.229610800465	0.615632094722
-0.458480530928	0.118859481727	0.529607241069	0.499142310936
0.443174506981	0.463969127468	-0.588396399154	0.475235491574
0.992581683171	0.229242949605	-0.81493066198	1.6900556257
-0.134128475151	0.567917711525	0.274759716041	0.173350321901
-0.366541302579	0.127275174228	-0.0996308673893	0.0849466920799
0.0432121336179	0.984504101716	0.000818442222894	0.0452162408557
0.697878335195	-0.82075762108	-0.72669096394	1.03876211243
-0.973021604324	-0.334732134157	-0.141853761505	1.34007814266
0.157079350039	0.171282399342	0.840945676471	0.902807674129
-0.429364566418	-0.65370434368	0.548262687682	0.407221687274
0.790112858283	-0.557702331697	-0.989382446278	1.71428906769
-0.491946065082	-0.467938387064	0.448166749282	0.463350388534
-0.987283461619	-0.146144485341	-0.599623561149	1.5661947588
0.138787669958	0.278036072969	0.00990915615529	0.0607032903033
0.480102420501	-0.51753557181	-0.704989981711	0.843896521067
0.416329815288	0.393089988238	0.245561860764	0.493814133714
-0.344679295469	0.857334401698	0.206655541242	0.0431778167006
0.258636236002	-0.833818622418	0.059832889676	-0.195072810395
-0.240193144361	0.878612001079	-0.526242024768	-0.338775722415
0.386137485773	0.115592794388	-0.393343191249	0.302988096389
0.47476681878	-0.551832329466	0.353717242945	-0.106664869536
-0.213911003625	0.634643589408	-0.98056238952	0.249195635534
0.386424058002	-0.495190167678	-0.93193048238	1.28794739435
-0.701694634332	0.250266294139	-0.747126666646	0.687982477999
0.0140585023638	-0.84206157153	-0.449069056612	0.568166330037
0.277336572874	-0.631898722121	-0.654438011331	0.7434946024
-0.597495585823	0.137260161671	-0.0390316821729	0.271154611578
-0.131653962844	0.424950557945	-0.719385346297	0.173198413146
0.876323483761	-0.325912432767	0.720461929206	0.76659602108
-0.589131955593	-0.188749172124	-0.957772201758	1.55638093062
0.129903202611	0.216393906332	0.96673141912	1.18874952838
-0.174035599958	0.40591601114	-0.720709592024	0.186519306772
0.656609231539	0.99533991795	0.893612104583	2.7726754539
-0.0563054468894	-0.372797767362	0.251031410847	-0.00640633202964
0.2510273017	-0.0594163351141	0.508024465569	0.276003489642
-0.841148297196	-0.0986049860189	0.883807812142	1.48444026581
-0.424058836858	0.319332884487	-0.0380173575339	0.0337150925834
0.308549225397	0.464639973776	-0.348425134318	0.198074757443
0.0507435051196	-0.401743739244	-0.162214895191	0.0736715085996
0.721126531911	-0.82890121175	0.712578156404	-0.160608449425
0.682149645799	0.825242633026	0.371341121204	1.47260786199
0.778497607733	0.536474563172	-0.904558294857	1.35665588198
0.995007175082	-0.393883774961	0.315832580029	0.57347098596
-0.815971449934	0.685242998958	-0.346364885056	-0.0107047952793
0.130631256146	-0.440145450957	0.780393066907	0.225094652456
-0.703041993636	0.972121125771	0.994475167037	1.76655724728
-0.212299147215	-0.868822539989	-0.308771524189	0.593128726302
0.831743383063	0.03450632629	-0.877197704296	1.45970440605
-0.664626258287	-0.478509559325	-0.0476516048188	0.784830505038
-0.845864992723	0.222055503008	0.263097430066	0.65530109936
-0.930910919649	0.803141219688	0.652217181699	1.06815196381
-0.347008327826	-0.864922535889	0.778061174961	0.352966649917
-0.562752503502	0.921792865349	0.385533686828	0.301967563062
-0.967389007878	-0.635508016168	0.416416232658	1.45939158673
0.964290227951	-0.850985097372	0.493156235751	-0.0672065042464
0.432167327121	0.718170828249	-0.00160699924821	0.495987048356
-0.561297336012	-0.393617334879	0.613912181701	0.67123275092
-0.655424106432	0.139439087671	0.391284777618	0.54585318946
-0.617845282633	0.495134215043	0.174675333137	0.192815660204
0.862480588826	0.164649979537	-0.150434448161	0.883741671785
-0.317434847916	0.184676559719	-0.982946608568	0.826798944261
0.758509052654	-0.0343829084203	0.11799255096	0.559121550672
-0.157831881321	-0.339153564007	-0.785543134495	0.961937917722
-0.849424694732	-0.807619674243	0.393535513369	1.24457758445
-0.354130080341	0.198691580723	-0.500080518856	0.205764184918
0.880151744051	0.203585034527	0.938366870495	2.02542265113
-0.556190405856	0.656940441668	-0.046702060204	-0.0845355929381
0.283938115107	0.524088352149	0.363943168691	0.552622517661
-0.555834932555	-0.613016643245	-0.168919696857	0.781772986333
-0.292106368072	0.467171781698	-0.324916779989	-0.0973587592421
-0.752106325501	-0.314709585241	-0.730265189934	1.56546769729
-0.712312101146	-0.387767958807	0.942958993458	1.30712271815
0.541518795988	0.617540814048	-0.274535210735	0.533485448915
0.56753659058	0.605034488914	-0.504132046587	0.614608837912
0.176158348226	-0.490920938598	-0.832733994816	1.04680440246
-0.517703156198	0.345936867028	-0.0428615004607	0.0759336850681
-0.846553714336	-0.347114751361	-0.134756292245	1.0754396285
-0.613272189039	-0.444603742101	-0.882850387893	1.8207092816
0.638406448504	0.668112223685	0.0755546444999	0.890277431269
-0.44931885137	0.764922959879	0.764083840202	1.02648251198
0.603285384228	0.824304677707	0.599693138566	1.71520593879
-0.500969664714	-0.373321846232	-0.0433675537959	0.456064325073
0.920927603658	0.900863638021	0.995464402285	3.56546490175
-0.402630621858	-0.838012562981	0.891713164789	0.547406470605
-0.76473456063	-0.696544166918	0.0241666326036	1.10124124483
-0.68886126864	-0.761217313966	-0.771871277416	2.18225002146
-0.134438465003	0.574420535018	0.0806388625638	-0.00632726938891
0.0761727376062	-0.232113780316	-0.485981440792	0.337102494051
0.624599840447	-0.686777419346	0.202185110701	-0.136813455428
0.843670616507	0.864770960721	0.562581704855	2.24436445476
0.944332929615	0.406291332097	-0.0322983468407	1.26335961072
-0.270052304681	-0.639887774103	-0.061844991057	0.289130071983
-0.235265177398	0.159902147181	0.992161243674	1.16076294334
0.496248324379	-0.324859415582	-0.360370199899	0.331987792315
0.0821107013706	-0.255618704898	-0.448872510116	0.301979876174
-0.691529286691	0.306327606191	-0.70086058973	0.542890862858
0.522250566974	0.482789246905	-0.283536916838	0.468387221289
0.0047924899143	-0.295775691579	0.474468073994	0.0833892964628
0.363609599353	-0.109220956514	0.830459172781	0.691457044961
0.0463502808971	0.316319130752	0.628060823498	0.609937880864
-0.768583632763	0.392988504867	-0.50527717037	0.345413167016
0.252908729895	-0.475371537534	-0.607417174086	0.601441673216
0.662487165605	0.174571190385	0.460778078354	0.847295432839
-0.571660937467	0.446446202764	0.190765484263	0.193138368679
0.233553338672	-0.194808675171	0.108602731832	-0.000313255430275
-0.208975556274	0.103863334202	-0.655918415424	0.38406897918
0.787388898683	-0.563497934994	0.576675179532	0.183888249183
-0.652224411024	-0.0674586823909	-0.491389641739	0.744007159508
0.46891869288	0.0479621314181	-0.386227200383	0.373022251078
0.104421106945	0.0460730058939	0.683603216007	0.514523773786
0.871986475046	0.91485821717	-0.838684765248	1.49421889098
-0.0802868156501	0.665668803625	-0.446760242407	-0.144798097628
0.591794470224	-0.767088640513	-0.0355745002613	-0.0751837805282
0.00645018005213	0.544279685132	-0.351967088564	-0.0641353979177
-0.313460547235	-0.200471954035	-0.913813127997	1.17934589938
-0.453948363043	-0.945172501423	0.277534021621	0.449836233835
-0.580249217229	-0.610643910894	0.853022696767	0.897769410961
0.429325794497	-0.548368860364	0.594004573629	-0.0240004364326
-0.246142816621	-0.0292022998554	-0.243487108023	0.134170577825
0.408258901191	-0.463976954293	-0.29238202385	0.198398377651
0.461392120531	-0.542001511827	0.454380962543	-0.077005647507
-0.530674652122	-0.26768178625	0.109924008945	0.40632615788
-0.451317602709	-0.929650790632	0.175314261947	0.491009392914
-0.656635916337	0.643824317436	0.935296864298	1.48535964561
0.348037658838	0.451305765587	-0.0051675277525	0.275896182319
0.241742212099	0.465978660658	0.309145542734	0.410712201873
-0.26420337049	0.372127785797	0.428129084386	0.314099246822
-0.590789165377	0.497365904471	0.331233062745	0.329652824036
0.374711189501	0.845387008136	0.919257304117	2.07934662015
-0.166334663352	0.934943659697	-0.677186764973	-0.302395876344
-0.679542673583	0.0602273634084	-0.498803898242	0.63961486692
0.0363156199688	0.146228852935	-0.830027430056	0.574200791349
-0.15495185768	0.673884662475	-0.191635029982	-0.172825524895
0.482405287865	0.172431228631	-0.0995526041259	0.30864134139
-0.325844776223	0.709067254857	-0.671338975416	-0.150199507258
0.689765255048	-0.328919572633	-0.454169691675	0.604554223888
0.882925725607	-0.450868360129	0.127136163723	0.340316493394
0.100951256942	-0.167534956868	0.174717619812	-0.00546677042578
-0.821387144459	0.383378334046	-0.324485396683	0.34066490789
0.932264954252	-0.994498795221	-0.843882746361	1.49336003527
0.139183082371	0.61040301595	-0.755139873824	0.213626276259
0.10328330625	0.42118369145	0.82847151462	1.08947242687
-0.256799604705	0.0036447119266	-0.5261094592	0.339883722034
-0.216313668677	-0.563570005387	-0.372115393649	0.516882439273
0.2058656311	-0.667946648554	0.538775957264	-0.164720663128
0.189086760157	0.90962470879	-0.999734805645	0.297837992177
0.70277833059	0.149120587841	-0.898977970548	1.27280136783
0.423991813929	0.933873346761	0.190873140245	0.790407606505
0.626141761048	0.488432016789	0.715690376933	1.55965999791
-0.582107135454	-0.47971811833	0.43217771651	0.597550154533
-0.56334531935	0.75910853773	-0.162121715467	-0.207066820512
0.988606206325	-0.0158244150284	-0.840812401527	1.68196897524
-0.19038518395	0.999123152537	0.448015609695	0.494369027958
0.689712398619	0.63639651794	-0.296745674516	0.813843843038
-0.55779490389	0.39395689816	-0.985486232835	0.674332020301
-0.0868594180744	0.681586525	-0.106486993261	-0.112898270381
-0.784615546613	-0.622422423621	0.0908979742121	1.05566937042
0.673966331657	0.267727910197	-0.563455678373	0.801299703956
0.720924723806	-0.811063575128	0.438687139919	-0.228340079829
0.364251967599	-0.128202639614	-0.829519336559	0.880430330451
-0.452296973411	-0.336481688033	0.57626446502	0.494940494963
-0.288711860706	0.743137570134	0.280324872315	0.155703886377
0.196267051567	0.0571696246377	0.0618392171014	0.057100682799
-0.724804565707	0.785165638065	-0.276988024084	-0.184509094017
-0.550713533078	-0.379393141202	-0.332233277089	0.748648309744
-0.818881054917	0.396735214852	0.458418374426	0.737705349122
-0.685053120272	0.680517092993	-0.235136392949	-0.101617791656
-0.821892469757	0.660173815435	-0.421264387176	0.0322713103202
-0.0285170166304	0.759697408203	0.983645653434	1.69398074164
-0.698136916582	-0.77906620126	-0.867663888664	2.46009826326
-0.305811827444	0.631684542699	0.806578589557	1.06041651806
0.467574980491	-0.845461074556	0.43735297505	-0.355177374521
0.759991735846	0.399711792611	-0.506471208472	0.935435668025
0.397026121589	0.870676369579	-0.506658297006	0.318878226668
0.629935983257	0.496361837977	0.565779867393	1.31043391868
-0.147575773225	0.589915691489	0.559680033216	0.578127117923
-0.997845931067	0.5333664905	-0.938216628682	0.843316051601
-0.272046493548	-0.765591556235	-0.645696858076	1.19355028797
0.926777769707	0.198861063763	-0.119642138405	1.03373912595
-0.80696966548	-0.218538247764	0.201446490842	0.824110703244
0.985702343834	-0.616581983099	0.354140279602	0.270901626478
0.691850771073	-0.348211655355	-0.400157733921	0.537212786129
-0.286597332274	-0.214696636504	0.418115371623	0.228722014167
-0.855316740498	0.980772704224	-0.718771698456	-0.295623493884
0.766662816303	0.949945672694	0.835952921881	2.80898704698
0.766341214531	-0.932719233301	0.476802671986	-0.344884567613
-0.545578581867	0.644420147681	-0.229168397779	-0.149088419506
0.369020308676	0.406200772066	0.913561482535	1.49175628442
-0.430791007439	0.88935806878	0.667054578382	0.840665615809
-0.811619407332	-0.196407632064	-0.0780661969147	0.83956143627
0.124780665164	0.118024798309	-0.512889744074	0.232819608215
0.456289635283	-0.964935655708	-0.939911313637	1.55829731009
0.184078104753	-0.305870940481	0.045988043882	-0.0343709004262
0.877451246491	0.229500726181	-0.610271908725	1.20367034458
0.503821488218	-0.201134234134	-0.901286169447	1.14609660548
-0.103315144694	-0.605841736903	-0.846686548631	1.3031028067
0.00509369137405	-0.543882959677	-0.499707308669	0.518745258101
0.57941076638	-0.113654170923	0.513237477559	0.474945514292
0.363390528694	0.415635432926	0.0013479371002	0.283652723414
-0.550399676502	0.507281587161	0.156442737605	0.127567032806
-0.289634121712	0.043143271639	0.753844568645	0.672197115545
0.520550524123	-0.385004182513	0.759454701577	0.354936926379
0.151483127417	0.374049224176	-0.817401055294	0.442005538801
-0.343348989905	0.39143420209	-0.186132126938	-0.0547233209458
-0.551280707955	-0.905418379796	0.21993091631	0.652290218411
0.175006575568	0.716109049322	0.84953030449	1.48600917091
-0.963888574846	0.368977947694	0.0653560647083	0.601813918386
-0.244905683415	0.424024796288	-0.28893652995	-0.0828992236634
-0.702071407299	-0.0370452691085	0.968143371959	1.42034914208
0.607350660824	-0.381765259684	-0.827267154666	1.13720224777
-0.731798235413	0.993705597799	0.474388897094	0.504784382626
0.0866309524705	-0.982036929663	0.881178502262	-0.16644415065
0.0473081549219	0.293531610752	-0.0426792257518	0.00541831486823
-0.493072732828	0.477647906171	-0.186216983507	-0.0466638258857
0.316623057877	-0.0244330171954	-0.0358883189198	0.0946789355102
-0.166860961234	-0.0640844630567	0.897324023599	0.786221650578
-0.284996235111	-0.998236790535	-0.478296804007	1.07193788036
0.102616990119	-0.37567996244	-0.77272089275	0.859372433725
0.0325308059381	0.0473905574347	-0.842600008043	0.672643395841
0.237317731264	0.836611635832	0.500220480224	0.923573284009
-0.190134003248	0.23897299429	-0.499864171204	0.121124199041
-0.109389784624	0.76967529522	-0.652978607788	-0.148428930287
0.527775092262	0.926257184409	0.704376750795	1.91598265199
0.409136780188	0.956250290436	-0.896484909183	0.505051307402
0.200163194286	-0.161333291624	0.674226396574	0.353578387329
0.0123489644673	-0.978744123544	0.235571609831	-0.187004324918
-0.860526148697	-0.946416401689	-0.870705112502	3.13709830624
0.305999408331	0.922852475989	-0.602586068173	0.183039874074
0.228078890673	-0.137349679061	-0.32022103574	0.167217186154
0.974890720613	0.818501937706	0.223756631581	1.98157412771
0.223168098936	0.151340358747	0.692483715098	0.667912770082
0.182940452422	0.488886620317	-0.450721615979	0.105702556208
0.291673072608	-0.78664961421	-0.622100221372	0.732012255815
-0.826416876739	-0.417619316901	-0.886172278994	2.18347647557
-0.198313549241	-0.30495966424	0.157993431476	0.0765861977782
0.291543975476	0.85715866563	0.967675785584	2.10074544577
0.735297511175	-0.737399749343	0.978485237718	0.234352820909
-0.116552915614	-0.378952860299	-0.394881201895	0.363325167433
-0.684286638266	0.995300273603	0.683751686769	0.935232135097
-0.461398730562	0.729315718313	0.555349966959	0.589822487825
-0.28957290138	-0.243949803726	-0.195752440187	0.240566504871
0.401617537908	-0.702997778363	-0.175487665587	0.0331237696649
-0.277440633431	0.965594218942	-0.287469282806	-0.385861855705
0.846942903077	0.395433022223	0.109905767943	1.10776112069
-0.211911833958	0.244645262576	0.45620575564	0.312795667466
0.806751294548	-0.838957246635	0.378071474129	-0.200229956956
-0.454276800393	0.0819029604234	0.697170089125	0.71230722396
-0.952711170765	-0.424564276929	0.159458053059	1.26987238193
0.506612078765	0.932869323977	0.895566548687	2.36674466976
-0.569918869407	-0.265447455109	-0.648214557067	1.06834004774
0.256571101194	-0.0945412947829	-0.835641045346	0.818870708926
-0.9415006366	-0.441218324294	-0.0244313952143	1.31320725425
-0.276383427352	0.230804837424	-0.0160699842558	0.00914638118884
-0.564076701035	-0.641154045304	-0.483578348404	1.22373881673
0.0393632079669	-0.785352448332	0.0141897614419	-0.0403071441694
0.0718591781071	-0.502639949285	-0.767036601489	0.942932834335
0.517164748473	0.373064365845	-0.674451061904	0.66366569319
0.296263502068	0.790398779114	-0.0580449130264	0.279428956526
-0.660810593501	0.577030884719	-0.815371660057	0.24969883273
0.674514447059	0.583886428678	-0.265310588065	0.764288027259
-0.462930713796	-0.486895160624	-0.580177454182	1.05879504311
-0.984837391411	0.740793266673	0.51994061446	0.895850528023
0.833126583584	-0.061167656403	0.0871595348976	0.64540494371
0.594099286616	-0.57663851698	0.158911366633	-0.0560081615572
-0.415789696452	0.836583822256	0.760540282328	1.03971535558
-0.70634941587	-0.322506222889	0.00844876584155	0.724078181537
0.0639199602745	-0.913246024742	0.797991448604	-0.146261054472
-0.40409161897	-0.129963109045	0.468270908885	0.374226740577
-0.508868935435	-0.812000196378	0.864911898593	0.717913229774
-0.349176035858	-0.701087372263	0.868018639393	0.511626264822
0.974448711827	0.282715022484	0.0209329766206	1.23139783792
0.811486503164	0.152448627789	0.751086651079	1.46085363543
0.774377446644	0.714993579226	0.330775831152	1.49925057803
0.412794601926	-0.253078256019	-0.755347506973	0.827641931473
0.751506925703	0.664932758769	0.397497745835	1.48677796341
0.776589425442	-0.437222014088	0.701748897171	0.449180591473
0.628801525853	-0.477329114861	0.333776663483	0.0473316249008
0.692590017015	-0.432200334383	-0.481040164013	0.619648653856
-0.314657725411	-0.618018116048	0.422431909015	0.210851804005
-0.367658565291	0.29511413067	0.71023766672	0.740710297563
0.1279478561	-0.268222969269	-0.320825595586	0.171033956654
0.152283115287	-0.516289680377	0.0271957631854	-0.0687333360641
-0.0295195445909	-0.822151182611	-0.314581213463	0.382735588548
-0.971177958883	-0.371802564747	-0.644958092885	1.96004109843
0.74512755704	0.0121934503336	0.907720342339	1.39932521493
0.621228782586	0.0302592810376	-0.582497732498	0.726400782409
0.475253414989	0.247870164005	0.440959763905	0.647413232758
-0.25748824504	0.144055498996	-0.0884614370668	0.0242896680984
-0.0630646072431	0.942699993109	0.180374908582	0.147100672596
-0.332470311825	0.600365455846	-0.0313547002474	-0.106908343748
0.524010853217	-0.469503729129	0.359589305072	-0.0109617267646
-0.509047235776	-0.650496879153	-0.454391725329	1.09231496575
0.957697057331	-0.551062770963	-0.871635775171	1.62950740956
0.812303006616	-0.603494564476	-0.887689434601	1.49332400638
-0.773118682567	0.428728658263	-0.875813579379	0.657817406928
0.575464495628	0.607412720728	0.653700294389	1.50509378994
0.606608429054	0.0187385797916	-0.484089896837	0.604612637711
-0.378573304717	0.997489412899	-0.210329924714	-0.399868312305
0.446536394104	0.505919492463	-0.992438658697	0.908146645898
-0.622870705325	0.469041816313	0.285921695132	0.311675955553
0.0402198205941	0.59867128772	-0.889829233677	0.284776937685
-0.507613006071	0.905883545506	0.461967930995	0.429736210756
0.975008390775	0.358096335785	0.879557539929	2.38837609238
-0.339903598352	0.956697800628	0.615080541762	0.757119705571
-0.871001427872	-0.0264591761759	0.859404450306	1.49752634303
0.0841273563487	0.971551159467	-0.158134102	-0.0398175332443
-0.228386250155	-0.270921566229	0.0875446175884	0.0979813750137
-0.628480465686	0.218740777712	-0.874270807128	0.830624157822
0.959637270698	-0.413282361968	-0.582536008834	1.1044025927
0.00570882415442	-0.573487740634	-0.409761559365	0.39965641642
0.503264845921	0.338600453211	0.992017926936	1.74367849707
0.27038430879	-0.441256526327	-0.738858979283	0.825737771482
-0.845250820951	-0.498831813681	-0.430128838743	1.53565971701
0.0286193505336	0.791873028119	0.583693728648	0.826391648256
-0.0236102889131	-0.453710664179	0.636151595375	0.127329775049
0.966189808142	0.271444292746	-0.214786315906	1.18362009637
0.615861186177	-0.112563235074	0.229379147346	0.33675680752
-0.534429218627	-0.0359474905961	0.492527028125	0.529703741756
0.0163209970483	-0.124913494577	0.45090260368	0.145217000234
0.597730286246	-0.780594145508	0.288560393517	-0.251284720039
0.929979612789	0.404492183798	-0.048107874683	1.22388667299
-0.306353000163	0.0178988430974	-0.735656848667	0.61639238891
0.236495721778	0.671000757224	0.0788625870049	0.273755198038
0.718236852884	0.235468389629	0.0550804912399	0.70098982705
0.0503941665406	0.227999572927	-0.238732986328	0.0165918403053
-0.485235601316	-0.0762605507553	-0.817063059948	1.00235964587
0.489507359157	-0.343837377839	0.994123756008	0.71777166461
-0.714501749498	0.682643152344	0.922484193058	1.50346762738
-0.238157809921	0.267482363541	-0.502780808333	0.111319670805
-0.184407112995	0.708405658299	0.42901948365	0.391348488136
0.753989492497	-0.916885567025	-0.307180866527	0.253187859182
0.05540189169	-0.0753095929334	0.979360406198	0.884288647395
-0.0732354836141	0.601189018657	-0.186947959965	-0.116106453321
0.149965611549	0.85382910591	0.041652586817	0.187833817623
-0.495331601369	-0.755543917238	-0.0770924901147	0.683788187747
0.957211588299	-0.760140695756	-0.430953134043	0.701944160949
-0.300687617113	-0.940224072674	0.405276953676	0.156325040285
0.0942243297305	0.132776043617	-0.977534411657	0.84716933232
0.28306976826	-0.307407275184	0.495523982506	0.0863271275436
0.0861269641126	-0.300493673296	0.436948950421	0.0411612362505
-0.753107867737	-0.672107641345	-0.507040811906	1.67121740221
-0.618199135398	0.565365055847	0.042585082897	0.0585515893533
0.171976257422	-0.712109657288	0.141267450844	-0.173531543956
-0.38127368102	-0.0925193589339	0.878516749732	0.871156689446
0.401405107143	0.448120529658	0.287479516516	0.552473874884
0.0725096402349	0.0402648107181	0.0442845279356	0.0119214624158
0.603275888237	0.0894456939549	-0.548059861836	0.669250245283
-0.117901312393	-0.549260628934	0.934440172276	0.438586507299
0.298744777565	0.813000677215	-0.627782899058	0.215851594869
0.347932525401	0.708464972252	0.471943916289	0.924641842866
-0.787814574365	-0.0349639111589	0.437911255415	0.824652059759
-0.142719231845	0.882958738441	0.245436523849	0.171302996942
0.128684206657	0.737122706954	0.216289907937	0.317629202496
-0.17899864946	-0.208803537542	-0.103020148504	0.101540190174
0.74188653729	-0.47575320067	0.0576615550508	0.173332925122
0.98845794959	-0.937965158399	0.796893955277	-0.0625087881827
0.938050947458	0.623586825591	-0.963764442162	1.79274688347
-0.381359204995	0.0580449298981	-0.197579792423	0.150868144088
-0.923504389145	-0.096214667369	0.276525711447	0.991575664131
-0.614651010383	0.415067589999	0.467576888066	0.535378309317
0.290552095096	0.136208051714	-0.731679605892	0.55969044684
0.122499388913	0.233703864293	-0.862366311428	0.585771996516
-0.122100627461	-0.903645074893	-0.00395584559106	0.128834522972
0.0233193943496	0.510651451072	0.0502229111838	0.0406206199964
0.0443405093791	-0.101051295109	-0.919878587663	0.93661695354
0.65905575736	0.820680129186	-0.258766268986	0.829824102304
0.0305458081063	0.158377774892	-0.948390032792	0.755010574688
-0.230556752021	-0.536959397209	-0.430895402821	0.594000214421
0.863111703402	0.143724820364	0.399239679462	1.08578535995
-0.801027825561	-0.679738450577	0.935122967775	1.42495091798
-0.22040061873	-0.439724865479	0.93104183609	0.602928719579
0.469938701819	0.122910131774	0.434625925521	0.520922236147
-0.704669369152	0.298881079676	-0.752735294935	0.627578664536
