0.395350828372	0.515423391041	0.827175167932	1.47063953059
-0.121680722088	-0.396089999687	0.0861188628708	0.0363083534761
0.177006016218	0.294782828448	-0.597311060003	0.264212922562
-0.14335176245	-0.146504849197	0.761980993702	0.510532580328
0.0290791536102	0.187521670918	0.310295143812	0.160768708768
-0.459825086372	-0.937073947212	-0.726558598929	1.85105575063
-0.976132025473	-0.592095419365	-0.28382318727	1.77940304286
-0.724888689851	0.431465461484	-0.0465262732012	0.194789393743
0.369371224197	0.547990852098	0.756252972827	1.32518542305
-0.300106596308	0.304735433437	0.0259418435251	0.00718923362064
-0.164803626989	0.0324000188185	0.172680874273	0.0572341427687
0.298620577503	0.510124213189	0.459491811508	0.687038460104
0.970788022021	-0.251264309306	0.489259605233	0.814946486398
0.978510099415	0.711733493012	-0.862680236349	1.78413919788
0.141467434666	-0.180369355241	-0.662573946013	0.55300891447
-0.51959940871	0.133199171899	-0.576842110373	0.456685263454
0.169830131938	-0.0947027831161	0.124705078189	0.0165003261154
0.693254594041	-0.669177927482	0.600557880088	-0.0245190504932
0.882772649575	-0.413321507547	0.287947943764	0.378317568599
0.77657179785	0.644023508077	0.669049619177	1.98170532648
0.231517391643	-0.680251905636	-0.532909654334	0.542615663355
-0.830760574524	-0.215032824486	0.755023869465	1.27651005325
-0.839309748004	-0.175579777036	0.866406417579	1.45034330632
0.62310162968	-0.218571666108	-0.170500082348	0.318400044708
0.225072232656	0.218887995487	-0.661484515523	0.392693864387
-0.684753028673	0.125278859675	-0.860788905928	1.0162205197
0.259346146408	0.30661507201	0.948656876495	1.33760222683
0.778667563598	0.455613310735	0.210000760888	1.10087394271
0.420572612395	-0.399417489021	0.908833631452	0.471871788149
0.177483322975	-0.939501499942	0.12515627159	-0.237165930783
-0.689794945086	0.839458648585	-0.318466578975	-0.269155828218
0.525424578641	-0.663728010732	0.774983311085	0.0135529785129
0.0173766648747	0.0638826249688	-0.115616208789	0.0073932562759
-0.806807192354	-0.861222017228	0.365577261379	1.16458151089
0.228685144176	0.520395396746	0.954935643061	1.58014978673
0.70940574418	-0.238829772287	0.0926073076531	0.320288028766
0.311744151295	0.0109354186816	0.951141683938	1.01566510415
0.62047646008	-0.257985590691	-0.392108184675	0.479824141577
-0.678051566202	-0.158331463688	0.0389175691188	0.562463524866
0.262473255083	-0.156209963349	-0.748773127018	0.70551829055
-0.894554789123	0.276787595377	-0.0401669585117	0.543122270424
0.888831650175	-0.708648839308	0.169721910573	0.0686844771115
-0.908205865437	-0.132872763455	0.679113057673	1.31647263357
-0.0914871525931	-0.287576108958	0.794463613907	0.437383097477
-0.859503941372	-0.928942806778	0.193938694162	1.39463129116
-0.274439376486	-0.973756943548	-0.4142682202	0.91756893398
0.323641914823	-0.265000676875	0.790529279023	0.434424509498
-0.422516732867	0.423597441534	-0.689442878207	0.182828625522
-0.424702505095	0.429141351857	0.338340968732	0.257785522493
-0.29744103506	0.911911145249	-0.499962230297	-0.388727523876
0.995882421891	-0.658708691308	-0.737671919052	1.36585615598
-0.187526326718	0.733579811081	0.78474780065	1.08910484986
0.226439445221	0.913828506957	-0.574737650781	0.063313360414
0.574241622513	0.559667617912	-0.297381829442	0.573138854393
-0.758112994509	0.0777395382535	-0.247264461751	0.557717447268
-0.232995256405	0.770181982101	-0.22959705054	-0.249278664744
0.285642761355	-0.464819151129	-0.488038657242	0.413851006595
0.377187670691	-0.17007300018	-0.807833988831	0.868107603775
-0.773072666985	0.353646682323	0.558008772847	0.832958506364
0.757922381142	0.279008536718	0.54146643711	1.23017281116
-0.0808692826102	0.681536827135	-0.812343061952	0.0576839839006
-0.0662586732918	-0.589771114082	-0.463410051631	0.531522401731
0.917107819659	-0.00988296259245	-0.447294458074	1.03651593722
0.372082824941	0.63804932452	0.81479530751	1.55962381245
0.877299511634	0.630727254907	-0.663892302934	1.34500916593
-0.901621665676	-0.268652795303	0.0317481153812	1.04762353169
-0.282362848477	0.811750104226	0.823494077346	1.19713460506
0.239516658958	0.936921512817	-0.538727271243	0.0672584431857
-0.712210304961	0.772476637125	0.298709926292	0.277051756593
-0.994266376634	0.0250358469249	0.676584873543	1.43837929333
0.941687791235	0.269643964547	-0.724377508346	1.47009507697
-0.363669090654	0.565709633266	0.575551408257	0.583378499231
0.0495898956081	0.326304728544	-0.405602074461	0.0508037431745
-0.387408488	-0.151934750479	-0.0190741858792	0.212208004771
0.361636590239	0.617821040948	0.806863220619	1.50373304968
-0.610139697349	0.964509663371	0.593943270439	0.709417448514
-0.321248729958	-0.684400280811	-0.83664667726	1.59564235092
0.297433104903	0.401017122365	-0.0608046310794	0.187055724695
-0.150927491546	-0.990983346332	-0.0761973490205	0.253662078242
0.861379827023	-0.72788337045	0.376784801912	-0.0172974499272
0.330536759699	0.617200765383	0.602921437874	1.04889992376
-0.627094397735	0.492711139176	0.218718468098	0.239873782455
0.364213904734	0.18928926131	0.815524934489	1.02104458059
-0.027983352391	0.561600625949	0.0826108786172	0.0382864781996
0.788625669376	-0.315542894451	0.0379800459793	0.362543370298
-0.237590937726	-0.257653591087	0.0910999547801	0.102492583268
-0.181110203727	0.141715906457	0.562242165848	0.402929620443
-0.777228566693	-0.318641383933	-0.725652985835	1.60953675852
0.160704778339	-0.606454192166	0.109286667683	-0.125967842775
-0.752101637997	0.797488960964	-0.260670960756	-0.174068743813
-0.191942751357	-0.464073327283	0.461046564947	0.124522052691
-0.716546764385	0.913482747688	-0.738464314211	-0.270358709079
-0.701561723986	-0.584267928184	0.965061306781	1.26957782309
0.889338104665	-0.523685167373	-0.848389615482	1.48924308766
0.769045604115	0.790479504453	-0.38595432945	1.04321768659
0.914422679974	0.480679120452	-0.214441066217	1.21862035496
0.25244654033	0.0723438468641	-0.00897876835505	0.0814232692177
0.839733750607	0.125239938984	-0.0394627543311	0.806935971632
0.412723763711	-0.924110586952	0.159006986048	-0.332718311995
-0.582764681167	0.164781684939	0.536690708692	0.620059443595
0.522475954357	0.0911563887918	0.316494536038	0.44962743443
0.951826203474	0.37516244007	-0.716760623026	1.50790668908
0.585238182316	0.858933254036	0.511676906345	1.54649383303
-0.678618069721	0.413805199318	0.209758068321	0.310504225446
0.744878118116	-0.288702459184	-0.970479065935	1.5618045767
0.0751403790321	-0.818958273152	0.837686946741	-0.0402019930998
0.983308106857	-0.484515827024	0.379357649266	0.450573933281
0.384649992479	-0.0623852930136	0.83866446417	0.774996869349
-0.653148201525	-0.501461291638	-0.535573724172	1.30953981944
0.967228726947	-0.439489366649	0.976877861112	1.03540759268
-0.394563565617	-0.576337477485	0.802300319792	0.564372238072
0.0765237139763	0.761638922369	0.378399396822	0.495529130186
-0.673068942907	-0.608883688343	0.824298579071	1.04040869071
-0.0964839553409	0.135702381864	0.171376221812	0.0488420219841
-0.234233691135	0.106188312262	0.438401625977	0.268741656142
0.321228204969	0.929279238841	-0.773210801582	0.28102446
-0.417510464855	-0.181720235152	0.127425829871	0.243266578465
0.0630941585694	-0.312470655336	-0.575982672704	0.495999522227
0.963124925331	-0.455826229483	-0.866934312408	1.63533851942
-0.105586428835	-0.00446663381085	-0.657840753764	0.447312900932
0.594972575743	0.39031065446	-0.565817411707	0.685521280432
-0.0859636457111	-0.0970093126655	0.893371053478	0.727175549908
0.950614604839	-0.633098192545	0.712293201572	0.35824580533
0.424228868836	0.292125846964	-0.322706915663	0.313767073127
-0.0249888898417	-0.585965192767	-0.450308951464	0.481910587587
-0.495612886192	0.454845466281	-0.776983422448	0.270500710328
-0.390057158485	-0.711952797219	0.677685452803	0.406624391127
0.220808813516	-0.331673812925	0.700985954007	0.234402654563
-0.0146022540377	-0.869802623484	0.902127616977	0.0420755740423
0.150708673384	-0.528892970194	0.595788485993	-0.0171400755899
0.791389609231	-0.653003655625	0.621060055945	0.0896783119432
-0.0209306334144	0.748788610241	0.507785063014	0.622834813365
-0.777747947933	0.807232370194	0.171087403988	0.144446741526
0.119144996888	0.512802217024	0.843312504832	1.21892185176
0.326558134281	-0.992127785456	-0.773706755215	1.14889092919
-0.926648315194	-0.759030461952	0.6215816779	1.47659575298
-0.0992966687983	0.915922956729	-0.9826224943	-0.015547804068
-0.558193457971	0.93419206561	0.680067378936	0.887925226385
-0.274413757333	0.135376729091	-0.0841461550704	0.0338428175024
0.949600060011	-0.737942437485	0.0371347651326	0.174965762737
-0.494232290385	0.846227092135	-0.817168213778	-0.197713188794
0.325337449972	-0.0194403174561	-0.824661506548	0.795618074909
-0.998769246754	-0.320441031292	0.0680922502044	1.30040365937
-0.890438267314	-0.153977952369	0.252764495221	0.954957899648
-0.0172725867898	-0.266001619665	0.326422443471	0.0246155912595
0.993809534276	-0.389680917726	0.531694743141	0.675896783484
-0.308896316401	-0.931529012574	0.503435798042	0.167645365797
0.299480070913	0.066897883272	0.423719334978	0.317606897146
0.263339415195	0.616926157934	-0.920115637489	0.510778002504
0.793436666958	-0.536769029352	-0.838864672042	1.35762002867
-0.676401141033	-0.582198329601	-0.184704941638	0.992968941996
-0.812137867393	-0.604991350406	-0.37036951213	1.51214822757
0.823537980613	-0.246587123314	0.544787745545	0.637596988639
-0.775703966962	-0.970116158235	0.818620763493	1.23022232101
0.10313614278	-0.287241618853	-0.292228173258	0.15034947014
-0.311821450082	-0.674336395406	-0.588560731909	1.05079682697
0.911349386793	0.290731652316	-0.464091880019	1.17597089186
0.621672211804	0.407438878551	-0.434016182982	0.651304747955
0.590195079929	0.970868817797	0.877741804425	2.54393505512
0.872191262945	0.610775152441	-0.756673693773	1.40382793893
0.625521662679	0.6795412869	0.764881867286	1.92115822545
0.249710827388	-0.433500959523	-0.467163141005	0.374862684232
-0.635516418983	-0.629210610684	-0.396993197121	1.21115072344
-0.481361696821	-0.294640446699	0.440548284989	0.437817156467
0.214429089063	0.252269612217	0.704450625108	0.774035946619
-0.177719151379	0.563545043501	0.725535964482	0.866705982293
-0.129728572551	0.912315627594	-0.150936614064	-0.21644387187
-0.345717890215	-0.921841887429	-0.419932285773	1.00167238759
0.550796217556	-0.505749058528	-0.918708298767	1.33347260019
-0.38497357315	0.6949985481	-0.847898790412	0.0102925081378
0.194078318836	-0.565592285257	-0.670067577844	0.75587280548
-0.546878013023	0.0594923951519	0.785364095357	0.930060431653
-0.739558774216	0.677824626944	0.512444403605	0.655602733772
0.553000924688	-0.228118053117	-0.925256487189	1.24682780397
0.334647912868	-0.996840525578	-0.688875214005	0.939646415095
-0.593362576743	0.364989669712	-0.111296241431	0.10727281153
0.649686705885	0.479407219661	-0.518181504342	0.75364943029
0.656881737576	-0.17695496163	0.389335158735	0.397942212245
0.355922307463	0.141993370019	0.0716671028425	0.192531723933
0.850560075429	0.822344151813	0.620277595849	2.31773149507
0.0468921383958	0.995196602978	0.72282867137	1.29070369592
-0.222847214322	-0.0444499944543	0.523761052787	0.310610902897
-0.612205201135	0.604846472282	-0.932215926718	0.309684071424
0.0993648079645	0.146934629174	0.0987142722415	0.0487225488032
0.147314174997	0.917246234495	-0.861089370718	0.108468759967
0.266081124506	0.548948970333	0.196352533668	0.363205962799
0.322857191017	-0.936317615402	0.680700652405	-0.372058742895
0.695166260545	-0.111283833209	0.515249779231	0.614038728114
0.876254301322	-0.478293797241	-0.187022167924	0.473143437617
-0.87810391638	0.18577077917	-0.0156314482682	0.605280915074
-0.269823769536	-0.295572450602	-0.369987645868	0.398806352676
0.39650775027	0.0200046743687	0.0851996823082	0.17411378222
-0.964062046668	-0.251273717184	0.624567070913	1.40480582042
-0.0596324141513	-0.717647263226	-0.182265624255	0.210374247844
0.637581084725	0.201617815934	-0.108624289191	0.524955989641
0.250610871237	0.0302970862859	0.664407485579	0.531965505785
0.247387868464	0.75880457784	0.804450772768	1.50648177939
0.260605421522	-0.8885603136	-0.233553045484	0.098424543046
-0.775602094098	-0.428878080517	-0.494373120742	1.39062792333
0.401329819422	-0.146973943583	0.189999614425	0.110255458589
0.655285429479	0.701837957961	0.980551883967	2.53897371087
0.761492741455	-0.420845103506	0.510555115191	0.305202609042
0.213069715408	0.405561358773	0.348448666228	0.394545334453
-0.615112322926	0.634718812914	-0.110900851271	-0.070152051458
-0.473532121513	0.835048787566	-0.724867541013	-0.251056563092
0.0664585772414	0.517184129062	-0.96196091391	0.466645946317
-0.100757184475	-0.22263370949	0.383611195379	0.0943367217519
0.607420605375	-0.629599798273	0.0912508264584	-0.0625968873779
0.738431924291	-0.299317214837	0.880043479277	0.835320682153
0.545262372775	-0.499910358006	-0.715192405045	0.893761014667
-0.436378830877	0.617359070835	-0.522720885474	-0.128445301577
-0.644085218089	0.0907678530397	0.514944691236	0.66829199483
-0.457124245217	0.615087012147	-0.260495724672	-0.164578124998
-0.0536539946591	0.000563869908732	0.284809540074	0.0841255669164
0.353280114968	-0.723851970902	-0.984254078052	1.55029467656
-0.490476639566	-0.0476920631063	-0.665387365394	0.738433219053
-0.869842744693	0.752671853184	-0.970982798502	0.313896422498
0.233243849397	-0.850719432985	0.599914789076	-0.294483797075
0.477801805132	-0.108153199724	-0.120879510628	0.204304132874
-0.76523226877	0.717754919849	0.419009525795	0.51264633074
0.0219023877257	0.290226997042	0.493647447073	0.393793996969
0.52741622389	-0.207999995014	-0.135872847754	0.215188283695
0.760083413231	0.470297899004	0.446896132576	1.34508289291
-0.00317219644828	-0.711788592328	-0.678456230645	0.945488258344
-0.981668048832	-0.587509653112	0.714401229614	1.63106311122
0.753411039279	-0.00620143674516	0.981405855176	1.52002728945
0.16195304213	-0.12774626154	-0.417122103363	0.232816530602
-0.629044071674	-0.354716820965	0.297695836063	0.601854047687
0.897119783214	-0.600186071314	-0.219441246627	0.446245147667
0.899548233704	-0.0118312519675	0.326775759171	0.901460473389
-0.246257825754	0.949261128102	0.334762171353	0.25672236306
0.897554484708	0.965283206406	-0.321901199373	1.46489288422
-0.705133659591	0.589387233794	-0.234633218007	-0.00162037551809
0.706817036761	0.0943573623717	0.862224428878	1.39107190336
0.849143927439	0.741094423985	-0.689969574059	1.31506664837
-0.220658293776	0.148262003219	0.539285546382	0.3867592979
0.588175639856	0.0552673909029	-0.958622649929	1.24443432856
0.729605721819	-0.933139441493	-0.339361080685	0.283337785921
0.418700592012	-0.370442045839	-0.995935140957	1.38102893799
-0.582584391998	-0.114994024314	-0.416503433264	0.62776881339
0.266869222774	0.598531305944	-0.53195602318	0.195533643825
0.83050214918	0.093757936794	0.249398826906	0.853182882114
-0.344514731779	-0.62609018975	-0.651339657492	1.16642841337
-0.599331127919	-0.386913965501	0.513563679045	0.656130077082
-0.206145800129	0.119672958857	-0.758276855628	0.502064567889
0.653646596226	0.099012282199	0.167524699022	0.536624441559
-0.0701272900812	-0.249658438135	-0.729686737206	0.73704089212
-0.137206040978	-0.115458605841	0.866373350307	0.685239638843
0.231782324814	-0.0729358350454	0.982784669556	0.931003294857
0.867622531338	0.699059090151	0.850177023163	2.67641322123
-0.97005299287	0.529084452693	0.161035281505	0.538896477829
-0.862825087488	-0.0506603164059	0.556948570341	1.07015464274
-0.836834121775	0.43631389443	-0.117216156654	0.297765582285
0.651401303326	0.913715804143	-0.757072689535	0.900929099589
-0.0883977569876	-0.268728827105	0.246836971775	0.0261654697182
0.434052672128	-0.209474250864	0.0789665763585	0.0871731196079
0.508204324806	-0.492784627958	-0.860802308895	1.17300711716
-0.0101519952474	0.744135626172	-0.677427567056	-0.0526412765225
0.634064820552	0.570217667198	-0.719886547271	0.871337772798
0.902381499917	-0.27938447905	-0.899903634055	1.62342664472
0.148316412886	0.32368797335	-0.178859520891	0.0441020498145
-0.459899856252	-0.934334414162	0.550289728973	0.429872294819
0.701318641413	0.0330213207815	0.850781814638	1.26692993996
-0.21201381588	0.153384454728	0.30651645433	0.153397430568
-0.444947804431	-0.145055318205	0.225929476181	0.280792450172
-0.68864734082	0.314967940637	-0.217443830694	0.236127309204
0.806856685556	0.571890886116	-0.977722137694	1.50924189473
-0.0930757929976	0.869298724936	-0.933941010511	-0.0118754834219
0.416338060141	-0.178735685029	-0.744512431897	0.786292612715
0.521203803818	0.535882844986	-0.79923856674	0.761441631919
0.377037206923	0.933224990487	-0.133110412562	0.387514017684
-0.578688019517	0.556588459366	-0.428900769288	-0.0419765978071
0.166135370957	-0.404405243078	-0.265387821037	0.138169868238
0.283743550782	0.635437826543	-0.742691572353	0.340468240932
0.514394867081	0.478280852874	0.403985007407	0.867049475122
-0.544208307911	0.130839763796	0.731802692518	0.856242668148
-0.810407736545	0.134108363546	0.173527517133	0.601461534654
0.950297324351	-0.870361412906	-0.319031617802	0.455416865555
0.0881432345306	0.955324510338	0.94623086452	1.89128500845
0.33025121785	0.683069105192	-0.738162523925	0.375318167781
-0.272863122477	-0.312796643211	-0.124236593597	0.214100473005
0.580791218665	0.0845926067515	0.835823622798	1.15575471031
-0.104178900047	0.104435270579	0.517291859637	0.321587674976
-0.801168176969	-0.952616083769	0.660001148062	1.21194994547
-0.634892322449	0.739866251402	0.383345985659	0.363931760571
-0.407027503496	-0.124527534473	0.152490612693	0.220621627005
-0.796433789956	-0.964205201244	0.832667120891	1.29270494985
0.047515513877	-0.170592216965	-0.00225185846331	-0.00545883239943
0.36096793741	0.617380921726	0.639034364243	1.15604511324
-0.766895683597	0.159671179533	-0.0331112631057	0.46148729245
-0.771043507989	-0.445709820451	-0.373038873307	1.24359484496
-0.214109171506	0.280479465819	-0.168853022038	-0.0330589510999
-0.501917213816	0.497470476721	0.363757333683	0.315509825899
-0.313653218026	-0.869479974925	-0.175928343982	0.555010487652
-0.758248689089	0.199207050999	0.594813428575	0.896186633042
-0.708772060637	0.034115796683	-0.459490237809	0.673632913534
0.972016311292	-0.270341139742	-0.863245411132	1.66060310014
-0.688503862639	0.20592759392	-0.671735419525	0.645155240181
-0.201725243212	-0.53100617481	0.865417347376	0.437215653404
-0.549658146974	-0.860084312123	-0.685563311313	1.83451573062
0.876515659712	0.373334031181	-0.756789915863	1.38570837306
-0.83237780644	0.0954080076872	-0.87511266865	1.29576673111
-0.631873574216	-0.602252384179	0.982555892495	1.1534810334
0.456822142553	-0.700009787151	0.296341538822	-0.230717170731
-0.155403743406	0.799722428954	-0.485632571283	-0.252661800876
0.700174424568	0.12145849354	-0.0345044932921	0.572286051924
0.11725968105	0.289081926389	-0.417625160837	0.101330376247
0.911859659716	0.768923629155	-0.802256161731	1.55937970749
0.734949137504	0.0541639688686	-0.398307460059	0.717032916794
0.817714868269	-0.961914416588	0.183766800932	-0.26091181264
-0.511256928688	0.736247866715	0.198634886429	0.070672153537
-0.702051791982	-0.161462931221	0.0585786967095	0.600205234458
0.604900987834	-0.153532120338	0.441825815926	0.400409071105
-0.627841130832	0.0833112660012	-0.53367571782	0.582226818212
0.0939374176504	-0.71601546798	0.713050250845	-0.060550754447
-0.997489350731	-0.0279995938962	0.0269444703856	1.02288587181
0.27806847403	0.0858912647195	0.14979314797	0.136509639267
0.255627673012	-0.994082416861	0.798301414257	-0.345061719059
-0.0347830490856	0.30384460511	-0.140781180106	-0.0323150427145
0.698706028829	0.986264120807	0.287111604185	1.54289974908
-0.80273324206	-0.197565648075	-0.385313982587	1.02756484297
-0.901881335078	-0.879451348599	0.1936735723	1.47373366723
-0.914258832663	0.162561354304	-0.0970756028309	0.680888990279
-0.119750707328	0.955264408387	-0.572283822456	-0.319226950327
-0.75740542518	0.0348112241735	0.158791380111	0.578039192773
-0.715451512942	-0.251665133281	0.0177039455276	0.687783031609
-0.598810399396	0.858505545052	-0.946373661449	-0.0723520828527
0.672895735507	-0.633787343474	-0.383071282699	0.415845208473
-0.961428262788	-0.0847307241257	0.823586130221	1.61431788209
0.959753433156	0.402983123223	0.739713943201	2.15316004136
0.629618963397	-0.540162785556	0.852045479239	0.322061545167
0.99442404979	-0.514859220588	0.619235381544	0.541524211445
0.24334318808	0.48579464045	0.0966581455617	0.233729529917
0.206278797301	-0.0772187918473	0.309894670808	0.0987273576203
0.127869805971	0.204336143821	0.747069068669	0.753244516364
-0.694180181385	0.229781644619	0.660239885558	0.910003973715
-0.338373591479	-0.420447565678	0.804815111465	0.566109849443
0.954659543887	0.768687915571	0.672272625185	2.61392842513
-0.103304083799	-0.315887831406	-0.908412460721	1.15547387777
0.453089896271	0.163831963957	-0.74277978021	0.709551793367
-0.504149076222	-0.737787763013	0.528123980383	0.515392838801
-0.416159780689	-0.445420717822	0.283905007928	0.312700032408
0.0807805027109	0.762646479472	-0.275277598461	-0.0660292795087
-0.978834998452	-0.400751803841	-0.200565040164	1.47099098246
0.708333908893	-0.742321105428	0.49495727117	-0.146508812164
-0.68017350972	0.559051267376	-0.691933609702	0.174329899472
-0.982718329071	0.0214733520747	0.923521902526	1.81735687303
0.73816045293	-0.769731020686	-0.428041698966	0.489392525301
0.225029225133	0.332495927252	0.626224129604	0.725833086172
-0.572963871178	-0.83962251959	0.249427780724	0.662150002918
-0.725452766488	0.428253650616	-0.539064317218	0.27533799714
-0.225548195419	-0.138025730762	-0.794148992731	0.822289060664
0.829073338613	-0.220617005408	0.921327799718	1.15003925793
0.389599945386	0.12807229214	0.361361202343	0.378547351501
0.335353956083	-0.0885073526058	-0.272917075875	0.181419883192
0.445848299097	-0.810282543608	-0.355594734533	0.252097433171
-0.714141753813	-0.293809279046	-0.812327836423	1.61836588816
0.171858951583	0.281532795856	0.557611288471	0.545835644446
0.910662011517	0.36809217839	-0.427101461696	1.18971581397
-0.830748046095	-0.0959718046272	0.0212026439212	0.768285401374
0.340935217	0.0388119103774	-0.840837288025	0.803842012746
-0.250114872132	0.642284669779	-0.8127667504	0.0404746678758
-0.039671732773	0.947777976969	0.0989829925464	0.0675853849942
0.412481691447	0.508471363155	0.293607282875	0.615372405618
-0.724338783211	-0.948879204246	0.658405194798	1.02072708431
-0.153685440538	-0.229956593341	0.0637106961788	0.0483685531405
-0.298220582349	0.0820482278124	-0.420968887789	0.207142098737
0.675213365743	0.0253292222263	0.650995452207	0.913300005939
0.472041616405	0.738926199169	-0.309415812614	0.438729899795
-0.92936902188	-0.479132707084	-0.787005934926	2.30547649986
-0.10653865135	-0.432170018611	-0.63199421709	0.729938938166
0.503697366688	0.0145716567704	0.257403722352	0.331058217326
0.361933811072	0.131227969797	-0.326758298691	0.242383080437
0.93655432563	-0.246312477567	0.419508756423	0.719106344095
-0.445905359901	0.64111320112	-0.945346169235	0.200561248269
0.696804339712	0.56422333641	-0.171530634616	0.811330728871
-0.334863563464	-0.680529885866	0.11062149782	0.276974149254
-0.833815351614	0.225423249706	-0.657495690553	0.791372442234
0.462157567526	0.713591227505	-0.854784357665	0.664070882203
0.0943652499201	-0.0911085662633	0.985453210019	0.881642117819
-0.59976844821	0.726871111835	0.704678414378	0.93254988291
-0.141026291191	-0.329718519722	-0.94432800383	1.26950520515
-0.717293665506	-0.819107930835	-0.736883718764	2.24863604585
0.0545418111299	-0.603121506013	-0.950116888807	1.44583750115
-0.468865541478	-0.0209477125434	-0.87568745957	1.0148287326
-0.739064768711	-0.0783483058699	-0.680783232313	1.12092522722
0.61481167365	-0.662911027871	-0.769083052287	1.07175033356
0.204314123219	-0.516169488968	-0.0563819027069	-0.0314349187641
-0.6823843457	0.2062092363	0.0390670105194	0.334516650182
-0.132049007121	-0.396617789928	0.231039158254	0.0315547779616
-0.72876902975	-0.597815808585	-0.361392215603	1.3134242586
0.427303062139	-0.291780194637	0.051525628202	0.0455300688096
-0.217138851152	0.101098889804	0.635035678134	0.492668498443
0.426845994579	-0.0345505634258	-0.00724203906439	0.167752397139
0.803118215964	-0.897624498732	0.00382226726656	-0.0793160682265
0.52023922928	0.257156263267	-0.015899514238	0.400595766771
-0.836174992594	0.966423781049	-0.504670610899	-0.341944034186
0.113689408497	0.796011986377	-0.227438020466	-0.0258919238035
0.566077696379	0.265302264817	-0.267427432661	0.47119398143
-0.547620204021	0.780063717338	0.0474476668429	-0.0880272797207
-0.0446533715062	-0.637442635891	0.91887680716	0.289061219143
-0.444065091616	-0.321449141532	-0.858827938133	1.35359307883
0.124059405905	0.879173073208	0.804271791521	1.47840764263
0.622164399838	-0.596287064095	-0.344537002388	0.340248660703
-0.0301468629826	0.428987879613	0.757350776987	0.886450697865
0.645120453816	-0.320995207164	0.138338058295	0.183831390906
-0.231201079182	-0.0959872349416	0.599400070612	0.377391980569
-0.387522916965	0.681486056715	-0.92766637059	0.114455744887
-0.501621384595	-0.318745127869	-0.973226568151	1.66889456572
0.14724634059	0.538142249268	-0.309469116548	0.0301536893771
-0.433837038167	0.855601369512	-0.359720398738	-0.361355488848
0.735600460135	-0.386701395975	0.816431708401	0.607495765261
0.811571637134	-0.627825670087	-0.163191984187	0.27821075582
0.0888625531887	-0.133876434444	0.620293661112	0.297721473941
0.642729639698	0.221130940899	-0.426137062365	0.642589506085
-0.878223501821	-0.328801635838	-0.427925767618	1.38386099818
0.269453491749	0.392640158409	-0.674130709468	0.368164870794
-0.736660287209	-0.404634862468	0.694900231914	1.0424522853
0.169464962934	-0.134934907402	-0.0119861544972	0.00761265312766
0.848595111201	-0.828474913453	-0.271402489036	0.315583366116
0.00658938292675	0.88678884276	0.965822830285	1.79518146071
-0.260215460654	0.0613856360047	0.245923925583	0.127313368168
-0.509949889654	-0.158997760821	0.84344657571	0.918425789711
-0.806597246925	-0.486707563055	-0.0232203093218	1.05501678209
-0.222322393479	-0.224605572196	-0.0013886740554	0.0996759273877
-0.372999855263	-0.299450754633	0.675735603262	0.505093049349
-0.178004377625	0.776934873712	-0.404713405132	-0.257255268209
-0.200752747332	0.00570566615697	0.777777669858	0.648532080863
-0.0967466950468	-0.708241934364	-0.00860409628372	0.0840478017141
0.0957382398698	-0.109198296336	0.558797574728	0.24994634425
-0.881698947303	-0.49226433101	0.636682880426	1.30337079415
-0.38014439461	0.875182500237	-0.113298530601	-0.274506295221
0.447063189153	0.915010235146	0.596436811077	1.51041554529
-0.548765213817	-0.211522873596	-0.609783264935	0.918038393517
0.580083676137	0.160198580965	0.110366229545	0.459286871062
-0.41279535668	0.0606987777461	0.661407162046	0.622949873221
0.466531424004	-0.897873231923	-0.684250774787	0.881335069519
-0.2531715726	0.120926414601	0.707017450086	0.618851474644
-0.473658338754	0.297055613041	-0.917785287035	0.653345915698
-0.526437739917	-0.631577444508	0.892133472621	0.842073650651
0.32702005176	-0.282154618247	-0.976488222635	1.24372180701
0.377803203656	-0.403644718774	0.814719893616	0.325148115517
-0.428582506617	-0.322283343243	0.235418204287	0.301358333038
0.899939000306	-0.272171518225	-0.0595406657558	0.584702804522
0.985944486038	-0.0860692313885	-0.434461414747	1.11337752638
0.888672922294	0.149381063931	-0.721310093273	1.33502865094
0.483600576276	0.423865391727	0.952144158768	1.74901052099
0.73622182666	0.874430911301	0.386267093633	1.67276385517
-0.518840878487	0.354965391317	0.634754766047	0.713254888666
0.759601682173	-0.264378709796	0.75994350053	0.752773444678
0.856862831035	0.41843938589	0.372397302106	1.38726451704
0.197771876855	-0.937474142862	-0.0996706569029	-0.0429194019663
0.499056862757	-0.143454656173	-0.47046167837	0.466289830735
-0.330608551224	-0.735230053746	0.445830298842	0.223352177815
0.820492699839	-0.601110562101	-0.466010423995	0.677290945673
0.341334329461	-0.535630806031	-0.734717714059	0.867027503192
0.0847780287177	-0.67245721509	0.256644347811	-0.156538305073
-0.628947489362	-0.48833606108	0.592340724403	0.76431888157
-0.450868992978	0.580811812942	0.114513350081	0.021036825432
0.433372467763	0.14468079838	-0.145239238988	0.250593477936
-0.400364886535	0.37796889518	0.638966320673	0.658753921775
0.834562131917	0.927213661656	-0.118397568843	1.37454950321
0.907068206725	-0.554459141752	-0.804777983474	1.41372458494
0.0680083976653	0.189527292655	0.453237593424	0.308839799745
0.491580732942	-0.0662584356473	-0.358726346599	0.361533484936
0.662259003079	-0.949536690846	0.280228460315	-0.377811450025
-0.078607914577	0.525723621706	0.289118599128	0.200439208086
-0.120509740531	0.647006357509	0.3989856988	0.353887900824
-0.767286236407	-0.407878367131	0.433105391795	0.912613586207
-0.640834414234	-0.980236619166	-0.0692435146254	1.11150779911
0.672356376614	-0.476360862459	-0.883906508076	1.33412801527
-0.808033029733	0.705314733509	-0.803281068811	0.161694278636
-0.620327078657	-0.604556764491	0.118043137048	0.702399021314
-0.516183412377	0.182251766561	0.789745703342	0.940000801952
0.487648900752	-0.374481579442	0.621801401276	0.208969731618
-0.90084757991	-0.428395184988	0.422960524233	1.19514648091
-0.855193722215	0.622710423002	-0.720311776106	0.269121662011
-0.986383129311	-0.999068420408	-0.334497835189	2.40449093829
0.93758771734	0.815182329072	-0.131176195225	1.55365034469
0.438419523782	-0.362890434022	-0.440724624535	0.387286372517
-0.49086068594	0.222980748919	0.953969620029	1.25426662589
-0.213542792383	0.224366640657	-0.838737934664	0.512985155467
0.517868710412	0.102023233968	-0.968425277148	1.16006828062
-0.390312126175	0.355518883164	-0.416962681262	0.039199995458
0.354003371757	0.94131959922	0.288486496532	0.813331151217
0.0955496128079	0.604547481125	0.498806199788	0.617253662852
0.491847685232	0.0896490580972	0.509971927491	0.59179769696
0.0939579584682	0.058898344755	-0.100567461076	0.0185526234235
-0.216234348066	-0.351722545694	0.273507329489	0.101419353742
0.591541720737	-0.884166032483	0.813742997843	-0.230405740224
-0.429530122085	-0.617715272028	-0.0502898168246	0.483417295542
0.867868144518	0.241794649452	-0.196794773006	0.954185249573
-0.271902896622	-0.351803214726	0.634462366836	0.348924092972
0.499347532105	-0.81912578113	0.110482070104	-0.237972903632
-0.660421764671	0.86861341317	-0.155639292433	-0.248461083566
0.123838717638	-0.894549088385	-0.028700676855	-0.0689458908153
0.314988292372	0.660155833667	0.514098890259	0.91084203353
0.838124085523	-0.699392150419	0.706821030575	0.121525464969
0.482825519031	-0.0166422642027	0.481142535375	0.44857601013
-0.897545791981	0.806129143975	-0.722045972779	0.0213387125943
-0.100994869188	0.911100582008	-0.944928368848	-0.0498516850546
0.0890300166302	0.765701436699	0.338506244908	0.449877951404
0.0232295614022	-0.0759373251589	-0.815708930839	0.726099435931
-0.414720022143	-0.660362198372	-0.826932926832	1.67575143324
0.367345447573	-0.439902078584	0.342558179916	-0.0599992968468
0.281443415805	0.552582400667	-0.215812269774	0.162051948317
-0.795964922557	0.145848673902	-0.882359361873	1.16733683016
0.289523692387	-0.480272820488	0.849929146186	0.258955293395
-0.399727209162	-0.517979367569	-0.235611165767	0.544386632817
-0.908215276554	0.693700665436	0.633227253095	1.03507236777
0.243185576805	-0.476308453289	0.211850593829	-0.112717675754
0.0455077956609	0.137337580713	-0.375927634847	0.0980134847741
