0.168002856606	0.799865898307	0.765687834654	1.36133016347
0.500952276688	0.031239718409	0.790517398141	0.916216089258
0.909282996226	-0.870878669516	-0.552009795745	0.820368772334
0.470354028184	-0.808426754723	0.752471337263	-0.20111871655
-0.245529181823	0.646494586547	-0.608560709545	-0.121533774865
0.0626185862273	0.269845363621	-0.865653250377	0.536581456282
0.957378629698	0.522136717083	0.236010498822	1.59538707792
-0.974582205365	0.158846884527	-0.340494546381	0.856851166201
-0.621453299235	-0.918425005993	0.489469054383	0.747001789199
0.213215881226	0.709787315605	0.550567075635	0.890708571436
-0.883731279176	0.0235613285934	-0.873894822214	1.50326112797
-0.736294776848	0.621900545434	-0.0327321951904	0.0649431016517
-0.573155941986	-0.740866088225	-0.07089633293	0.810690513387
-0.323181587323	-0.70786939193	-0.960700807612	1.93621343034
0.34124875088	-0.661807833946	0.473442956465	-0.198570411168
-0.275198504011	0.224778258021	0.320146286534	0.188331145649
-0.00133512396703	-0.185944361054	-0.797315682769	0.784218694508
0.260142030009	0.0195905957092	0.0399422333262	0.075148087262
0.617402245744	-0.556183676823	-0.748414440346	1.01417655167
0.986985615452	-0.881419244503	-0.305749119764	0.467168171989
-0.476648862618	0.111290950359	-0.598069783174	0.465275144322
0.683080647013	0.303145016582	-0.012996313498	0.669900800882
0.289692474963	-0.0792587531182	-0.880578260025	0.906172672638
-0.894505752752	-0.462458108568	-0.533349867681	1.7449260326
-0.664155378057	-0.270227875585	-0.701426343842	1.30211952968
-0.73035530351	0.1389226675	-0.461329951302	0.580692098915
0.343291640309	-0.450394094796	-0.0285556759421	-0.0230906428363
0.0561111195505	-0.534157058963	-0.709084268479	0.854739174355
-0.217743997327	0.975814451262	-0.32628722436	-0.376997726907
-0.460575953382	0.636448879971	-0.628650497673	-0.0859052977503
0.861942874425	0.601078614028	-0.998922561071	1.65845624159
-0.936779975971	-0.171890449052	0.508265955216	1.20954847206
-0.298565903949	-0.773132070966	0.972083928213	0.51337037756
-0.699053163007	0.644419817162	-0.107548071103	-0.0195479074997
0.248405240626	0.371587174536	-0.781915531121	0.474851479948
-0.217938206136	-0.408703344907	-0.0705763742827	0.170394960372
0.35217931556	0.935890282985	-0.258717075383	0.27843519781
0.948281868207	0.274438203966	-0.756513138944	1.5241792966
0.0683829431483	-0.492917962958	-0.0489891609806	-0.0024833787929
-0.134928604188	-0.413543530719	-0.627076070793	0.726552230506
-0.324400250013	0.592464128019	0.998311378212	1.50112929901
-0.391039277541	-0.958046376789	0.381263021915	0.307639314741
0.515718607522	-0.498564346381	0.766536659187	0.214257373081
0.058509870623	0.00381797637176	-0.576350475474	0.333626172346
-0.439342687287	-0.844877706308	0.863313741978	0.580128921732
0.500785558197	-0.0162364523821	0.748925028063	0.791384006533
-0.428360129731	-0.667375516801	-0.244383566661	0.692188400451
0.701512959924	0.402272463038	-0.697473645618	0.980214824188
0.622683762344	-0.09183364677	-0.0834792847435	0.345186745335
0.856381197184	-0.37936580368	-0.400288628402	0.72059381701
-0.68180340065	0.776493172927	0.868014203048	1.36289595062
0.787904613905	-0.397605186363	0.861913503132	0.707712327604
-0.326380013806	-0.900150583032	-0.670242872556	1.45286009385
0.0844346680885	-0.554905414254	0.379726381761	-0.106244141467
-0.37334436951	0.13911427615	0.73604756804	0.731609233583
-0.361995050006	-0.958391962081	0.0649038658787	0.419982730908
0.420343328183	-0.465693684964	-0.512465935587	0.482210765195
-0.45054252046	-0.342861440357	0.754008392083	0.667470472229
0.968587158534	-0.988040390828	0.763278368665	-0.190398140606
0.913620754924	-0.889662571938	-0.162968605519	0.193434528341
-0.642368765544	-0.0608186576932	0.442090919392	0.620262641724
0.842508490862	0.556043089435	0.158308723631	1.29137970506
-0.56074304639	-0.990935170894	-0.271888137503	1.21343944789
0.814243115368	0.180281001742	-0.33955691503	0.863867653179
0.908818226295	-0.899397413477	0.36144144643	-0.18587777645
0.956126826078	-0.0966347244657	-0.522220108011	1.14496189261
0.560468591791	-0.35921827026	0.220301305231	0.082190895591
0.165659861041	0.255056205241	-0.795783762707	0.499997975357
0.257241226368	-0.650069700423	-0.400019179687	0.319004014002
0.494768403361	-0.223430896436	0.647883901246	0.409245493725
0.9318271259	-0.440751819065	0.271308036323	0.411625831807
0.57276860612	-0.403122914848	-0.214152161425	0.229358517902
-0.936810375557	0.971056917422	0.866070778355	1.55900009767
-0.887185264804	0.75060669645	-0.315796947922	-0.01614109818
-0.226104718178	0.869066856176	-0.0605608846155	-0.194340609866
-0.552544215917	-0.0705046960235	0.219048490385	0.376800366436
-0.318225762215	0.0560481391591	0.541921724544	0.407484533696
0.83732767674	-0.474158263624	-0.181764096752	0.423314936321
0.789020762351	-0.872925930802	0.152152020244	-0.175870126607
-0.00729442027167	0.50781115415	0.915714016642	1.29989097253
0.773111897243	0.340218109931	0.558710529998	1.36296957095
0.0607752364835	0.250372542906	0.0220402107087	0.0249141143631
-0.767163395998	-0.527784162684	0.985126460468	1.4439763658
0.151395497384	0.647413327501	-0.924161349234	0.376695884521
0.219615659847	-0.606028716416	0.989995157874	0.295262559438
0.603527331945	-0.0176104814052	0.257673619912	0.415474771454
-0.423762541018	0.362519299178	0.0812241362902	0.0619952690626
0.326725402631	0.00279613465303	0.892091135105	0.905984057214
-0.0742169980951	-0.267385066493	0.471096698038	0.12132055675
-0.0926661379473	-0.44259684125	-0.465934491096	0.472916837049
-0.544075566928	-0.205641757853	-0.247835056327	0.520290330302
-0.773158999305	-0.348154724828	0.384088211343	0.880755425419
0.0829701732436	0.22371876776	0.716135940149	0.698509769419
0.787118532687	-0.317662770763	-0.948332571491	1.5701019489
-0.889889043666	-0.835351296408	-0.295628023502	1.86962165729
0.362169713458	-0.10812423967	-0.867403643555	0.938184016746
0.305433209894	0.521808508893	0.914760458862	1.56678358166
-0.933772467887	-0.186581212486	0.898822707034	1.68633424922
-0.0945901013184	0.990853141371	-0.10039342626	-0.174173913513
-0.864350733508	-0.620847412586	-0.414858085762	1.71340290744
0.262841639319	-0.803641510003	0.572641849555	-0.27442479736
0.977797650801	-0.31592624578	-0.671919831574	1.31092967488
0.0737338241666	0.720494325777	-0.0913267380747	0.00110165526895
0.398486911049	-0.896841826988	0.83677909396	-0.248847150382
0.572704815966	0.929893852376	-0.0787332203217	0.793530876252
0.842835190444	-0.484387802529	-0.837045020271	1.4082108364
0.969515046109	-0.825455635343	-0.168932538828	0.307652285114
-0.827647375669	-0.24681787176	0.0923027225193	0.875016173337
-0.806777954047	-0.26303805767	0.172407414431	0.84747857827
-0.52088139269	0.27198257586	-0.32466030428	0.146749129686
-0.930341966986	0.163405665205	0.560481818681	1.11923880104
0.0680831883069	-0.0367089723348	-0.293988385771	0.0993572391424
0.164960015218	-0.702093388553	0.491579458797	-0.192089853098
0.358066844871	0.442038068252	-0.814269255798	0.589587453876
0.0557122194843	0.286257634325	-0.110398716195	-0.000362699240611
0.221107807741	-0.966029808595	0.296095204359	-0.363072494095
-0.588034533201	-0.859008075102	-0.472512184655	1.48007057155
-0.763659894935	-0.652281030668	0.607143583113	1.05389238684
-0.808485767332	-0.408499845165	-0.251513782608	1.14991807085
-0.104327123851	0.600756268512	-0.400988014803	-0.131895700333
-0.832317328346	-0.781215887122	-0.830584336716	2.68170767493
0.896146046808	-0.230678279672	-0.909751483813	1.63386397831
0.139051600949	0.917989751523	-0.506255269968	-0.0614594587842
0.620758721688	0.705343840892	-0.113627075102	0.755954686189
0.438065174703	-0.240958424041	-0.804082275649	0.926644307116
-0.360390245046	-0.835157695869	-0.868952060448	1.91165349937
-0.275755914103	0.000618936571258	-0.311858448363	0.172933319959
0.951222924601	0.845579745741	0.906699555538	3.29795075466
0.637045473492	0.602878624958	-0.611106460524	0.794916117862
-0.130636278352	0.208402165554	0.616520525823	0.498422725364
0.964901757367	-0.916947376819	0.454919697723	-0.16391422605
0.507632860864	0.089273446116	-0.216093743188	0.330414328986
0.760860347628	-0.882894259148	-0.828422157814	1.3248416745
0.561665240432	-0.780986870808	-0.0517776000206	-0.0800667905751
-0.203379039405	0.158650403569	-0.7978278205	0.519050392453
-0.426690119195	0.299675587945	-0.940726249736	0.657249030436
-0.874252645046	0.40489801929	-0.143209706516	0.372858216561
-0.562260205215	0.332998437584	-0.396114829984	0.15390610756
-0.703478175185	-0.50408901082	-0.838639469343	1.9755622605
-0.576104382524	0.409717743569	-0.391380648456	0.0886792877185
-0.74640299755	0.774028136286	0.0694238607736	0.0379362076523
0.995499924632	-0.729441499764	0.303506619611	0.135587086255
0.0762917355696	0.393465461826	-0.680147513306	0.230824676309
-0.718176016068	0.880335326481	-0.927381412866	-0.0728292614588
0.941748696637	0.0722491271143	-0.595257633333	1.26625593454
0.745653195636	0.0738804825628	-0.663646805793	1.00248444266
0.654256762562	-0.984765557854	-0.447391304898	0.42449691324
-0.965952011841	-0.985770241156	-0.0450083011792	1.93166362792
-0.586492887472	-0.883734466759	-0.681735189943	1.92951363999
0.136929713025	-0.585369852182	0.0938504970072	-0.107534115336
0.583796520444	-0.617552232626	0.373060326891	-0.110916697592
-0.420527673271	-0.893752036843	-0.135695104741	0.692381926223
-0.405313076065	-0.461539513181	-0.460453810934	0.775882029187
0.972263299658	0.838611072667	-0.343655311013	1.59055251629
0.366371204	0.0659110972691	0.558141645675	0.506685612119
-0.508193009446	0.638866710681	-0.146499487825	-0.138539007456
-0.794016351545	-0.100725120842	0.608389239381	1.01929674642
-0.694063323335	-0.177812549637	-0.444367324702	0.881613472174
-0.743252094605	-0.601599823387	0.610238364952	1.00483557446
0.392239649483	-0.207837262757	-0.782141036875	0.84663258129
0.546794192177	0.092843722874	-0.166026578965	0.361900596282
0.405028996346	-0.610513002143	-0.117051552119	0.00193557970958
0.849817980522	-0.40522664737	-0.0753691548416	0.41404380833
0.169804445879	-0.329222874611	-0.79592755606	0.86846827453
0.324020333721	-0.562693398646	0.175853501123	-0.145362076501
-0.925474516064	-0.173787848921	-0.889654796461	1.96343615549
0.656306909972	0.215292982612	-0.237393310579	0.577283502255
-0.266831473509	-0.0620501394614	-0.113207158208	0.107596346023
-0.634321405576	-0.625604568109	0.778623987113	0.918342604681
0.311710047376	0.765360574465	-0.145037468736	0.245763641508
0.773378906028	-0.50935580866	0.621169327978	0.273645022862
0.687418578139	-0.0356981671232	-0.964100882616	1.41191186458
0.717100472088	-0.0319660193538	0.341793656818	0.597207360692
0.0555053815975	0.7708590635	-0.561280231514	-0.0717647814737
0.790308538347	-0.575131540117	-0.397871419919	0.557186288252
-0.812205774315	0.344242744158	-0.638703305309	0.568155208949
0.84394831221	0.453579491057	0.571533683149	1.68093310771
0.479196313745	-0.343444394402	-0.355592890701	0.31362450825
-0.123318043065	-0.0147830733283	0.490513047951	0.250382119273
0.9518105648	0.76826863972	0.554996810135	2.37159766278
0.0549547488003	0.489099783098	-0.373971733299	-0.0131562562006
0.406190094472	-0.0833210739692	0.430381045182	0.280514231091
-0.149452870851	-0.557117365502	-0.88212421529	1.37518880035
-0.188573144751	-0.641028064464	0.688563925393	0.18917198791
0.985169137281	0.401436370509	-0.498475097709	1.41441234088
0.968796559205	0.681861008155	0.599342109669	2.36703035124
0.176741099586	0.0699459855292	-0.0151858242063	0.0427681684934
-0.700824992704	-0.215026664331	0.745069916379	1.03677101234
0.905743365024	0.558874641413	-0.21048912074	1.2532366797
-0.218276639815	-0.44011240993	-0.369936890558	0.44337806889
0.375280109155	-0.199555704781	-0.398511325543	0.304282358673
-0.277794979791	0.644018045399	-0.415881466941	-0.196612704022
-0.760322159576	-0.796559437571	0.424992205986	1.02581840072
0.19117122403	-0.961855592813	-0.0414745119408	-0.105720047711
-0.813022109455	-0.707734862814	-0.35684017017	1.61629217749
-0.654796301676	0.702548754896	-0.460123421607	-0.142813703601
-0.683144273478	0.64402961979	-0.063867005537	-0.010332297221
-0.368075609023	-0.354232882587	-0.915863659281	1.42909940443
0.33229484461	0.67342116369	0.713601038608	1.32397472883
-0.623178783695	0.908351336818	-0.994648977885	-0.0918776243178
0.503782965187	-0.793186707608	0.360713498096	-0.301795599729
0.331620051561	0.71718677662	-0.188877132822	0.248019763677
0.00182194794231	-0.0873835870995	-0.201842184038	0.0582220724743
0.416357707254	-0.680761557918	0.717712115361	-0.083566718306
-0.420167751289	-0.710681025233	-0.717872190837	1.50066481443
0.608283308333	0.315693993572	-0.732903670173	0.867814473241
-0.36230146251	0.804991268229	0.619020288878	0.721104881396
0.251111936678	0.670088409511	0.748772767	1.29372901212
0.674757223126	0.117751657444	-0.613807442125	0.839233823902
-0.223755835494	0.355752164033	-0.924973025891	0.496978994219
0.459639169463	-0.078120263387	0.560002704818	0.445216503729
0.22602996835	0.0895098162507	0.195283201659	0.126936739874
0.828170635483	0.892817651659	0.199533163181	1.64323217681
0.154975570726	0.377750685293	-0.0500447828529	0.0661595848398
0.947761482393	0.456924207115	-0.511793393134	1.35938867828
-0.634687099462	0.945548697004	-0.743099244232	-0.347739881028
-0.617661039768	0.466312000927	0.176551444236	0.206980874389
0.245852709278	-0.256521297077	0.428543519984	0.0710961077056
-0.898357310806	-0.208895674348	-0.400876756703	1.23915240861
0.622826518535	0.200810106141	-0.549883896689	0.704932787664
0.654243307551	-0.783860058935	-0.358297152758	0.324430784812
0.199602688063	-0.350763940054	-0.544218574227	0.456893915652
0.980411815976	0.162197186916	0.297463832324	1.25695989583
0.595758902645	-0.52404712919	-0.422538214736	0.442691408777
-0.96750651842	0.340444851157	0.844884229688	1.60815209792
0.485690126816	0.817668929939	-0.611307939555	0.506878513727
0.0215230891597	-0.723549654503	-0.0580575491967	0.0302684183229
-0.350396613739	0.445418560974	-0.922096893237	0.406248240711
-0.106048912384	-0.457059398139	-0.785639238569	1.0360298346
-0.0932417384107	-0.156178438627	0.600333405707	0.28989743495
-0.502052031454	-0.0909779060859	-0.362007185837	0.461715743208
0.147604035524	-0.0754052027991	-0.488645313881	0.286277480838
-0.0555681527921	-0.242267029833	-0.755666955642	0.770655887671
0.641092960882	-0.499490050391	0.0208299131701	0.0808101800601
-0.625967064732	0.641482695637	-0.0454595491561	-0.0368072174611
0.539745196746	0.659608199782	-0.381124742325	0.541208299012
0.613802956717	0.966553649614	0.632647783436	1.98175879952
0.0921027618012	-0.525965455322	0.180076757407	-0.10224646746
-0.51732518738	-0.399944756984	-0.0171622686758	0.481685348688
0.414372244048	-0.726451303651	-0.593506913723	0.654087427589
0.790543384709	0.735743922199	-0.526478737091	1.09642266327
0.408994965314	-0.440818924799	-0.0189632448569	-0.00429687734165
-0.129256326226	-0.729834708291	0.00371320891061	0.108346710194
0.00575895912295	-0.382403359834	-0.816074539102	0.97587821929
-0.963785942523	0.651577446424	0.800334834809	1.46291813543
0.526769846304	-0.515190061904	-0.668532018126	0.797455992312
0.178317801443	0.523485430251	-0.96274560918	0.548039817873
0.932235847247	-0.797327387209	0.571660480462	-0.00323834979146
0.2635813077	0.602028134735	-0.82618919565	0.413357915407
0.932812231721	-0.358331280993	0.345269865029	0.531373144402
0.179122107061	-0.150339676262	-0.372460235633	0.199877748024
0.535519223593	0.960999932121	0.315797602673	1.20462437695
0.684201675668	0.178218012554	-0.730200577029	0.9931269829
0.0112868292784	-0.852772567528	0.916532682673	0.0489405235131
-0.863720245362	-0.620731415233	0.200909523297	1.19780473634
-0.272492790205	0.184103103975	-0.943987795389	0.741407426823
0.483749242446	-0.647045314075	0.490806262837	-0.155677455792
-0.103849238152	-0.416897389656	-0.180455747221	0.161874947238
-0.827266579946	0.941701770381	0.701994621759	1.05919761847
-0.0869120585709	-0.450998223884	0.383120727178	0.0207456140775
-0.657360615171	0.0788905154266	0.884558161816	1.23248985157
-0.895029207242	0.510263347914	0.258458155586	0.543059024002
-0.237990114731	-0.410832626032	0.608222506419	0.274470366306
-0.05753872847	0.657334606288	-0.643287733175	-0.043547673314
-0.413482624687	-0.882452723652	-0.561641566687	1.34691012893
0.778335708944	-0.630534994067	0.388536917531	0.0210133874911
-0.79844318425	0.355566316873	0.9620561609	1.6212388387
0.0916676404704	-0.185787526524	0.428773255331	0.0955580340636
0.806814454253	-0.465160653619	0.455415178119	0.271212987241
0.913521264333	0.211909744008	0.381637159765	1.2546247122
-0.0867799896584	0.329255043814	-0.128412694386	-0.0468326899289
0.341013472564	0.125697689309	0.859085098903	1.005167013
-0.841415212044	0.582738148802	0.752625296232	1.22268312441
-0.72489525585	-0.0433403710838	-0.506809663418	0.835711715155
-0.695586884795	0.83872865696	0.78782014489	1.18186037336
-0.915769547318	-0.023615342799	0.147597101768	0.878559423876
-0.0635243025753	0.175646271954	0.442814218849	0.266740629216
0.0924123582187	-0.346094119745	0.344336022341	-0.0240487060865
-0.0961117408541	-0.554341094173	-0.438444356493	0.497797332371
-0.707760704548	-0.761690455541	0.933020891494	1.19987466446
0.342916230581	0.0256941520573	-0.0402309857106	0.126987314114
0.567888527346	-0.560453097641	0.996128550538	0.438211252626
-0.452379335454	0.978674336065	0.155836675216	-0.061286558635
-0.0573357748983	-0.461804402735	0.236782603512	-0.0235159431014
0.999544918612	0.302920905325	0.30797294941	1.4900118782
0.149204804543	0.66284049029	-0.490328164894	0.0365734075627
-0.799084705592	-0.851121013371	0.908522207332	1.37080441054
0.268764965751	-0.836289468693	0.14192858891	-0.251080363458
-0.751588103387	-0.430500807757	0.585018795369	0.978839889737
0.850324025869	0.276819572867	0.336886011312	1.16518610898
0.556392561473	0.568636879901	-0.586947085257	0.636705134282
0.353934047875	0.300115444368	-0.560501345348	0.377437032109
0.593191476185	0.0973941849681	-0.592514340809	0.70301532053
0.787409653426	-0.107293907285	-0.556352795143	0.904751401842
-0.96114479839	0.84061560822	0.385500788396	0.588514841747
0.281701498075	0.437861938025	0.337475576749	0.464359572883
0.868358097039	0.346797794091	-0.764884177667	1.37497811692
0.674521958587	0.414456049546	-0.413652648674	0.734207250006
0.285912655817	-0.832784385562	-0.459986182141	0.438299049178
0.691751659334	-0.743995982758	-0.575847701159	0.723888853853
0.398499401971	-0.533047080303	-0.700997272175	0.811444555479
-0.547372748329	0.272509510509	-0.697824402317	0.447247756072
-0.995979727303	0.904510801125	0.802350824253	1.46060302816
0.277391833328	-0.416281451668	-0.864466115762	1.06863602903
0.955187965506	-0.314864032297	-0.120126959247	0.663883860141
-0.286457732643	0.196617863923	-0.212997061586	0.0292240460683
-0.461528810096	-0.353828838214	-0.205575512377	0.491310881226
0.115882647112	-0.844162739012	-0.264114293464	0.208316780507
-0.030001795072	0.0131961036876	0.687272299594	0.481916731225
0.258468470673	-0.717168537107	-0.524984908683	0.533552308639
-0.431574242811	0.0508121307561	0.335533124751	0.293958751014
0.614068986586	0.429637420508	-0.421349316904	0.637415548906
-0.257673863921	-0.0480819822427	0.750276060203	0.605624696607
-0.381718735463	0.279723052345	-0.185056706982	0.0214150210477
0.50862745374	-0.397827431238	-0.166139020009	0.150052766848
0.860550259183	-0.495879355794	-0.540844144233	0.874523474605
-0.689703930874	-0.979031469025	-0.909508287199	2.86857592389
0.103394923624	-0.148630928854	-0.556124254656	0.387254277838
0.11073690959	-0.621552728054	-0.662651502617	0.794413698014
0.698099786119	-0.0112104446015	-0.259011303771	0.549507789754
0.409943526661	0.02190009044	-0.471853165758	0.389343278392
-0.181106681742	-0.409162225069	0.702154658164	0.312627644753
0.259554312159	0.729000391583	0.00277015012246	0.258610750417
-0.41517914437	-0.205693565392	-0.189333617382	0.33256532588
-0.97795889553	-0.196614186163	-0.514675635646	1.51476773486
0.0475702986404	-0.659185685577	0.572192178223	-0.0788717310739
-0.653855369293	-0.651277923907	0.0628865941811	0.81636648463
0.980910439634	-0.34481149286	-0.797647074703	1.53523483192
-0.00108510307654	-0.714820217944	0.0904072454408	-0.0556746257952
-0.0994338580207	-0.210081858423	-0.199386169027	0.112418603137
-0.6928352463	0.49416773711	0.997612899038	1.62586345782
-0.226634539739	-0.637435875558	-0.840419225438	1.43784604016
0.158225611759	-0.0218755709346	0.387315955267	0.163114960174
0.724742715149	-0.562977708259	-0.290009876103	0.364612833967
-0.283100128771	-0.830708067582	-0.232812783306	0.562920493213
-0.631405677786	0.766539647706	0.821053423979	1.21817437152
-0.673142348349	-0.0827302179239	-0.432846207995	0.731975135204
-0.664855308131	-0.443722834263	-0.216181373719	0.879703060653
-0.656240263364	0.318818090589	0.769233564892	1.05839586926
-0.626290778049	-0.333780861359	0.509737807107	0.690975921699
0.829457065906	-0.766824083451	-0.962576797598	1.7166325317
0.189931265547	0.296291125096	0.936562773323	1.2469939002
0.955384295431	-0.204287637776	-0.405625293335	0.964982062665
-0.394348688839	0.0304947696047	0.829734012463	0.85724639496
-0.0566976737386	-0.0226002705199	-0.645245593344	0.435420609663
0.0834878999668	-0.452445956866	0.812248299909	0.261445308093
0.73521735553	0.835558141294	0.848163380027	2.58293234345
0.11513460629	0.48127177066	-0.958155756319	0.525596149355
0.128766040556	-0.937314014611	-0.918394754452	1.60015967808
0.109688623327	0.373564708836	0.549724221216	0.560561680754
-0.0261912315693	-0.629918325165	0.0663149759794	-0.0201910252279
0.227658836342	-0.489993405181	-0.168284425817	0.0510551241436
-0.0830477310226	0.00901937260074	-0.991067913409	0.979424685404
0.125503110102	0.417964746827	0.382554225635	0.374448821901
-0.459194364349	-0.111010855342	-0.237299341322	0.344488803648
0.0210139929982	-0.103558931487	0.910263981772	0.732579952429
0.322991514305	0.0321347779168	-0.328895091895	0.212305789631
-0.889064565081	-0.445739290006	0.21020452356	1.13721633553
0.16252607702	0.123731077611	-0.0300024961315	0.0437121609577
0.442154893901	0.374827385595	-0.0434151917494	0.346844389166
-0.193879016336	-0.690036700273	0.907283931053	0.368477631212
0.990898453253	-0.745454977761	-0.324248393308	0.590059159611
-0.646812226187	-0.722316856208	-0.488305297883	1.4767226413
-0.469867552978	0.496493758276	0.0898553558052	0.0401758183435
-0.296378254941	0.114702216489	0.792658013508	0.773071184687
0.0074327191938	-0.481063619683	-0.642047662203	0.717570607444
0.109975459389	-0.797546521967	0.0983460911321	-0.14437957276
-0.765427491207	0.165707938054	0.369465635475	0.656770077431
-0.515738454965	0.453422288609	-0.0086969084813	0.0282711074252
0.319486774839	0.761134260328	-0.237202362999	0.220966245251
0.389675308492	-0.481349126871	-0.137825579926	0.0496150895824
0.693644480208	0.737845833838	-0.354312583779	0.857054698015
0.365225461158	0.176131332476	-0.377621732484	0.273804438536
-0.888381658749	-0.657729351656	-0.709027956235	2.34260580472
-0.210792926502	-0.526629791131	-0.8285070776	1.27818397958
-0.357779487752	-0.199392466004	-0.394184639259	0.433323673315
-0.978140684146	0.554518031043	0.236155726989	0.601084687865
0.451211086156	-0.308404735917	0.132653017687	0.0411218126145
-0.492571092232	0.749328488988	-0.476356922179	-0.256503166766
0.162641225574	0.334413415619	-0.763404365372	0.408335139768
-0.361031801144	0.00894589637723	-0.693071288621	0.601261875537
-0.53247670414	-0.264017967229	-0.369568585321	0.65826854338
0.556053988222	-0.720449006027	-0.553874772149	0.614403286986
-0.495624151688	-0.753763666692	0.593394678455	0.524064673404
0.751177364005	-0.0465887134946	-0.159382475333	0.562099243122
-0.0259777402493	0.399308893585	0.0225610579422	-0.000180467307866
-0.0319968559558	-0.297591976585	0.200408772796	-0.00893056020832
-0.810948569197	-0.338770319301	-0.660021089812	1.59158628194
-0.599874336234	0.300801090799	-0.743086846667	0.508063092244
-0.578487248245	-0.571540899764	0.989818494406	1.07929551772
0.27423286667	0.254109773274	0.70014907698	0.813012369941
0.438806876703	0.869423743403	-0.718435793846	0.465585445014
-0.365287728861	0.875068626997	-0.284047641503	-0.354094823505
-0.789348491542	-0.0680704546183	-0.978790231877	1.70145936585
-0.573346268211	0.566269237592	-0.76742045396	0.158425146875
0.959284619886	-0.117089125493	-0.519754370688	1.13890737529
0.738848192288	0.880198914058	0.446432743232	1.78848183777
-0.834393580228	0.35748478957	0.359920430525	0.656138428956
-0.429826565975	-0.0387087966292	0.864190529997	0.914762442609
0.232206953497	0.88884209859	0.672406707686	1.31010955481
0.768482242623	0.573491169111	0.135727107786	1.1275428825
0.357238858189	0.37857548796	-0.232892646447	0.228933014356
-0.383022772781	-0.810215300259	-0.258029665433	0.732676246422
0.27322557791	-0.797803435365	-0.913022388854	1.41869419268
-0.709535821278	0.691495975873	0.170357919938	0.159623553505
0.773048067818	0.647102947269	-0.920309651365	1.34927976482
0.758614758826	-0.718486476536	-0.315381895943	0.356505274659
0.374781672075	0.548157724328	-0.976427792363	0.764075567275
-0.387786547732	0.316273631775	-0.0729270446986	0.00998519936395
0.173637803503	0.0698675155296	-0.666888132007	0.44042769243
-0.226623584115	-0.926254836046	-0.54825429487	1.06967540348
0.807618498475	-0.284238250268	0.882032029831	0.949964830998
0.0181335549513	0.546764688255	-0.435140489904	-0.0383285950205
0.709877942313	0.969553926953	0.525128135213	1.97709124365
-0.976423961847	0.952529284562	-0.488306637191	-0.203351664384
0.293231691989	-0.626530038068	-0.626753338465	0.687765902327
0.235078792834	0.108790818671	-0.845484271569	0.703699180557
0.746231529453	-0.786446991894	-0.867899668249	1.40579687146
-0.517726252094	0.987961423042	-0.492199006331	-0.487466861539
0.590518084266	-0.314421661413	0.983737901123	0.821471683534
0.756491089999	-0.370174804629	-0.404936236299	0.606115375431
-0.295972716207	0.599558348758	0.391451902372	0.298079783808
0.201632478401	-0.0620803445707	-0.478691924741	0.287001561054
-0.478711490177	0.680145719059	-0.261931216972	-0.205972313368
-0.617726020601	-0.571973147383	-0.0317548587722	0.754079430324
-0.406651692204	0.783665323595	-0.314590475642	-0.300879710718
-0.0367998212956	-0.517732804376	0.0766552212305	-0.0134041981886
-0.504303974134	-0.15994275603	0.314873969928	0.383766072214
-0.33271928215	0.0138558625238	0.740611497345	0.664859209173
-0.449426878594	0.986162174076	-0.534353042374	-0.482648852577
-0.454769726956	-0.724723909371	0.0446384030761	0.506040067983
-0.414350671054	-0.14193011902	-0.0294787760773	0.235548243097
0.985856316975	-0.684134189894	-0.311386744289	0.607446687521
0.673972828294	-0.368784284514	0.155348058333	0.172531882699
0.593073841511	0.201972166548	-0.986177770383	1.24488712409
0.311287206873	0.245996770178	-0.96500887925	0.867328442194
-0.378122760471	-0.907284289394	-0.0212538382826	0.505776661229
0.639116216479	0.979602251088	0.19769352182	1.26729297011
-0.369500991665	-0.108435841489	0.194508304006	0.19333994251
-0.010966314685	-0.628445067851	-0.37411368586	0.382082937077
-0.0061879315597	-0.141481559297	-0.753723235703	0.675650423406
-0.200129026964	0.478232300146	-0.30646296647	-0.108297477004
0.0843748439982	-0.024179890349	-0.328203107035	0.120732134431
-0.885671691411	0.21039541415	-0.236974779626	0.604371721929
0.194288170945	0.953524937835	-0.780029083435	0.0876746972038
0.605669594717	-0.97914329081	0.862342827737	-0.326923703758
0.650868987906	0.325275903416	-0.991966729236	1.29667755537
0.272951919021	-0.588225116489	-0.809458061778	1.0453114922
0.280456813484	0.520794136473	-0.849475110318	0.503922594742
-0.53000541208	-0.959885516793	0.177274077084	0.650913535022
0.345028740188	0.977582846967	-0.0637156320824	0.398111382439
0.571761483884	-0.481728217396	0.132821497413	0.0051352410405
0.282831508561	-0.24732244318	0.918612784335	0.626698971914
0.727372958927	-0.475432252005	0.482659692697	0.186743251771
-0.930521352052	0.762037642687	-0.539255741628	0.0366412697609
-0.800486737131	-0.881406734293	0.365295457624	1.15780031215
-0.938259430405	0.580772910498	0.575513867404	1.00087417392
0.391655309029	-0.715506972065	-0.0757706814695	-0.0668825761261
-0.385729637207	-0.6790320113	-0.8524984417	1.71633744899
0.632196619182	0.849884080311	-0.684925155203	0.823981890193
0.00754352226208	0.398400090789	0.668563958557	0.716395953151
0.371194110566	0.246429206053	0.666009191777	0.836950497563
0.492793284179	0.308118561004	-0.955797055758	1.01373317689
0.556028030745	-0.570429781347	0.0528179435162	-0.0353469698407
-0.247346696981	-0.151331568399	-0.0570908161366	0.110510756134
0.349968356225	-0.729596196801	-0.832489989606	1.16756338174
-0.628701326848	-0.438265947515	-0.292468124609	0.884520164758
0.063643904139	0.412947943327	-0.57181791511	0.121176861892
0.968459972825	-0.805935464903	-0.200027012678	0.358618149783
-0.973567820264	-0.5654293702	0.664233901604	1.5639474595
-0.888836518015	-0.532152245666	0.24685327607	1.19259971955
0.966491102727	0.651074023513	-0.31082502672	1.45760439907
-0.236244073751	0.956989512231	-0.881867977161	-0.236519114697
-0.924056670788	0.0571352631064	0.68097535607	1.30371965153
-0.371807609018	0.354885712555	0.574923672219	0.540861115822
0.547807852032	0.185904247142	-0.259111444104	0.420902071582
-0.157128098734	0.16936544069	-0.761263881795	0.448668074628
-0.828125320365	-0.76607964399	0.936140753867	1.47940263244
0.167396043713	0.0843811434177	0.887146729137	0.904034279425
0.562434444102	-0.837655934715	0.915190830454	-0.0838348204572
-0.0716608407995	0.343019486311	-0.929033313841	0.524980579451
0.605152885751	0.849048344663	0.829743484994	2.27298065437
0.461326818363	0.214285094324	-0.298168103284	0.336689131807
-0.59978556636	-0.564965781841	0.598884189194	0.718914244935
0.825189356931	-0.486624869853	-0.686127188151	1.08403688333
-0.224311463224	0.888925114114	-0.626019052839	-0.313664663975
-0.536720778949	-0.348578624758	-0.243370750413	0.619221749202
-0.0838624869246	0.0901793548375	-0.0848935007951	-0.000978482907096
0.882499888388	0.362299895643	-0.639020456381	1.27536576949
-0.104670085552	-0.598578158041	0.700191646096	0.144757969288
-0.160414735249	-0.99549185432	-0.478730413555	0.891179485511
0.543870980519	-0.178667944924	-0.873246985773	1.11720487558
-0.818980443649	-0.741521666931	-0.201447019852	1.4679789426
0.00819025686924	0.189991233008	0.95500163723	1.095093223
0.269975528672	-0.317344155589	-0.580085673733	0.507797817077
-0.429145078794	-0.37878385281	-0.845118132076	1.38106048432
0.840824452721	-0.128747503833	0.268436587469	0.636229371762
-0.0180814093343	0.989070630802	-0.673643245768	-0.230042381031
0.376874851448	-0.0209779892979	0.808885382609	0.771455350353
-0.733630217406	0.467182486588	0.588550520592	0.81682631767
0.827671579192	-0.640940282405	-0.976756331362	1.73464759701
0.687071422864	-0.256135868574	-0.241251347142	0.416078840292
0.586021694237	-0.980141547957	0.452460501307	-0.469717615307
0.084746082066	0.896930168241	-0.137332488819	-0.0211242237454
0.867489187698	-0.473748508004	0.617629448435	0.43043088827
-0.47276085512	-0.485135853792	-0.625908430686	1.14826805174
0.988304789645	0.226621839864	-0.111301942415	1.18788247842
-0.0230155525616	0.504649435388	-0.413622080268	-0.0487359939314
-0.531630498417	-0.549039990348	-0.766190243161	1.58223396299
-0.149244666423	-0.659128740501	0.0801299174754	0.0742502915542
-0.73282341181	-0.956116787802	0.852415509486	1.14929834143
-0.102081629406	0.691657857085	0.41795001926	0.403575731309
