0.421329278896	-0.415673154058	0.595494711021	0.109465877098
0.306111257198	-0.986942706457	0.0888026863402	-0.288167417369
0.157737157032	-0.761085751095	0.825056359444	-0.0423911346914
0.852185849963	-0.797692819674	-0.108012183417	0.144265364249
-0.0870291089963	0.618714445466	-0.828896042177	0.127946592553
0.499508701386	-0.496430956087	-0.961285821701	1.4028198311
0.151752837114	-0.990230389417	0.283595488959	-0.327639817529
0.489241767265	-0.935409576882	0.321105025131	-0.415540206202
0.753464029829	-0.0731768566495	0.641550056624	0.877211773572
-0.213770057058	0.782478495988	-0.973711479825	0.0646329162443
0.431906258497	0.247247948027	0.504299829955	0.672336368921
0.673985095614	0.373710466041	0.980067288237	2.03292448581
0.894304959798	-0.232568778492	0.401014898225	0.659343352581
-0.758712916052	0.24237392134	0.822188758422	1.26702453229
0.139275877069	-0.908718850107	0.90257132564	-0.112713424232
0.319851227967	0.103922813924	0.199321879739	0.195987950041
0.261180447637	-0.715307352116	-0.137164457964	-0.0016802344372
0.515005930888	-0.381561923852	-0.0393423753519	0.0852838299915
-0.817621185654	0.0184636472602	0.165452627949	0.683837565122
0.750913855488	-0.00198658529079	0.749346330231	1.12241114618
-0.970501921349	-0.68807331323	-0.87568746164	2.97901615542
0.858429576214	-0.912314039965	0.324907763681	-0.237108876982
0.619680976998	0.109033821226	-0.162016753375	0.460154820767
-0.744789839462	-0.541318738429	0.700653928	1.0695194277
-0.294459315161	0.0571960564629	-0.823399991464	0.700756690209
0.916966764754	-0.39815118558	0.584471203195	0.584635328014
0.650927858934	-0.10786945921	0.604079028424	0.653241635874
-0.785705214699	-0.437896030638	0.834410228563	1.29224538169
-0.923865594183	0.717967007913	0.709981349213	1.20403932095
0.680962782618	0.404526364704	0.315074541449	0.965905635794
-0.821114703102	-0.256271000109	-0.0455769249116	0.898414542032
-0.670992958155	-0.515272151083	0.577241530617	0.831746834298
-0.686125655237	-0.573719860602	0.759747414028	1.00574628271
0.301058989728	-0.629119563883	0.227914089548	-0.190205965429
-0.598417917538	-0.404234957392	-0.87381955173	1.71679446368
0.840393109698	-0.756733619575	-0.936913437298	1.65710754468
-0.993607949214	-0.866657641034	-0.0900384298844	1.93451409022
0.839315102906	-0.0143866078225	-0.638465945693	1.10919906772
0.327602077615	-0.844437878025	-0.455629114977	0.423031891433
0.439873064648	-0.0780852222385	0.390001338638	0.280788429931
0.830748118977	-0.441334574457	0.775372892055	0.582508825988
0.90548198126	-0.284648593483	-0.649787587533	1.16933847776
0.605711059973	0.919545984742	-0.927070627267	0.930840936351
-0.256361398488	-0.278939586576	0.498620362407	0.246767817202
-0.339133171712	-0.402062507413	0.257654540294	0.214156673138
-0.834824564049	0.745222272991	-0.443399287933	-0.0590259030864
0.0347505356135	0.238742350973	0.326630503385	0.194172044315
-0.119900564629	-0.24804703066	-0.0544404786608	0.0605846892251
-0.724567739027	-0.0238936050078	0.635594142576	0.931104222485
0.573095979237	0.617834034679	0.191453984641	0.837458618549
-0.475657295297	-0.740795974674	-0.266235085097	0.846721872142
-0.222543296962	-0.778731963352	-0.343735845379	0.608659518742
-0.958839509141	0.876452807333	0.28931887515	0.41627537658
-0.39393532983	-0.323680371394	0.780832134813	0.639652965316
0.498670332487	-0.681869269882	-0.781725708508	1.05277394643
0.28370620826	-0.718666215615	0.421404151627	-0.248668322317
0.434901592292	-0.326593730245	-0.571601330979	0.560512754136
-0.621594704648	0.929330520107	-0.48057371863	-0.406947678166
-0.876647885031	0.284740675751	0.968910270357	1.73356948028
-0.878346245919	-0.349081003949	0.722700985666	1.34812164611
-0.9697467126	0.747776973094	0.333462414529	0.575807122063
0.843551734258	0.604283910445	0.304607625701	1.49817956185
0.536652442755	-0.499335434941	0.442728238124	-0.0050353411122
-0.96246087514	0.954774966343	-0.765571202712	-0.137451566374
-0.935737731908	0.0310186934541	0.186919480497	0.887316631312
0.199465225631	-0.529275343809	0.872357313755	0.233504416062
-0.540912372555	0.0903169575115	0.74025056638	0.858560714991
0.760222439559	0.300336299346	0.887010025908	1.85944864651
-0.287308639136	-0.654989981898	-0.82488741483	1.49146277452
-0.770767385477	-0.294477621802	-0.82470764893	1.7440567625
-0.860933751241	0.883355706557	-0.651249391685	-0.170462914466
0.694377514194	-0.293859242786	0.280911678712	0.27447375973
-0.080543844676	-0.092361659138	-0.618444015017	0.453519989064
0.343240050392	-0.287066259214	-0.845955392937	0.977766871867
0.782649647019	-0.482095990644	0.601409366708	0.30698439501
0.508756943011	-0.689827734751	-0.760793605758	1.01150241776
-0.0431767382245	0.719941422313	-0.339964861974	-0.158399170493
-0.96673740076	0.477117574785	0.87883048165	1.66498228145
0.488761300539	-0.325423783202	0.497949632833	0.165742240878
0.697905294426	0.918223398706	0.652721097266	2.15329338657
-0.981713453941	0.1181916678	0.322178602951	0.989608833837
0.624381471745	-0.316854025789	0.54188563578	0.313955836358
-0.743847669765	0.505269533221	-0.774319185183	0.385796098206
-0.407593214343	-0.636918059352	-0.833545402259	1.65143376508
-0.92768221015	0.00405483693574	0.732379237537	1.3961817089
0.706507934597	-0.396388984287	0.485777350546	0.262524342793
0.821534814022	-0.0963618137344	0.0852497949199	0.5948075686
0.621201883546	0.38709209005	-0.760826548024	0.910701213103
-0.7584337452	-0.730204466752	-0.00412748557707	1.13206439888
-0.778025995041	-0.738374357782	-0.705826461275	2.19915404687
0.268453248946	-0.268193203831	-0.671653372438	0.631320932481
-0.615768776037	0.969147918379	0.63018255919	0.790270331388
0.371480653147	-0.0282420761426	0.306707080383	0.21291367921
-0.483953752236	-0.909030223437	0.320041249413	0.485639054694
-0.275426390937	0.852478899136	-0.146130164776	-0.262154346655
-0.783084916633	0.458429555723	-0.755076172273	0.478223507975
-0.306896114557	-0.421063444529	-0.700323270099	1.00874117127
0.572163163131	-0.0384375676906	-0.0456860453686	0.309221400134
0.923514303104	0.878418228638	-0.886168451412	1.6709784692
0.539752859281	-0.497539658276	0.832774059038	0.301959208594
-0.302528664618	-0.727730484409	0.463133049391	0.189139107625
0.270477877856	-0.412095188065	0.374741648454	-0.0523022765421
-0.657366438049	-0.116131727151	0.0414574273856	0.505375929334
0.571046303322	0.593095562734	0.302946404824	0.936231601797
0.618248809415	-0.696156383921	-0.893061773428	1.37110372078
0.242816356165	-0.102808952853	-0.343464423968	0.187275115811
-0.449259059701	-0.239648830939	0.128866769956	0.295221984801
0.369141905659	-0.367995514551	-0.664674613066	0.686812798496
-0.558766436234	-0.984502914087	-0.151445629633	1.03436155746
-0.528491804159	-0.876663463891	-0.0386938537794	0.778031744942
-0.226449563542	-0.779784572784	0.437219433534	0.0780851448612
-0.597652739272	0.96597066001	0.56913972672	0.653566091736
-0.495974056588	-0.684330930075	0.647507611818	0.561557273382
0.323818869608	-0.779832963786	0.834228311074	-0.102287829804
-0.877410513063	-0.0020677361658	-0.0563058507255	0.774950236354
0.513145232037	0.0840039791589	-0.233918868362	0.341492191773
0.0438344920575	0.499407189274	0.289931944628	0.252667353229
-0.516002037237	0.496872892824	0.816285358356	1.08178253113
0.459990269179	0.50133743091	-0.608189833057	0.507187932157
-0.564234025545	0.177854961788	-0.43093161627	0.327066946286
-0.190702513823	0.649151100946	-0.275654693326	-0.190383335724
-0.329830541856	-0.425195306953	-0.262382445167	0.429438916672
0.970741152665	0.496579791163	0.105440806723	1.48786636185
-0.36567760244	0.783523553729	0.23590098119	0.0876863423803
-0.465603013548	-0.0306449515538	0.600651362036	0.573429674844
0.215634247561	-0.112717241599	0.533356867145	0.24654346402
-0.970909256591	0.123349020637	-0.0635786462673	0.819103959117
-0.356313578954	-0.0385535013358	0.412214636908	0.294725091916
0.387267267212	0.0261200482826	0.901703214097	0.996712593774
0.414726750093	0.347830338122	-0.525543560637	0.409648862689
0.976597719976	-0.72639153629	0.167794944991	0.150621104202
-0.099842641515	0.649355243791	-0.594735893641	-0.0873488777782
0.308533185389	0.00254221056782	0.178033096061	0.128125463722
-0.161383815151	0.159910394102	-0.439641276929	0.123219028832
0.490098085299	0.604995795892	0.893501770318	1.87561364262
-0.593924610441	0.0145992983738	0.310941234335	0.445299535355
-0.757682976507	-0.773318256861	-0.197518290086	1.35177154624
-0.594946088901	0.435960279132	-0.933673256796	0.559289282518
0.612161485311	-0.0195788549389	-0.0998995086893	0.374692093004
0.707144835832	0.693670758435	-0.18438320476	0.896675442149
0.212008163685	-0.0882034350706	-0.0976428967863	0.0443941873686
0.911871299841	-0.814631135191	0.284523985724	-0.0621576836914
-0.774607632858	0.337229563066	0.487420031752	0.740747122996
-0.188455124951	0.141965416455	-0.475891989814	0.167674205271
-0.151240252369	0.085605298129	0.00938995292628	0.0108186479791
-0.605453647715	-0.0691160032674	0.96752772784	1.27765891036
-0.805296805329	-0.649703964709	0.969016820539	1.48112700018
0.895959101389	0.858664310802	0.838516285812	2.99518438589
-0.111665732417	-0.832743969566	0.447985719039	-0.0669080004449
-0.907615261452	0.167742829524	0.599882761099	1.13200486954
0.527943746956	0.647137552296	-0.486259984936	0.542148500623
-0.762257987959	-0.647450486532	0.472864436655	0.992006011251
0.432455544242	-0.927516038545	-0.618714471028	0.742583536321
-0.25093672977	0.084508779423	0.46085911403	0.2931006498
0.606757637564	-0.364665321178	0.554018983096	0.251796885184
0.494217364519	-0.189387367497	0.93112040178	0.841295038649
-0.931926467567	0.293582304571	-0.658347228221	0.83503179735
-0.88310329955	-0.638011071893	0.282092608976	1.24289915263
-0.334888409715	-0.861190339058	0.502576926629	0.220322083404
0.964854159675	0.86945594169	-0.752363814309	1.68174585185
0.417399424531	0.659602762193	0.166225155075	0.58681346657
0.170215104303	-0.547273154136	0.916761964652	0.274552312564
-0.767176631075	-0.090672578699	0.211904532981	0.68381146738
0.569210533828	-0.64478757542	-0.0289734673073	-0.023498054645
-0.816505523176	0.651189644475	-0.792637810184	0.247098492351
0.532788731034	-0.427317823099	-0.550820386318	0.594972177583
0.351674872277	0.96610240649	-0.562221197184	0.236358579184
-0.0834628144947	-0.594987567767	0.954637485166	0.399960671085
-0.724998303492	-0.439599206886	-0.841084443957	1.92149431563
0.0873520689192	-0.556827729537	0.377057751736	-0.108793333922
-0.994266839395	0.556387742069	0.552856146117	1.04862096726
0.0521336027401	-0.786682543484	0.303230433115	-0.184892075487
-0.4590033042	-0.0378660707661	-0.332338210886	0.351097713491
-0.854034763274	0.441577740671	0.519693671497	0.851819305154
-0.149323290659	0.136925764299	-0.0652584387793	-0.0028256583428
0.606239390411	-0.65775065522	0.323886864261	-0.139362254121
0.76834087842	-0.588507769221	0.86151825119	0.373376642075
0.256808525635	0.0486770688612	0.456523091111	0.309086843786
0.772151147349	0.267420800362	0.0346276738524	0.813165908231
-0.782765667984	-0.949668800532	-0.835704713721	2.8481352856
-0.602716536979	0.94437182893	0.114951452779	-0.0841505442098
-0.26698712878	-0.260478532419	0.300299348703	0.152784707608
0.963934269926	0.91386352556	-0.900042516214	1.79763415103
-0.383900709816	0.914313904562	-0.235799838287	-0.363619509062
0.238280679463	0.344190975594	0.611527959531	0.723240592018
-0.966015987236	-0.231892377456	0.766988391429	1.56761106256
-0.0611201308198	0.237822815573	-0.134198925841	-0.0247063059018
0.432139449093	-0.191270285423	0.968121809689	0.856175971224
-0.912258311774	-0.475768216293	0.2251072089	1.20981313744
0.525517709951	-0.409912046281	0.743158877429	0.308408164572
0.986258106731	0.780989575786	0.61739457522	2.60631714239
-0.259260950466	0.864906039352	0.742976371646	1.03759851837
0.37608566528	0.913949962694	0.869437777634	2.03570858099
0.974893239439	-0.116381954093	-0.530117709609	1.17967776905
-0.739527739327	0.658074257928	-0.80138428345	0.175083511073
-0.531404521069	0.828182467811	-0.861269801127	-0.129212021667
-0.74990848553	0.664036801831	0.0546760437942	0.103692279296
0.214434916934	0.342360865512	-0.0143428991625	0.114691728744
-0.329018047546	-0.33536514341	0.152167902289	0.190717320425
0.435250359532	-0.77993951183	-0.466620786487	0.43164486934
-0.661575313248	-0.885415186298	-0.894199366525	2.61478093012
0.742239559419	0.237671833847	-0.638403807683	0.983157818765
-0.473065431482	-0.940527266357	0.645282419574	0.478205530444
-0.388768808614	-0.673203056309	-0.459279244887	0.932987152849
-0.184800884041	-0.0346588000326	-0.427819868707	0.238413906969
-0.292403960186	-0.724520462437	-0.650503612132	1.19181085566
0.492282103386	-0.521146263716	-0.864649312144	1.18401788188
-0.32904917537	0.948945868546	0.220514954683	0.0539071047345
-0.363533287961	0.413400791934	-0.0387302919732	-0.0326395955388
-0.552537179166	-0.964305627583	0.31316189888	0.634198639155
-0.398846680299	0.715648568006	0.918386075026	1.37431928105
-0.553380273521	0.769456335686	-0.964647232031	0.0687181274941
-0.441554136231	0.751918882399	0.260139865302	0.126233988894
-0.595264484801	-0.904660261786	0.636982819823	0.722345999732
-0.495622076556	0.555883110338	0.618856664266	0.697128839594
0.338056259845	-0.90645558418	0.773832520251	-0.294778989486
-0.282235293929	0.0925632068497	-0.284347451383	0.108065518396
0.340492279402	0.0537569895466	-0.578452446822	0.437750203334
0.418760118828	0.644437045613	-0.330965462185	0.341476303428
-0.442756998013	-0.847341577073	-0.74176696703	1.74994839729
0.793726148725	-0.942244741302	0.797295044878	-0.233450765216
0.115091548779	-0.843932952029	-0.500740936543	0.589449776395
-0.880896081004	0.3589089226	0.534873310661	0.937876704287
0.109587022283	-0.685641826557	0.908471280491	0.139306028675
0.0164919983666	-0.462937305627	0.453981101532	-0.0114287226791
0.694640679432	-0.590424307209	0.370282313127	-0.00912175517595
-0.0871773609365	0.875462176153	-0.571106724339	-0.242540034977
-0.0511047527652	-0.15519700867	0.164559866513	0.01208375115
0.681833421607	-0.472352318087	-0.439024910051	0.542948523181
-0.931890317725	0.378848069163	0.131571471934	0.582531367054
0.362547246855	-0.0880383293092	-0.133254846407	0.129010840435
-0.0476785324152	0.788227853969	-0.044305678959	-0.0682682818892
-0.979615365522	-0.588555611287	0.967263893652	1.90251523241
0.83195841196	0.870528930063	0.546383177853	2.19057560571
-0.0941598505016	0.65017523374	0.382518577641	0.342670242505
-0.283007230779	0.750880880903	0.813236883147	1.13958662923
-0.168969848382	0.0954802282454	0.866080132695	0.845205854969
0.255604125333	0.941328275872	-0.456496262607	0.0846168574448
0.0178147861158	-0.849091128599	0.603867272907	-0.162891671233
-0.647248345041	0.252806216198	0.388002247979	0.503937139733
0.224508502488	-0.167159111485	-0.559951532742	0.4200221456
0.766884124565	-0.405746838558	0.685866860624	0.46907549156
-0.291762440635	0.18327095788	0.359913087923	0.227152787032
0.608757095059	-0.541208985615	0.937849198438	0.413109096546
-0.645351069786	0.135920093713	-0.367049201112	0.413597579616
0.359576600543	-0.833191322277	-0.652427827623	0.798958503035
0.624502319303	0.252122356122	0.0184096272623	0.552434535937
-0.7709913767	0.938375087104	0.0670590242987	-0.061627966814
-0.0724796171536	-0.393052133435	-0.540898594659	0.538914199362
0.323477502126	0.79258687086	0.0493297614095	0.402553262181
0.814857319274	-0.895923387816	0.45857661144	-0.266614282032
-0.996103183051	0.27831789222	-0.525905885877	0.84519619608
-0.925199887443	-0.994781633167	0.655160671365	1.55386038942
0.268387225675	0.342777419006	0.249434378101	0.311746764733
0.332225179903	0.482902473018	0.808836247343	1.31561103026
-0.502030154919	0.670532724053	0.132828343702	0.0221157491382
0.131872379144	-0.333563336967	0.772628309678	0.312636561245
0.359622319011	0.544609541095	-0.488351424505	0.297708227078
0.544076130455	-0.891475607721	-0.948533139661	1.55629751084
0.342316233326	0.097112314149	0.978434592431	1.20277582437
0.876261263887	0.738784950373	0.679399518351	2.37871628192
-0.151063400329	-0.292830083175	0.316010626782	0.0743813571163
0.91066916034	-0.419341661349	-0.966790188657	1.78753547373
-0.948422328934	0.644974034298	0.646113049714	1.12198535161
0.950355252993	0.381825445794	0.667618316094	1.96667280218
-0.963438226963	0.187002806285	0.875066405998	1.67742865356
-0.155590251857	0.00130044529537	-0.140082256157	0.0434468590409
0.51793526713	-0.0159840587338	-0.877192093273	1.04346529165
0.343148398758	0.444140517967	0.433827179182	0.651043180601
0.609660288273	-0.421384922903	-0.99128937827	1.51515304323
-0.0114182514317	0.459664512976	0.451701658796	0.406547423043
0.935704805646	0.112846338297	0.305828933054	1.10917735589
-0.958251793934	0.593977575439	-0.115106054788	0.293945411864
-0.960124405394	-0.839726772257	0.161941597423	1.61831942782
0.450486056932	0.675706514531	-0.936878923279	0.752020975962
-0.603205663055	-0.817575022066	-0.0741320744834	0.923127052123
0.891756794546	-0.916589686613	-0.66071174975	1.01999669167
0.921401163816	0.768418249765	0.92162474755	3.11458702506
-0.206659289466	0.154684706395	0.603085829284	0.467741702324
0.366063185604	-0.856431863064	0.184547293161	-0.303500398884
0.846992174021	-0.345196319646	0.468145266298	0.482575128983
0.17488358324	-0.206751962418	0.402686287738	0.0733268097609
0.00665470912153	-0.0743841771796	-0.205677065509	0.0571514546504
0.900901164008	-0.193872945167	-0.0179678796719	0.640768875791
-0.315409834052	0.843012688636	-0.774319236268	-0.219601790384
-0.728084093342	-0.626818972935	0.655847290999	1.00552151434
0.26704896545	-0.717178509645	0.897224486827	0.0413350303866
-0.743081430782	-0.232218847312	-0.147217687879	0.780587295495
-0.143405088161	-0.315744236457	0.960754790856	0.685541329667
0.176963255476	-0.132937897208	-0.860424129038	0.862503526975
0.346222654861	0.972335115516	0.214340478128	0.710867185973
-0.846839512355	-0.512088884149	-0.223301702775	1.31500823088
-0.879081262288	-0.791431147143	0.930958026174	1.59840982545
0.650713842192	-0.889953977634	-0.857335970312	1.3423376552
0.703856385243	-0.142845686908	-0.779789301158	1.11433185478
-0.431219704921	-0.894897301065	0.535987573983	0.379476630114
-0.380501122813	0.966885923862	-0.650716358986	-0.428856783278
-0.064020718614	0.236909524444	-0.743556432068	0.365652101361
0.589669560335	0.318916121352	-0.567936500609	0.677193082223
0.28405328744	-0.288366624071	0.929130804276	0.594128520656
0.328038862333	0.904259572686	-0.39341956411	0.203267323175
-0.276700072236	0.68668314457	-0.816531661006	-0.00741692092582
0.103025044628	-0.0872484226983	0.0170655350606	0.000427678648797
0.845430642443	0.0627737281188	-0.630993478542	1.12636676137
0.1023305634	0.545878680154	-0.680880874488	0.15825202923
-0.485911210847	0.61185086172	-0.0719851994991	-0.100057825647
-0.449029665713	-0.80599777122	0.794904894131	0.554726768179
0.444916575548	0.410920804996	0.865521781209	1.4855650974
-0.294476102032	-0.730198446797	-0.163605563959	0.44797347624
-0.898426409128	-0.622544306846	0.016080672305	1.35672791577
-0.785197948721	0.60687425625	-0.596827630834	0.134023293891
-0.577510943547	0.525072799396	0.809866935312	1.11140715388
-0.183173574472	-0.277683524941	0.767442117137	0.460278213101
-0.833043668871	-0.437911669695	-0.183935397359	1.17314098559
-0.441927175283	-0.957386201021	0.289239213389	0.425140298594
-0.260262175312	0.862365274096	-0.394231586848	-0.341257748632
0.93376984557	0.277883081726	0.0311737897547	1.14103944074
0.313302643414	-0.466282797295	0.377991117207	-0.0813025573973
0.378468595872	-0.364695554172	0.85792019519	0.428360044047
0.552672314217	0.237466499424	-0.199681111521	0.429142818432
-0.228606347187	-0.267082437477	-0.22830926131	0.226420115213
-0.833094425147	-0.0656582442543	0.18713810633	0.771479349809
0.304589978123	0.869982034525	0.106429204076	0.461681534612
-0.989077994527	-0.815470470714	-0.372255268456	2.22697634091
-0.483746140565	-0.66323643744	-0.653613098466	1.41555850078
-0.0777665384928	0.66637131558	0.474549516772	0.495649673613
0.194129861272	-0.90513739384	-0.875223239893	1.42018520837
0.342774250343	-0.933315886994	0.887676242161	-0.242935695219
-0.74078599607	-0.362718225563	-0.851983129142	1.85236553514
0.0143499309086	-0.882772370156	-0.0452384869961	0.0295200050909
0.287471301876	-0.301047393792	0.0913119298425	-0.0230540867868
0.423317182836	0.95580619066	0.365033584188	1.0659574984
0.409690931034	-0.9163411026	-0.104529854469	-0.100858487924
0.79623490135	-0.621407416413	-0.6869141795	1.0379084008
0.352934639112	-0.624616661166	-0.886772307812	1.24437188762
-0.416168470879	-0.437119100733	-0.877486663476	1.50866040972
0.741042664826	-0.765910631822	0.812001824369	0.0189979079039
0.455867101638	0.500974393681	0.886180470227	1.66546210877
-0.499216829224	-0.254892612498	-0.507262117535	0.76307634663
-0.744745312792	0.989890784689	0.758224312995	1.14289242783
0.270216965153	-0.798474353249	0.0961336212622	-0.210262666157
-0.713494653971	0.943863918755	-0.870553556964	-0.228187835083
-0.579899265785	-0.624252285755	0.576427671562	0.670719169629
0.746745379267	-0.683216176273	0.0544739675746	0.0131900560952
0.00101899679541	-0.876466873	0.495078484718	-0.18970926394
0.115633678227	0.310358193081	0.600941368237	0.596896612226
0.107790344802	-0.135584387291	0.248703022966	0.0251370172229
-0.00145480355927	0.815853327777	0.961225876316	1.70698972536
-0.501110021913	-0.124497677061	0.56917588783	0.566598403155
-0.858329199676	-0.00329021564281	0.207166872652	0.781789592615
0.734316212854	-0.537706591146	0.732733486207	0.287276369546
-0.133465057124	-0.582679763506	0.236329841633	0.0137274872085
0.330378486052	-0.131730473029	0.147573816172	0.0679670924085
0.0885112602957	-0.251263417449	-0.849427371877	0.920551485881
-0.948655750611	0.0727478919577	-0.700486195451	1.27065704307
-0.620300055867	-0.513980656682	0.382990999005	0.653426529509
0.836353114415	0.772760277049	0.172908473605	1.50930113661
-0.0207060340069	-0.323791976354	-0.139493649963	0.0717585905083
0.245489642588	-0.887855403372	-0.577428394094	0.688402329038
0.954225527713	-0.0526110717477	-0.767247996309	1.48937875726
0.307418843014	-0.118731594526	-0.0916753037074	0.0772951319195
0.119364734644	0.378336347064	-0.852164078371	0.463186929506
0.18234970507	-0.483401662297	0.685329790627	0.083490626299
0.0611276811218	-0.975437172442	-0.598058011074	0.885151780857
-0.625353327956	-0.248055088795	-0.750266206577	1.2951955913
0.0635367793068	-0.788377324908	-0.101199959335	0.0439711512126
-0.566172639488	0.90288599853	-0.956046535602	-0.139813943942
-0.235830935691	0.599404010499	-0.291746741395	-0.175499784152
-0.0982176114424	-0.479486042287	-0.424314385212	0.440236195739
0.834156468466	-0.523389722237	-0.319127834252	0.528098894673
-0.312642837266	-0.00454152778924	0.420456174599	0.274039301184
0.135299790269	0.252145280085	-0.44359217238	0.137345579608
-0.71511073616	-0.304894727877	0.0741682700535	0.712304276042
-0.866203097337	0.893750569086	0.431537961771	0.548050606012
0.0841588816952	-0.876798291106	0.173898514952	-0.188940873517
-0.347866476815	0.626577815557	-0.496274561787	-0.16162052162
0.546565243233	0.646190398895	-0.315221582763	0.547590263591
0.756524791101	-0.628405879029	-0.752696080129	1.13647516411
0.718951061077	-0.854122025535	-0.204073383882	0.118768209685
-0.320772050383	0.591878700017	-0.996680983434	0.316495302056
0.644038090419	0.189221318502	-0.199194709672	0.538637445304
0.566819868641	0.735008574282	-0.882398069866	0.867958433432
0.078880755475	0.427972827864	-0.499690140147	0.0758174273943
0.699094678072	0.0662673397861	0.158320469864	0.570617361032
-0.63279203104	-0.896770010492	0.76392362839	0.866410180629
-0.722054442721	-0.447721571855	0.658155838588	0.983140509602
0.541145039615	-0.775349319595	-0.47582984397	0.468609901811
-0.780061331052	0.131164704621	-0.525624542204	0.713516937675
0.669851992464	0.682387463165	0.408917660913	1.35205423232
0.385271080157	-0.414741078287	-0.0832451106205	0.0301009773713
-0.262023857357	-0.368839102211	-0.501542704075	0.601834790831
-0.379110578186	0.563374966619	-0.558903986558	-0.0723554274183
0.845663204981	0.88155206645	-0.623817273993	1.29986298649
0.0305445450109	-0.773236303896	-0.0131368040212	-0.0123547524522
0.869360174975	0.799742916762	-0.450156493634	1.29368315743
0.940368777301	0.903388906849	0.437870399566	2.32110990751
-0.157227616585	0.133292123105	0.289863943769	0.126421006966
0.360440030223	0.273393717889	0.289142897383	0.39111252215
0.375749171828	0.28058138213	-0.301770330101	0.253009857919
0.255876647209	-0.383457875295	0.8327903233	0.341554657754
0.515188757554	-0.262519806244	-0.829147845986	1.03532608548
-0.512390010167	0.43886124456	0.0222075061653	0.0479145920813
-0.605811550149	0.837442903479	-0.541035417816	-0.300691897073
0.167430632754	-0.103005885268	-0.458098353008	0.267827603656
0.119563204252	-0.444824110441	0.58902070827	0.0460455460216
-0.689420823122	-0.405771197318	0.505339207096	0.805363803322
-0.294138492154	0.295228803577	-0.553345389445	0.142506920171
0.815303856982	-0.27877170805	0.327000545138	0.453207586438
0.511781151833	0.990418615753	-0.399589483257	0.532708419591
0.789011419132	-0.88052895511	0.67743904179	-0.209789417213
0.239756255362	0.956817212518	0.290145385922	0.648686418279
-0.186777197347	-0.928281904252	0.922506849741	0.202940086528
-0.128807223628	0.958579111648	0.26214398365	0.213124601995
0.990878060368	-0.201561353286	-0.339487250104	0.965795710267
-0.346946785824	0.655424665557	0.520756951357	0.505479344195
-0.229817514806	-0.442215228107	0.876949080312	0.535684346716
-0.185940997774	0.232053703351	-0.280170387257	0.00490662747863
0.161458724269	-0.147619194587	-0.962405104318	1.07052756399
-0.104862354397	-0.821131944118	0.731587904542	0.0315926060235
-0.04125214514	0.334291019904	0.108092479939	0.0357298473887
0.359128180602	0.376471054771	0.158449598204	0.348932377587
-0.872323360313	0.397142808898	-0.78599134008	0.720142673477
0.712145823403	0.99216082631	-0.546645768899	0.970175941278
0.144314257442	0.229334409889	-0.690931395044	0.372854678872
-0.487313729147	0.978299558389	0.437598281354	0.380330325838
-0.639096837348	0.317953703532	0.193425070155	0.304155036334
0.545430037423	-0.983683439539	-0.0704652781855	-0.164755686874
-0.583977938318	0.716658382087	0.700742762616	0.915751141868
-0.0834421488212	-0.759745079685	0.250338238947	-0.0571666572128
-0.199871876325	0.76059692784	-0.339199633985	-0.255010975986
-0.280277645952	0.374073270641	0.901179853003	1.12294360562
-0.423681132846	0.167891347931	0.812822285606	0.90551920298
-0.417360197496	-0.130816348784	-0.0509568246455	0.238049655342
0.388197593868	-0.498853256546	-0.530522606039	0.503150903213
-0.0505430973165	-0.141916740054	0.361885657982	0.0893311128898
0.1748446178	0.338932705723	0.678589521556	0.780311121147
0.631987509587	0.453684957367	-0.500700223116	0.709671992668
0.883647395839	0.114117472494	-0.365227585904	0.973384668079
-0.0865431904158	0.162432699256	-0.0459646296319	-0.0119211318983
-0.0564601069266	0.957532693458	0.68676695425	1.07837600635
-0.665040877876	0.102734505824	-0.89274093686	1.07922780467
-0.845094725339	-0.744763800174	0.334082239314	1.20637963845
0.402197063775	0.641126409983	-0.852789625017	0.600125831492
-0.897961243931	0.858259983468	-0.863463770081	0.0401434744387
-0.439244445574	-0.597797087321	-0.31901159188	0.747987329355
0.618024323764	0.822146616773	-0.143266390556	0.792799951999
0.773322327569	0.104643682298	0.343274554154	0.832709651192
0.600668264673	0.82578093338	0.422610164219	1.3844055312
-0.335364049919	-0.189939901009	-0.461065080708	0.476323724858
0.239767213919	0.778121768279	0.0468620363002	0.282716826338
0.718977503038	-0.165617915948	-0.612351041388	0.874243195401
-0.672869914658	0.378407549051	-0.00530533316594	0.196155435256
-0.83601024083	0.3259541206	-0.105002594059	0.403211656462
-0.60919081445	0.450808181481	-0.635274733184	0.213672184588
-0.747244603519	-0.140854240325	0.65613084654	1.00171594429
-0.370972346777	0.645535660108	-0.194746189342	-0.189644928312
0.592521647876	-0.656776965369	-0.440947095166	0.445965569181
0.139335783492	0.971999860825	0.388627944408	0.683626809776
0.185943681982	-0.118300427132	0.121798481016	0.0130038935176
0.324367083356	0.696434270784	0.0637071572513	0.379540807418
-0.28952702951	0.0557395154364	-0.10820572	0.0733649479269
0.106320129261	0.270069242754	0.283720883326	0.197139590434
0.325089378898	0.196939806914	-0.0441749311925	0.162957765908
-0.128259312113	0.709862922656	-0.384651164527	-0.199689160493
0.567432140141	0.476452248556	-0.161195744213	0.541515545902
0.640444992436	0.419576313818	0.0108152617967	0.683540135032
-0.17719429592	-0.51519362236	0.542829721812	0.137688885861
0.689213258676	0.380735096817	-0.586356401879	0.85798996129
0.855934224287	0.1826859511	0.814842481585	1.70181909769
-0.683336791689	0.621282470401	0.183907033041	0.190484013433
-0.304297782587	0.996937345202	-0.239168444985	-0.392003092559
-0.132974692188	0.644279597055	-0.812204140105	0.0683983967509
-0.609408260802	-0.00769759887029	-0.919850448663	1.22927489635
-0.726796205971	0.428273716984	-0.0945260938849	0.185417153238
-0.213581129998	0.781869461128	0.799017663386	1.14178107238
-0.304943918215	-0.901530892024	0.664196591098	0.210270522237
0.67775238058	0.757321005153	0.294666833122	1.28261032828
0.665675651966	0.197637142119	-0.560686352269	0.778243044386
0.269153181091	-0.660697673308	0.967996321329	0.192078515214
-0.157820042109	-0.484867941753	-0.258647907375	0.293737863153
0.0898719845866	-0.531526451774	0.933772579543	0.335914040871
-0.59421263932	0.0400802991966	-0.0250537493846	0.328895968944
-0.523511454447	0.283730723777	-0.829351667028	0.578039597913
-0.689220435375	0.806154272408	-0.0795378618044	-0.138386705722
-0.0360207598195	-0.144074558701	-0.767915548091	0.706818552923
-0.379929379412	-0.940335366652	0.189813664905	0.359148090831
-0.388825780872	0.977493323805	-0.905985305275	-0.293674331052
-0.00659619725731	0.864406923597	-0.524599579022	-0.183921078673
-0.229464419719	0.410107323769	-0.0170728953193	-0.048161354808
-0.858315717573	-0.411891493155	-0.13147842161	1.16168023229
-0.141330287717	-0.440441948242	0.243015109132	0.0342443326418
0.206348281544	-0.282282717725	-0.183701263768	0.0699329058803
0.0931034144019	-0.225824182112	0.6096873378	0.221679748835
0.395390252319	-0.41220489874	-0.827972595886	1.02018463229
-0.734391445737	0.458768860085	-0.887495453588	0.58290777172
0.673247897806	0.738299058813	-0.360789479664	0.814119536568
0.578272982891	-0.402109747044	0.0543633803867	0.0829657718605
0.259185329105	0.014507729152	0.665406071527	0.523355996465
-0.534164417627	0.396973191679	0.185059226174	0.180993140168
0.504407753551	0.0704223051752	0.814569293501	1.01083571988
-0.792286253848	0.621644880943	-0.210655418834	0.0486196568136
0.323183384843	0.262561730966	0.22505233752	0.299041775103
-0.0478998877723	0.466154824574	0.518020178968	0.489788146937
-0.686606539496	-0.897726916599	-0.569461192706	1.92332040235
0.679882595853	-0.587138502195	0.62151323609	0.0844194472489
0.785795137267	0.372816701218	-0.290272792123	0.886471297697
-0.794973312232	0.592361074614	-0.673149794413	0.215454231761
0.391132205924	0.703893933381	0.409034996459	0.883526870287
-0.0944484843139	0.706934161298	-0.016547623438	-0.0692726003103
0.0738720135022	0.442253444143	-0.0657501521725	0.0133720780355
-0.419689022829	0.969241376188	0.736421263073	1.02544514501
-0.0614121100734	0.0538318627686	0.352323858981	0.143563870216
