0.64741406511	0.0736735073601	0.477219790375	0.729739420657
0.841746611918	-0.422248845421	-0.294842357257	0.564539684222
-0.328164075337	-0.311144210705	-0.815533899478	1.1286422052
0.856423262528	0.888726761971	0.978975593624	3.32302209986
0.819111384034	0.789740436375	0.487725672456	1.94088185829
-0.613960255928	-0.344022269774	0.552929719381	0.703674334141
0.726073536553	0.615059964776	0.661330440055	1.81787737241
-0.848899171509	0.540878889227	0.145488006906	0.361336314162
-0.365299540278	-0.493651941306	0.893437698645	0.670958248332
-0.0806426496659	0.249162837108	-0.0443958152215	-0.0226807133047
0.960295413743	-0.0269551222987	0.207756944579	0.933845235508
-0.551555851245	0.266517105035	0.834001499279	1.07504895428
-0.734180709342	0.557380373182	0.0617598452026	0.16804140026
-0.818764089256	-0.0963388355332	-0.557388360861	1.11363334324
-0.408387555749	-0.752097412822	0.902896852668	0.610083959419
0.134731974224	-0.930764886504	-0.489874974482	0.588684829829
-0.517388530927	-0.063133159251	-0.195715124623	0.35101578859
-0.238030179976	-0.202306157146	-0.197661083851	0.183871295936
-0.245193542245	0.485537979603	0.257100195636	0.132001516186
-0.215747634172	0.0808371355434	-0.194332790481	0.0511625482355
0.92323928189	0.602490025838	0.0580951619412	1.44699003388
0.0944986809785	0.786640913771	-0.831515659086	0.120580582888
0.550176454629	-0.18886425437	-0.61851200661	0.698157376622
0.596913404858	0.484342854862	0.633936923361	1.35433519758
-0.656909375162	-0.211490005113	-0.689759167768	1.19210457372
-0.683423075735	0.402712639714	-0.135228320889	0.155672534278
-0.272105152156	0.736088674415	-0.669388504205	-0.170900634089
0.728032132608	0.552771447063	-0.419129978819	0.876453015805
0.243083207224	-0.45808836525	-0.633347062707	0.638993279049
-0.239134993749	0.190532055087	-0.654698701418	0.315511964027
-0.246533890458	-0.88307278525	0.250292609111	0.12010612717
0.31865241099	0.96781975549	-0.960099822131	0.402525550876
0.184728521814	0.955587187454	0.648284059825	1.250412999
0.432027151656	-0.646589754277	0.874405888308	0.106506898986
-0.852114172572	-0.837635588001	-0.625755504894	2.35558475128
-0.625000756543	0.396409476763	-0.0401537784146	0.128564710431
0.737821842699	-0.13857201226	-0.762939066823	1.12993763554
0.795557630573	0.603904272457	0.263914754708	1.34238284134
0.545322638197	0.594942400177	-0.894998689032	0.89036232413
-0.322169757777	0.464492767442	0.175236400308	0.0662516669789
0.466363284152	0.882523004511	0.0227988521434	0.64971133868
0.204651520814	-0.63622685073	-0.0650491016758	-0.0427051768824
0.939983856755	-0.523003305478	-0.815074167507	1.48258736913
0.693754349859	-0.487419988294	0.986335756652	0.635243822751
-0.685867974063	-0.689895538142	-0.182998326562	1.10333024941
0.591181387831	-0.483043913278	-0.371107211967	0.380910504972
0.238492610312	-0.720683011138	0.955501098501	0.109370093062
-0.401483026354	-0.659423731563	-0.808193351033	1.61205442386
-0.901374566762	0.896920779272	0.0905094174327	0.0933862626282
-0.160312869348	0.602447627898	0.0778518905832	-0.0179172881051
-0.912906203809	0.730246302543	0.337036428189	0.526464516486
0.167415685209	0.625503253112	0.101424053268	0.206474981219
-0.744095877765	-0.432443180873	0.145842342214	0.833659325971
-0.264441321812	0.961706957262	-0.53904688546	-0.412219441606
0.438388257163	0.198678107219	0.92443051595	1.31751829716
0.854065213878	0.0446861106459	0.752875825097	1.36805734264
0.443114288605	0.448115155506	0.0116355213008	0.400265939904
-0.979349154651	0.68765497561	-0.810260952133	0.385013282935
0.568138225647	0.537620137495	0.611391413287	1.33071939035
0.127818081751	-0.485934314596	0.340722809946	-0.0952506018272
0.123131290597	0.985142674761	0.697950805098	1.31117965301
-0.552304754617	0.527034241443	0.406791714627	0.393829686411
0.345376200694	0.643133819435	-0.640382173246	0.339645729933
-0.559049468073	0.607076789741	0.275428707948	0.216217700354
-0.18230319117	-0.460279465578	0.0312584636451	0.103734331524
-0.064945548168	-0.719691004612	0.675431667886	0.0210644934088
0.427491598162	0.238747068135	-0.681751245837	0.586830082273
0.947766188067	0.736425625623	0.478192220071	2.1770408594
-0.813516250206	0.524819147178	-0.323960910296	0.16978956744
-0.617526734386	-0.338047160114	-0.934809895405	1.77997179747
-0.893218248941	0.934932453101	0.538829111814	0.756845746652
0.506071691187	-0.461935639636	-0.159690214267	0.121603572054
0.401536121869	-0.600905730574	-0.454072466047	0.398982451868
0.634745742469	0.0468752412797	0.347455065502	0.569668079984
-0.768550610306	0.324991524617	0.976501270525	1.61180697405
-0.412548936739	-0.692493953276	0.0271471879206	0.437821975655
-0.219772283748	0.0423943130855	0.464177831291	0.274122321068
0.253153514602	0.196599409198	-0.17344485449	0.10984049499
-0.101015693087	0.0663659037427	0.151011951161	0.0363268264942
-0.196541722693	0.0819303984592	0.511003585364	0.325517298723
-0.145821853517	0.00607783202546	-0.904859566304	0.833648982513
-0.478253105047	0.830865828088	-0.32007713048	-0.332129910286
0.255385952049	0.274992367914	-0.652488879031	0.381763447567
0.382452499125	0.350983609404	0.617057051692	0.877840788909
0.360786967087	-0.289384631699	0.0281297534387	0.0184119967176
-0.157891811962	-0.0444922804078	-0.811989760628	0.727409438539
0.0664696877976	-0.471934184299	-0.687538879514	0.770231712625
0.512412046203	-0.254748849407	-0.617980922516	0.671360075462
-0.58294067116	0.650411233803	-0.515309472538	-0.108950552407
-0.898318318602	0.723313888761	0.798973541522	1.37347706455
-0.181958364456	0.570036951878	-0.63104919029	-0.0321124213999
0.0616788489292	0.388398345071	-0.358372885146	0.016999932554
0.95823699994	0.160945058896	0.214397019958	1.15291388162
0.299705807058	0.0780749947649	0.0853230054924	0.127164708575
-0.773691078154	0.433057410799	0.187797767076	0.380140445433
0.549326242804	-0.0871384354211	-0.606304289059	0.674329189769
-0.179943544443	0.571075237183	0.0118059855052	-0.0635001358693
0.956830560324	-0.126883272725	-0.877778402022	1.67598924766
-0.346440524096	0.316741864202	-0.797245881152	0.393368667689
0.578717861028	0.0271129081349	0.324605061418	0.464774519984
-0.0884832188728	-0.709643619934	-0.418606053929	0.542912975589
0.273954590956	0.558512582141	0.0633225823668	0.267434412313
0.931911008671	-0.387245360907	0.267230072238	0.475508218935
-0.0866976161599	0.851149512318	0.703738997274	1.02795952355
-0.773610885914	0.366126689085	0.543634817439	0.809812241018
0.369302169432	0.484976149314	-0.277850105613	0.257936843294
0.695856458388	-0.911405569342	0.0242001688449	-0.171461761449
0.195413166247	-0.97530101659	0.286556946167	-0.349764751664
-0.890669017254	0.623677182364	-0.170298705573	0.160591587465
0.477619057292	0.361550119757	-0.518286570358	0.482037588684
0.579858182088	-0.0803860368128	-0.408643673545	0.489461907477
-0.767760718031	-0.0241540125454	-0.41206412017	0.787750863226
0.423259622704	-0.653103013971	-0.816064668158	1.10165240992
-0.370729712596	0.217360942524	0.729171383216	0.747042645268
-0.0890287024945	0.945674420252	0.501251211748	0.6490071696
0.334449982994	-0.274285913979	-0.598045578648	0.54181586414
-0.254080104221	0.659455163004	-0.0162749294773	-0.113465450126
0.128434400236	-0.504810896672	-0.60969900455	0.631175887754
0.860770808056	-0.687783567633	0.13783943828	0.073098376847
-0.679344766714	0.102800136297	-0.985054530432	1.26074126539
0.197082561431	-0.342561934133	-0.283433604668	0.148756724661
0.766350942084	-0.513218896688	-0.178293713398	0.317280332575
0.797063414206	-0.7937499415	0.767693493446	-0.0173623177653
-0.552998501387	-0.0649183897402	0.82462394558	0.96817850771
0.336554323012	-0.047203808666	0.00924708146469	0.0970311775205
-0.34731675287	-0.68446948987	0.617925392701	0.317237360109
0.151421831915	0.29584294286	0.683144572508	0.736515659224
-0.632181586751	-0.269204447527	0.230080426223	0.560837981928
-0.210063908308	-0.595619740977	-0.959385095269	1.66109351919
-0.560029405474	0.85420428329	-0.719738243038	-0.261526933488
0.566965056185	0.911011626274	-0.616792826208	0.656489087595
0.375111026138	0.620698104475	0.573410268944	1.05825298837
0.143692459377	-0.0220082818875	0.883405169014	0.778447561391
0.0193592439529	-0.936657044332	-0.132296570241	0.12366070506
-0.149032687306	0.00178382460374	0.734409346255	0.562612039039
0.315180435752	-0.306662807511	0.406251088151	0.0431424371572
0.371205030444	-0.835434914089	-0.759459291184	1.03893275456
-0.918303213588	-0.647231024025	-0.894829059119	2.81751529469
0.969668885494	0.244696312333	0.254249197184	1.30438864319
0.105453082332	-0.583955913177	-0.785921982375	1.02615755287
-0.606363829249	-0.394359296848	-0.812590904171	1.58755906189
0.349563620066	-0.357855120207	0.325046539695	-0.0135627223728
-0.476405911821	-0.44971418857	0.912316976907	0.863249468246
0.783123991868	0.667840415856	-0.207177414038	1.04084606957
0.736022172855	0.19485099049	-0.0406166702743	0.678878803809
0.128075490475	0.918525570242	-0.885253150552	0.104589429825
0.275243740943	-0.376664375427	0.309356190595	-0.0487375984999
-0.679785986694	-0.969360206349	-0.0859790588003	1.21180354877
-0.850147042185	-0.269207047712	-0.578643710884	1.44221907791
0.315960887122	0.12426093713	0.559759016709	0.521979214891
0.959248318278	0.057517741539	0.291115867498	1.07682390849
-0.389124139544	-0.478078585997	0.709216714046	0.501376538052
-0.376236331161	0.519867382489	0.172424510016	0.065328870561
-0.384768955334	-0.0515973228084	0.35096796105	0.272969699486
0.0966516252992	0.397383231103	0.0381335967124	0.0643570948991
0.86261045847	-0.489178575931	0.908262828472	0.702764895986
-0.403828468469	0.660091345979	-0.474132467638	-0.191655387217
0.731788907621	0.174873570437	-0.790231966734	1.14976142015
-0.252303428923	0.650398476023	-0.197737389697	-0.189948767048
-0.877356994807	-0.424872069992	0.805070978845	1.44860688655
-0.558640957404	0.860509493902	0.436028579213	0.396691525677
0.469747449168	0.160956691002	0.356234696525	0.480513178005
0.599447261853	0.0536057190103	0.935535943764	1.31684840022
0.767192226151	0.649614034413	-0.54489600498	1.02990231318
0.980395635459	-0.572640355298	-0.815979751346	1.53284738634
-0.406295230347	-0.211729269512	0.36332532353	0.306179091903
-0.949308769239	-0.691308198463	-0.108921325393	1.64461413476
-0.882044606119	0.783738712477	-0.415743877604	-0.066281416352
0.948895923722	-0.719907260197	0.0182281279582	0.204496112389
-0.289556776218	0.2973858401	-0.201744867394	-0.0215620338543
0.228240882308	-0.862590972186	0.309268896803	-0.315909932037
-0.0978680436872	0.899185973074	-0.676600424249	-0.229024894888
-0.943625798065	-0.49622307726	0.893661848565	1.71385441113
-0.575652310527	0.946863183285	0.305550743816	0.168987610395
0.505463094158	0.570870650462	0.849347063048	1.75030472876
-0.765614173639	0.868255870872	0.583277951881	0.768063737013
-0.27005765168	0.519887922455	-0.527282384419	-0.0635696067084
-0.541284543061	0.467314517042	0.927973428506	1.33482897032
0.800300168204	-0.655301239565	0.864542826695	0.296940980179
0.256540584501	0.693380180218	0.779750994489	1.3923687267
0.250403982856	0.625626659205	0.969443888211	1.76569295533
-0.806708015547	0.58646668365	-0.814400442074	0.36329980142
-0.581532474838	-0.884295938733	-0.264602852915	1.15642872301
0.582911192852	0.377075535863	0.816062076852	1.53326136736
0.423108159946	-0.389797802996	-0.495463379466	0.452708381008
0.154517905912	-0.810171233595	0.402165167343	-0.265396007109
-0.35526337672	-0.632303529089	0.168022023138	0.272836835759
-0.779758995706	-0.699046221317	0.187275036585	1.05726970353
-0.172678943176	-0.874683476484	0.326172632483	0.00194820981594
-0.865704342001	0.070691613842	-0.123137216704	0.694703976278
-0.141107308526	-0.401634132091	0.306504184684	0.0474270569418
0.439075125562	0.0821558486245	0.283117353838	0.332274737946
0.953140426897	0.0333544820569	0.249147868103	1.01065303693
0.897504476044	0.870830621198	-0.802127892643	1.53198029005
0.782302158277	-0.196426828306	0.696293796618	0.806385804288
0.503545245343	0.100728593683	-0.557827117759	0.559261170744
0.332052804657	-0.896659703148	0.603726565063	-0.364330821422
0.955130806505	-0.500509811194	-0.161900429834	0.541467020655
0.966885251073	0.690687233384	0.291961678219	1.88957821314
-0.268703992217	0.668368258825	0.848008356013	1.17850865626
-0.640220082598	-0.020784525377	-0.665634054261	0.8800920068
-0.50182354623	0.926850736493	-0.851789409499	-0.277225095259
0.120989529258	-0.275788328748	-0.947300389388	1.13990338507
0.0429164313127	-0.956746502109	0.1236123518	-0.142203997149
0.611421651845	-0.228494314973	-0.929270887838	1.31000756277
-0.040943971456	-0.233511709666	0.347653911337	0.0509192884332
0.04776623667	-0.088260449556	0.642263690328	0.353881909715
0.609236773268	0.826554529193	-0.971497420112	1.01554850479
0.813709980926	0.782547881502	0.946008271944	2.93411937447
0.577927473783	-0.196119246798	0.694402600058	0.56666672016
0.940872029217	0.940461945578	-0.249024124884	1.59790981629
0.40299374557	-0.641123708672	0.00298671260271	-0.0978708175714
-0.564418024085	-0.538537455821	0.758745882978	0.789610190124
-0.83908731828	0.387073137757	0.352072564293	0.639512289267
-0.134060864663	0.143568518677	0.929906216606	0.996956225392
-0.670086199836	0.0193289734418	-0.287228829469	0.513011998912
0.568475904529	-0.544227097256	-0.71699908515	0.9180828816
0.408923454173	0.773076679169	0.0340539875016	0.510833594995
-0.935397696092	0.464391774615	-0.146965966776	0.393927063066
-0.0789733190843	0.0287438862436	0.693381526667	0.504675206276
0.66804460432	-0.292831643452	0.864798130302	0.745294542403
-0.74798231532	0.849911038302	0.643381209568	0.884515290459
-0.757409984746	-0.280393613926	0.301813105063	0.792507490969
0.332634598332	0.167769013616	0.10968841888	0.196885421541
-0.423314202379	-0.92558421705	0.29346095896	0.38550436101
0.864187977456	0.057263886843	0.264699343194	0.881531078455
-0.821990849525	0.0626821929801	0.344017887719	0.764056870342
-0.779741462447	-0.502414040908	-0.716009869137	1.87215335165
0.665497632848	0.61760485767	0.131063365009	0.95202464668
-0.400413805861	-0.842190258356	-0.76188271003	1.71967128277
0.865134371646	-0.934162516401	0.451452149464	-0.27763925336
0.166938922475	-0.921046717469	-0.964695275478	1.69327644864
-0.998860412663	-0.0300958090088	0.0836004212768	1.03225664432
-0.797656641733	-0.0714255885171	-0.793146287999	1.37896118774
0.11901188941	-0.413486500849	-0.340573120121	0.22176645798
0.1572871598	0.616886204553	-0.224504486523	0.0336760735449
-0.506427820738	-0.544609774812	0.892958486646	0.843335617572
0.434248746198	-0.369376171691	-0.404894867172	0.341669203578
-0.877527144827	-0.771690626577	0.25906803055	1.31442923577
-0.708411377622	-0.037960998541	-0.00425150315966	0.5289181498
0.502439086908	0.359173434063	0.449647753843	0.796592438707
0.358818582017	-0.00097700542877	-0.198487380953	0.167991370745
-0.28644121183	0.766318592849	-0.580441947573	-0.245347260541
0.544987074999	-0.0439563636355	-0.598300146386	0.657317425833
0.339468933413	-0.937829365927	0.848628190149	-0.278823410182
-0.226891446016	-0.325225567737	-0.77088157193	0.970239422452
-0.462353810029	0.220098421259	-0.550688772711	0.294060096909
-0.439273092623	-0.81381507771	0.083614037966	0.489392858452
-0.368762439125	0.115083872615	0.890622259438	0.9892513946
0.800347311191	-0.512201473011	0.830781299582	0.495286909158
0.680591000801	0.131844827959	-0.164597206052	0.558327463708
-0.707172004738	-0.993882622786	0.656539494657	0.981459124248
-0.76617487363	0.855119034216	-0.323172580012	-0.240057289031
-0.861139900701	-0.345602440169	0.391572539414	1.05717460809
0.0734887881036	-0.512021094084	0.864602057918	0.272615019202
0.705054373565	-0.951970965124	0.0876104946622	-0.249816671168
0.636888422739	-0.164271297722	0.334292832669	0.357841355844
0.692055985595	0.484240227917	-0.905907582719	1.19605448949
-0.334331658955	0.798227204854	-0.867946973451	-0.0945819052996
0.540317017643	-0.923979160804	0.354774347738	-0.40923845126
-0.510201187255	0.848929579034	0.0170059724967	-0.15809355147
0.289382060744	0.07289321296	-0.636416370994	0.463471328468
0.896830345614	0.453363050673	0.223036538597	1.36175623334
0.74899536596	-0.783330116079	0.503980170894	-0.166503401845
-0.285148934644	0.545572330842	-0.531832128892	-0.081566934837
-0.489529225684	-0.792746595144	0.888989633727	0.713270553301
0.915519844081	0.429550992444	0.910309733065	2.45112730192
0.124059945779	-0.789347249458	0.423641812978	-0.237463620948
0.45238458341	0.988688586302	-0.319493732265	0.438115724014
0.114190760446	0.686388526143	0.986799526573	1.74251993582
0.827518093557	-0.6781707998	0.0897799676582	0.0707618779277
0.273362176457	0.755758973593	0.270696594913	0.559180824638
0.772553165753	0.4100550285	-0.121646179021	0.87854386978
-0.0559047987786	0.42472331201	-0.143827011498	-0.0610192002115
-0.841039075577	-0.809900498393	0.731595738623	1.33121726456
0.611932014322	0.0462572349507	0.906022329277	1.26555362202
-0.513848678882	-0.254680908345	0.940962738116	1.04067354274
-0.0539166603208	0.539730412973	0.433999718573	0.396405147976
0.961202101794	0.527180026734	-0.180480947301	1.36806345193
0.392722051284	0.770241468564	-0.190184557866	0.346403551984
0.288802372969	-0.460409322243	0.223819993299	-0.102513916187
-0.0369377651261	-0.938648821593	-0.513373705866	0.781466174122
-0.0362182905488	-0.315132669056	0.358943224524	0.0284508331876
-0.62201992376	-0.534375941489	0.929932221159	1.08714179768
0.678134871469	-0.860397845358	0.132737639614	-0.220186776523
-0.628048899503	0.294121177415	-0.927142127542	0.79662332885
0.478675612233	0.188555564369	-0.843686482291	0.872112391543
0.2634725254	-0.53626737837	-0.716300307252	0.825340669237
0.632148994373	-0.757489841058	-0.790744187603	1.14502296903
-0.764487529743	0.417007762909	0.975987254953	1.62518933223
0.421503167577	0.0931589813692	0.190740447837	0.27108283028
-0.975551581777	0.306039267196	0.791177344532	1.52123672275
-0.948087345651	0.715266475745	0.610284718492	1.02969815798
0.795148456901	0.126650206187	-0.994568635843	1.59617123313
-0.0917684871381	-0.67044482217	-0.206738040949	0.251294228948
-0.476119555499	0.107183166577	-0.838017190025	0.788109304205
0.607686363671	-0.116553664205	-0.283348634054	0.411766414185
0.283084546659	-0.424002980924	0.13977773448	-0.0796201921097
0.109063391611	0.465977119752	0.429186487647	0.446907993012
-0.288198630039	0.224613820388	-0.682443742759	0.330768220803
0.877750498855	0.577335890447	0.185425745456	1.41863844903
-0.102727365847	0.399544920176	0.27482621843	0.154843584348
0.189008621537	0.272071396802	0.186937007493	0.172953756198
-0.211203988975	-0.123866970183	-0.99815938497	1.19072945974
-0.373200603306	0.607948846813	-0.126824541842	-0.148626555649
-0.0662288317897	0.375997106091	0.897607752219	1.12268200315
-0.852228379676	-0.531143791799	0.947389219886	1.57329545558
0.629054133293	-0.983638224404	0.206520699522	-0.383543442963
0.809867217422	0.250441969429	0.358893028355	1.0773957334
-0.291587435879	0.363881921188	0.425740114067	0.31509361176
0.472512282585	-0.298348255473	-0.76646832003	0.89844281376
-0.22605586697	0.145561487408	0.162733735574	0.0683662600537
-0.277567776475	-0.509142594122	-0.233030369704	0.391314288442
0.943874325221	0.769434199931	-0.283049908692	1.47947689885
0.487017729416	0.806732629863	0.799536592416	1.91435038289
-0.604648835217	0.00379078906835	0.338668980214	0.479288618562
0.692963306008	-0.132873175886	-0.100201034547	0.411476185243
0.742488080597	-0.596571964099	0.257153946066	0.021058294564
0.0157405159877	0.324387952053	-0.455055211411	0.0648146149208
-0.564521316199	0.520792834945	0.122199258051	0.103258816489
-0.726090448437	0.912378449248	-0.630582027046	-0.312957697173
0.74825155836	0.195921117885	-0.492074861641	0.852208488844
-0.327678033521	0.00187221529679	0.714334433506	0.618370480571
-0.50954446622	0.00660923555197	0.930162346166	1.12761751593
0.406696047301	-0.613953024386	-0.98475459827	1.49004408934
-0.339226372078	0.775073642869	0.578068573358	0.634358102034
-0.964177158765	-0.0445631723035	0.746644192676	1.49680910299
0.275724301485	0.0334510161977	0.193642660537	0.129222172258
0.0558130329628	-0.325855393265	0.166805718078	-0.0416022784365
0.246524671629	-0.744816225951	0.455704748039	-0.254590635002
0.1129978481	0.707807269206	-0.148931935258	0.00951482691245
-0.421817326799	0.375801284497	0.41008887607	0.341695176615
0.315715518894	0.659922829061	-0.647928457333	0.300252672506
-0.0525978601097	-0.549654544902	-0.207185556322	0.188483525168
0.239327379726	0.683751508376	0.753880017659	1.3047197318
-0.955645433273	-0.22590320128	0.264273119515	1.13928169479
-0.919155045685	0.596447708601	0.553345859686	0.932851587665
0.113684562211	0.215811628812	-0.631897314042	0.300382057135
0.885843338198	-0.902391142713	-0.0775873625867	0.0613751852258
-0.411176914013	0.392772357505	0.566619744711	0.551178036784
0.139685663468	-0.188393331012	0.563947845	0.204989395987
0.263572894588	-0.201599261458	0.0775615647383	0.0067140120281
-0.566460041056	-0.00900603906423	0.832696797093	1.01186319538
-0.444941052683	-0.487059983126	-0.489786272573	0.89313140843
-0.86080173971	0.422680269062	0.912563035789	1.59562940793
-0.37805118393	0.714857759052	0.989105898765	1.55807038075
0.108996934449	-0.288719160076	-0.355892082533	0.20982286591
0.893715743846	0.52756534259	-0.516278611341	1.26439418544
0.934290328661	-0.232018042858	-0.785960908383	1.45621786594
0.0447602330789	-0.36234686687	-0.128438935897	0.0488207545095
-0.386731110581	-0.1806797205	0.504619260491	0.382901551974
0.418346890702	-0.564036548408	-0.82581157888	1.08680386109
0.462289430984	-0.241627174793	0.612915184399	0.329577887727
0.325949633063	0.25308283818	-0.711653916418	0.515079325317
0.373198341518	0.983131956882	-0.116550199766	0.405179941008
0.228898574208	0.0869620411646	-0.129688520201	0.0778411783469
0.962962245307	-0.838665873742	0.513738278791	-0.0472350303156
-0.407791418671	0.0842645112079	0.795850107725	0.832370810861
0.935553797387	0.661983042626	-0.301210098069	1.38591320313
0.747672206459	0.880888484406	-0.0866551907977	1.1488051275
0.215129024668	0.18421507319	0.447253436054	0.368336966799
0.937129151355	-0.401294937964	0.603833900126	0.624445753113
0.5489292062	-0.630030889455	0.550017388625	-0.0885278993919
0.0332275251844	-0.471362750527	0.16649873744	-0.0653176225041
0.800613671407	-0.852895488878	-0.896137675229	1.52551697575
0.188997477395	-0.245546973342	0.358494830972	0.0298035110479
-0.230587137865	0.8541826991	-0.53231000493	-0.315129171071
0.782294723656	-0.556525188928	-0.487318726195	0.685303002844
0.161486252152	-0.490363999389	-0.466975172463	0.393944390063
0.033135213875	0.73099846841	-0.369892470837	-0.108250656685
0.10289086788	-0.0483946321804	-0.775258177961	0.64415074185
-0.874552902951	-0.0391792134394	-0.582934473115	1.161758589
-0.842433417284	0.514731117577	0.475811845114	0.747379442938
0.443417234108	-0.369382957314	-0.356331025214	0.291422481652
0.647741087216	0.615355786364	0.463505605711	1.31821804516
-0.521936795349	0.297604793539	-0.0509705323146	0.104516046537
0.890790891358	-0.982880830593	0.440843592808	-0.320986522397
-0.954136509413	0.1066986676	-0.93597422722	1.5847519354
-0.710254448697	0.313746323706	0.0935278718773	0.319713148502
-0.999111339231	-0.227291952148	-0.712305537486	1.89459392976
0.184867765057	-0.871778426804	-0.59770057103	0.75132079729
-0.0503464602106	0.38457577733	0.398540235647	0.295275977336
0.650156085341	0.548167428626	-0.980083264719	1.20241080754
-0.966608954082	-0.49624427429	0.188089552913	1.35604634528
-0.246614764231	-0.890173949425	0.669994559791	0.132829887366
0.549769783246	-0.626071539308	-0.81688747791	1.13678675241
0.354019191753	0.191029812077	-0.866737098549	0.778618380746
0.460651850626	0.0588932372239	-0.274026237218	0.298281492692
-0.377011460992	0.40381669374	-0.420111102906	-0.00326041775445
0.171402346458	0.0766384107389	-0.590081592884	0.345488138577
-0.286255390352	0.355857793671	-0.514221326823	0.0615098430065
0.39660607159	-0.77226233679	0.108721892507	-0.221128928467
0.356144508287	0.521807182631	-0.629791828904	0.380685521131
-0.565090955186	0.101927371206	0.827939762089	1.03160352519
-0.887722088065	-0.517639778142	-0.44348383864	1.67381356134
0.702405794446	-0.86333496689	0.589017504397	-0.274615370391
0.0421400855404	-0.938079487242	0.11460309602	-0.13212790696
0.546027355985	0.786782665248	0.702575721519	1.77413777511
-0.974956413754	-0.0729824463229	-0.0994182116487	1.03883447796
0.635593133907	0.569713354486	0.0527342526842	0.798908837676
-0.249747750641	0.793927772585	0.649493357797	0.801584700263
0.724603833828	0.14974439785	0.0659226367104	0.647773420345
-0.295940533108	-0.0936969387437	-0.989181355649	1.18647254039
0.17499208	0.819863500757	-0.90604688364	0.25217803286
-0.0730861814379	-0.95555115507	-0.824819232898	1.54366291269
0.752516059761	-0.477674158998	-0.238755142885	0.377874124557
-0.497776551178	-0.967405870731	-0.769168809087	2.06505253119
-0.868274446987	0.0519535499877	0.0698719293744	0.717302756695
-0.645512121642	-0.420537175456	0.0440604619541	0.671560005633
-0.870789946359	-0.630560969934	0.811048113856	1.45374504152
0.615213994379	-0.218071565615	0.630159629758	0.504008841865
-0.626631954307	0.401909867765	-0.0141530265784	0.135330107386
0.689767993548	0.69260872579	-0.630032420314	0.914094114833
-0.139212568978	-0.59282323135	-0.620654082861	0.855058233871
0.739341137011	0.699670755503	0.600301946148	1.84429683152
0.700575061354	-0.572633284117	-0.249322371854	0.294564752143
0.416753738748	0.574045149358	-0.675466678776	0.481426004597
-0.519873757386	0.399272167344	0.0650969635309	0.0929266221391
0.707177571998	-0.953542907113	0.0474344365479	-0.217204784263
-0.453311585553	0.305050540028	-0.523498628738	0.181565724514
0.351127539321	0.982695955882	0.345399631144	0.927065887643
-0.757928482616	0.508709151096	-0.925532775936	0.574674356352
0.710447269878	-0.542079335194	0.0132200376495	0.112624999706
0.593721808841	0.798566417344	0.579390004093	1.62500606074
0.533842777175	0.272463489069	0.407409759373	0.707427772976
0.122953906291	-0.0260804908091	0.990104737877	0.9663959393
0.680568128978	-0.433054421119	-0.268406916283	0.356727015518
0.920338896777	-0.885872027706	0.3847363461	-0.161083910785
0.913771314558	0.771169916908	0.587951565843	2.33874856799
0.118496050613	-0.987805279123	0.448712015614	-0.344907335213
0.283579566486	0.196952266713	0.648457595878	0.684481455969
0.635301025971	0.491352616158	0.397208308102	1.06870799613
0.62493612955	-0.527289817177	0.112044151506	0.0144968602425
0.726728740669	-0.837679153942	0.462422653549	-0.254157960788
-0.778119539471	-0.697720610726	0.472349026275	1.04192600954
-0.058320247867	0.623417548114	0.1853805792	0.116978850678
0.969745797026	0.70783012364	-0.210114411373	1.52224495434
-0.00952730969478	0.497323864902	0.427519001898	0.390740510477
0.642807310835	0.744221706581	0.385981242573	1.32782953141
0.412323198095	0.864834807076	-0.761590835077	0.447972210313
-0.102273118427	0.752721745304	-0.566223919274	-0.172122939438
0.698935309569	-0.213086621656	0.610482694504	0.582180228428
-0.69990381821	-0.916173627882	-0.0423311473882	1.17167338196
-0.458287737066	-0.454808261916	0.995438093012	0.956624227189
0.378132655216	0.334596269022	0.637925183024	0.889902005862
0.501086786113	-0.0858223562081	0.117653898368	0.211828623594
0.34214041302	0.157477268598	-0.240612350297	0.190942727341
-0.431244711351	-0.86369311724	-0.581662153828	1.39914355013
0.139622908345	0.636745692087	-0.0789192307988	0.0643756066958
0.694285245156	0.712064985982	0.716653134453	2.00030353426
-0.676003355715	0.66005357081	0.848343432919	1.29042080047
-0.789079624504	0.849984177103	0.894502652061	1.51238955368
0.665781016083	0.00491782648777	-0.780715607582	1.05221599292
-0.114640234574	0.820212099918	0.282003931331	0.229942329837
-0.119591994649	-0.0959156444993	0.457344351042	0.19107036567
0.634218133592	0.696737110858	0.455670768775	1.36923453548
0.0749935710995	0.38989271735	-0.285162629067	0.00499837560876
0.50693639329	-0.555468884447	-0.43963414159	0.412878378621
-0.147644192704	0.290766049343	-0.302515960082	-0.0175765754539
-0.776107368857	0.482157032643	-0.915311562536	0.62460837159
-0.245826847917	0.159313840724	-0.817611795806	0.559499393093
0.723514410192	0.797305125621	-0.0856876647996	1.03935801101
-0.440808500594	0.468183093461	0.618110544747	0.659382599231
0.765891716291	-0.0135025476375	-0.639834977688	0.994276832639
0.493905594456	-0.319762103494	-0.623254017542	0.673749030466
-0.847325349136	-0.559335775532	-0.958951344146	2.64786310279
-0.549114481556	-0.900302720349	-0.634984564554	1.77077970345
-0.770031481382	0.824715935059	-0.525957509571	-0.199242988306
0.724065679707	0.692499321811	0.479519023293	1.5876911928
0.218822270251	-0.436044319951	0.450566233608	-0.0409899381226
-0.279219099747	0.0317562400762	-0.292882482683	0.145575659126
-0.33639978604	0.125785271436	-0.532252772059	0.287194131608
0.274474769027	-0.315145489236	-0.411140340806	0.287442317151
0.720710931164	0.283563676342	0.616880927446	1.27925878982
0.786639012643	0.655921914658	0.0658067194339	1.18226929726
-0.517293592156	-0.119035447652	0.866404988065	0.976693632537
0.492115353359	0.818130289396	-0.222647498955	0.51220924351
-0.609969137385	-0.725783528157	-0.387358902197	1.24595353097
0.769179761332	-0.224434126566	0.520113404855	0.572794073511
-0.37782273568	-0.212479091805	0.72107470897	0.589764887968
-0.836445946452	-0.364541664805	0.564421716445	1.117377861
0.933858567693	-0.78225198424	-0.270012282924	0.425703383892
0.147740419652	-0.0582959362814	-0.700573117845	0.544857824794
0.440179931094	-0.422835910346	-0.113471839967	0.0684903170744
-0.26329047374	0.107484397295	0.175394972846	0.0906378751235
-0.87782415311	-0.738256166248	0.421576059138	1.28512958614
-0.38445793959	0.933548887829	-0.232965287958	-0.37431403469
-0.396776143372	0.862582269767	-0.443909239275	-0.37067358486
-0.682179130409	0.644941749349	-0.202868612496	-0.0642801996644
-0.537999680254	0.667647302161	0.832984671706	1.18025305297
0.934294795181	-0.016414460687	0.508972877157	1.10826969352
-0.919224366681	-0.857965240656	0.531027685423	1.46002309804
0.619774843312	0.559513007174	0.54160272261	1.32726021991
0.216764918133	-0.739839084649	0.605188634468	-0.194873050958
0.743525266366	-0.235492017625	0.698962996534	0.701684620818
0.415879635489	0.65492418204	-0.987149894591	0.773282078438
-0.984750005872	0.276731459537	0.481225288189	1.06196922202
-0.3152093194	0.492769896359	0.0109671194252	-0.0504442046045
-0.702023537673	-0.0494201209575	0.772912384527	1.08672726622
0.442090521434	-0.809613476478	-0.760503533649	1.03160111961
0.771826132524	-0.561003896263	0.399053254438	0.0980911805845
0.905237370652	0.991850303439	0.732099815476	2.97941822194
0.121153235434	0.396553201531	-0.954615326523	0.595456467513
-0.39765535797	-0.939726482657	-0.401011073703	1.06946766161
-0.551858702239	-0.433521851173	0.781606540499	0.815856103242
0.633854098668	-0.153265274564	-0.301061529763	0.441403518655
-0.750564540562	0.247278033924	-0.489304483727	0.496173632694
-0.515386145972	-0.876276879403	0.412808679166	0.525920147564
0.564741189966	-0.0235976871794	0.946223834503	1.17861687664
-0.927508344713	-0.0409341359752	-0.602836441826	1.28632684669
-0.943914858542	-0.530304189543	0.979234335546	1.83114507746
-0.0120461954447	0.131683721102	-0.737514471745	0.445367769011
