-0.823360071883	0.137429428308	-0.892294155664	1.23832928854
-0.0587074080979	-0.707531647246	0.55723044595	-0.0387684965024
0.0975393359766	-0.784506013585	0.647240434514	-0.155850106613
-0.120663089529	-0.877295542654	-0.518626220537	0.84437839999
-0.670370686755	-0.00734504334115	-0.558106202197	0.769902606584
-0.928198008224	-0.198020936531	-0.577569987271	1.49331222133
0.488925314244	-0.198275499913	-0.324623507584	0.311851361732
0.435134129712	-0.247221305215	-0.562423948838	0.537131164292
0.666925849325	0.0365161773197	-0.537238243207	0.738150714082
-0.691434655676	0.620438269414	0.738721453548	1.05312980804
-0.0917695390017	-0.260538313644	-0.732379208212	0.7595232777
-0.187273615915	-0.197814785963	-0.732779328548	0.754037027849
0.543989139861	-0.361348019713	-0.620258231938	0.70820414396
0.235926090165	0.77340149333	-0.201298754365	0.122963141747
0.250420300268	-0.498174649838	0.617636188873	0.0117410510739
-0.00194441000989	0.246885111628	-0.920142978042	0.61901723304
-0.50145509813	-0.748689182171	-0.862793184085	2.01726722463
-0.682440036261	0.809826803317	0.1931306813	0.10676803239
-0.342513896064	-0.0839194139304	-0.270901068189	0.242180582039
0.743414591555	-0.456094352922	-0.175413656964	0.324373187265
-0.293725770792	-0.710251257987	0.422360652714	0.173300262682
0.120665608464	0.947621034418	-0.0940184318086	0.0486510796921
-0.905029314164	-0.628022435165	-0.750710416315	2.42248588619
0.927251099567	0.262348409213	-0.909727876905	1.69199660126
-0.345040451445	0.434676966879	0.0249708353227	-0.0194504341759
-0.650323979149	-0.584271089702	-0.0562530933749	0.838918244493
-0.0114646122817	0.623253316986	-0.407067200484	-0.0950161975259
-0.412698312802	-0.421623178535	-0.281510080144	0.542262171812
0.0098881315555	0.188837240323	0.702160535197	0.627588497539
0.151197192054	-0.883415351065	0.773553333503	-0.195693459523
0.113240517314	0.453569757856	0.214988689114	0.207918392889
-0.49399475432	-0.934109103152	0.965944924578	0.736227464341
0.01657859151	-0.840235345679	0.585928737924	-0.1626606186
0.76569282165	0.658573058194	0.588205619247	1.82391238435
-0.931198707781	-0.260318575955	0.277964002372	1.11444414826
0.737451344725	-0.864874670373	-0.0611668897444	-0.0373254208421
-0.561637363237	0.0860868924947	-0.663357028741	0.650023114836
-0.556272214322	0.784358227599	0.878049102962	1.3327973537
-0.0951965981944	0.0301110514381	-0.967287131523	0.91271428488
0.600071561513	-0.563387759331	-0.404115150589	0.412995490595
-0.906945547311	-0.0528457283371	-0.849053923444	1.63623986169
-0.889185568895	0.253502413669	0.521841078693	0.969846372428
-0.891099381296	0.155710004687	-0.456760438116	0.792812946376
-0.327207085912	0.0944651258658	0.845292073354	0.870524129893
0.168328898316	0.0314846534153	0.597913673311	0.40996026054
0.541835590381	-0.830033256467	0.676929821679	-0.259796033359
-0.225858713414	-0.0680230971367	-0.372751088042	0.230674824732
0.655250577172	0.333041824556	0.369821147736	0.907512757761
-0.504067193919	-0.386106034779	-0.272933403289	0.628580998226
-0.589154246924	0.779703638491	-0.620838365874	-0.210892639536
-0.14241672236	-0.264644547335	-0.283050177019	0.212997420511
-0.522365945232	-0.492660752911	0.155326049751	0.477818513726
-0.116751412473	-0.364886510381	-0.123383178526	0.116476173989
-0.349970337489	-0.0992131412783	-0.101333439808	0.177522968562
0.103295887294	0.0904827806437	-0.713590069365	0.464659712824
-0.220735288982	0.127762385735	0.609997588032	0.470554205209
-0.314872534463	0.528884362832	-0.461990637225	-0.0982907217233
-0.155933363195	-0.0570206269808	-0.415224868135	0.229294705331
-0.0899369224107	0.394608586533	-0.312623004961	-0.0530318106912
0.959894475687	0.730888637943	0.97079821862	3.27496793936
0.883098237959	-0.46261600865	0.403663057308	0.347529987219
-0.183260239137	-0.949768710404	0.690444263117	0.0285900793272
-0.795283526225	-0.188122381719	0.560208690614	0.990532502082
0.527340761325	0.770886673323	-0.417737271276	0.537084576197
0.150208546462	0.767577354091	-0.713818872853	0.0994854676015
0.441242605119	0.655999249032	0.840020227798	1.74083647589
-0.0563381586764	0.487271444941	-0.885053459713	0.327780360524
-0.124414626984	0.709084433717	-0.448152885828	-0.189678702104
0.936066919422	-0.399049353726	0.515539913716	0.562739911644
0.869961964092	-0.906615952704	0.646704954334	-0.199973306256
-0.775434285468	0.710698665463	-0.492284006458	-0.0573238241613
-0.61400922289	0.389237885237	0.62149126885	0.766171018797
-0.867233117539	-0.878299362669	0.91964375349	1.55180568534
-0.976616930045	0.566254516764	-0.753242469207	0.541614147273
-0.232411364492	0.104763635626	0.455252392205	0.284615419183
0.783783585584	-0.156881182698	-0.919656783768	1.48140125699
0.259223915718	-0.202601541662	0.876234129584	0.604937737858
-0.467538022577	0.0912751006106	0.398123093282	0.370757945304
0.655402553956	0.359614054284	-0.178653147887	0.632915241776
-0.887713050496	0.153736184158	-0.00616397885118	0.650651211059
0.813641208311	-0.889599151059	0.450136966317	-0.259620686969
-0.785004616256	0.000589768427587	0.897747434701	1.42224919621
-0.668519944915	-0.413665518863	-0.821400226636	1.7379458499
0.496995123451	-0.178463099803	0.220784907354	0.167652878775
0.18547295378	-0.15808325349	0.0083340909942	0.00383202546938
-0.587253850748	-0.898103640989	-0.731447124239	2.06421212779
-0.21154016712	0.520483989116	-0.749497663284	0.106291185913
-0.812032605459	-0.406480676123	-0.124677128378	1.05569574461
-0.405448440948	-0.628907787504	0.362086413036	0.322765725809
0.626095544103	0.805928608417	-0.488289598522	0.741484116323
0.322423872292	0.489329793586	0.668017635184	1.03485725275
0.22223362433	-0.302179200933	-0.462517152941	0.33591858522
-0.423116061321	-0.24623140034	-0.966279779663	1.45483669749
0.117626444267	-0.513926321139	-0.870976338767	1.15960210289
-0.147003860615	0.096743822499	0.233408706447	0.084448894349
-0.231396302017	0.485332162441	0.405135522254	0.302000271438
-0.177812309523	0.236989012292	-0.0749623955112	-0.0226682495197
-0.518200338561	-0.251551359208	-0.273964003569	0.542857883115
-0.816381518925	-0.400644825732	0.406043237876	0.995749804568
-0.699069388934	-0.75095906177	-0.443767403974	1.54385116513
-0.550169327602	0.291156655753	0.889920383997	1.19356536026
0.202620262766	-0.504223130271	0.814053132276	0.19110723134
-0.721879907492	0.916962210863	0.0193296973963	-0.122727755849
-0.266569826494	0.632271387847	-0.156346884618	-0.171894315152
-0.511273433806	-0.947904704442	0.293713150943	0.553894354778
-0.949765112132	-0.740174812509	0.358720400686	1.46821050257
0.73954701973	0.237398892339	0.479957476607	1.06679799038
-0.64955478257	0.720870596494	-0.563562068136	-0.134976647584
-0.395962605409	-0.605738740636	-0.398832541559	0.797291992476
0.0222844553363	-0.00507967291674	0.184640595136	0.0335376347473
-0.270742517333	0.223206652644	-0.638780258306	0.278330194839
0.311082929463	-0.479518508224	-0.163137128205	0.0524435616847
-0.291977857884	0.658818024644	-0.968290905416	0.192550569848
-0.921444296631	-0.0551243860532	0.415546195741	1.04962555481
0.624700390346	-0.0714104695884	0.535019495174	0.593680296299
0.684167483823	0.696037095789	0.660061489637	1.83939954679
0.455456108063	-0.857004816859	0.517117291519	-0.358649528631
0.455333843413	-0.590445713821	0.709574905642	0.0230100778013
-0.79584933433	0.00983917135212	0.657481372678	1.06429649229
0.885781788693	0.258016167086	0.370227902419	1.24574888323
-0.174372338057	0.974705497996	0.846885289587	1.40312247733
-0.191659472711	0.298756749476	-0.635105326477	0.193090565213
0.330353603132	0.103864281756	-0.171605107402	0.155070114478
0.400075463705	0.482526322214	-0.675111855582	0.483124095559
0.439998235009	0.939412744872	-0.881981679375	0.556285248904
-0.480681970614	-0.0976684979789	-0.489277980419	0.565182630513
-0.70603980643	-0.0215648500596	0.492546039137	0.745697770013
0.480909794916	0.760033059358	0.422136196931	1.09581800753
0.066850824713	0.951395755607	0.531910584763	0.857056966544
-0.672166760325	-0.12094669452	0.0820741853285	0.52991407199
-0.204250614248	-0.892401672715	-0.00923184602553	0.232315645045
0.307026258526	-0.868196802488	-0.0173869385042	-0.156896502463
0.368091077859	-0.808788755348	-0.888818961416	1.34664904459
-0.955866016978	-0.0134289718747	0.275835685084	0.998897275779
0.985507707818	0.89585203138	-0.258185503216	1.6894582707
0.87346232932	0.295380787461	0.94221433486	2.1870202964
-0.595766512281	0.533757781951	-0.253336658743	-0.0340982253949
0.51208309959	-0.439698319783	-0.734457100327	0.899433807593
-0.168062074623	-0.446946057997	-0.590554795606	0.716060647219
0.382699000527	0.125992913127	0.0558836628692	0.204839816188
0.511139815851	0.985742059229	0.655664855618	1.84132875381
-0.562683400066	0.162548689041	0.419038030274	0.46885611298
0.556354914512	-0.987027625559	-0.285297789212	0.123384748655
0.815137711707	0.0228044378994	0.258550305846	0.755782601419
-0.962667114945	-0.0143161513119	-0.320110756198	1.04756331253
0.474852557311	0.498772649672	-0.097704947009	0.423142120762
0.306110198578	-0.607617387549	-0.82220387606	1.08331015952
0.418885382605	-0.821316067979	-0.536776602124	0.560420037212
0.325489942566	-0.198249516195	-0.322435064865	0.20930244574
0.25289426582	0.532054933684	-0.390982936505	0.143352407798
-0.160361082951	-0.691272574048	-0.606380484328	0.923440385542
-0.712680672991	-0.0231392977248	0.89179754337	1.29907196143
0.148936929114	0.622034515151	-0.987615457384	0.475879508818
-0.70021455716	-0.846187791661	-0.742369519983	2.26210996478
0.806351772427	0.0270442102005	-0.163703500208	0.694381931835
0.575881713842	-0.915155046494	-0.602097969824	0.718153652565
-0.996803873543	0.981496761459	-0.935054585846	-0.0281677806651
-0.147938159031	-0.94096856787	-0.746947792129	1.42187625493
0.817714756366	0.981092668285	0.0773343397262	1.55276412881
0.693912265359	-0.816463631016	-0.729738702907	1.04328378982
0.914670647434	-0.583956653757	0.683471120964	0.370509647167
0.269635240952	-0.409953638612	-0.968696183026	1.29765803499
-0.0804987091485	-0.799982161336	-0.233655600646	0.31239282563
-0.0940656830198	-0.717918147187	-0.177696793145	0.23552771638
0.190501883497	0.820751490113	-0.371637968719	0.0257380355505
0.117882776409	0.686789831899	0.0545999087029	0.135336853318
0.825245022929	-0.90842624854	0.977150983376	-0.00149045020911
-0.380022418023	0.857114982058	-0.992236531333	-0.0472333324441
0.751925823129	0.554146142775	-0.583961122491	0.999480027051
0.614263191695	0.496535070233	0.0456012828854	0.707044598903
-0.260757741615	-0.17297114169	0.437948982764	0.229144940037
-0.231951123435	0.321776502682	-0.984823140069	0.632148573815
-0.426297985949	-0.0638989746748	0.0780644846532	0.210075800269
-0.260398859652	-0.409751919979	0.830417546233	0.523834615949
0.374225340692	-0.3188102463	0.275009827265	0.008692186905
-0.89273612276	0.31016759791	0.352425930845	0.753595107259
-0.754051294312	0.445245212423	0.925749601068	1.5020535274
-0.537268894809	-0.799344660266	0.142481578318	0.624529998867
-0.56734453069	0.204240418427	-0.229980631433	0.211924882604
-0.743058626699	0.267319514658	0.322362920127	0.543593802885
0.906214753784	-0.371069980595	0.739153005037	0.757025762494
-0.896107936952	0.321986823069	0.71916405882	1.26323278099
0.326320053204	-0.2484075303	-0.0605304220027	0.0441245632447
-0.0380694638798	-0.832618823756	0.292728314116	-0.124894602377
0.621286285282	-0.169866895595	-0.211512062339	0.361126925648
-0.845124317038	0.390616733974	0.827364431348	1.39182970497
-0.568169700029	0.135065808565	-0.669989151714	0.604469345003
0.582066981415	-0.568536120587	-0.362361990919	0.345197960346
0.340024822218	-0.16796454271	-0.713444399507	0.68734103945
0.745767624836	0.676670780635	-0.879133526777	1.23880029918
0.299249641869	-0.305124075094	0.201740851169	-0.02261454163
0.71204462674	-0.341818346334	-0.344759642274	0.500322015387
0.0719052218692	0.78698426331	0.773549194862	1.26890803912
-0.911748898796	-0.304751224954	-0.882843463138	2.15760285545
-0.386746280511	0.249671556165	0.585748427479	0.542359081496
0.423050159457	-0.772539457122	-0.758371302421	1.0131472835
0.671862034719	0.344397487834	0.959374933789	1.9335927713
0.052309918699	0.799094283813	0.0614013403222	0.0973724692767
-0.199347235831	0.628605175824	-0.183847474972	-0.167338964072
-0.736501860116	-0.284496205363	-0.12558527757	0.803467171261
0.98373318538	-0.148159057643	-0.158042766894	0.870374981877
-0.627194782394	0.948565925362	0.196064653641	0.0228592939369
0.152463943905	-0.476832262575	0.835659885064	0.250403376625
-0.962794895113	-0.635644280182	0.698157308852	1.58261300599
0.193181670484	-0.126297590872	-0.716898205716	0.617406331869
-0.585600799024	-0.204002358652	-0.601989701019	0.947591159073
-0.697412682774	0.618475566712	-0.872753220125	0.276973386705
0.728937294411	0.971274431997	-0.888940893294	1.16615808633
0.819975848803	0.782619015926	0.522042145833	1.99517719696
-0.761960659987	0.0268500557616	-0.156014829752	0.580276981382
0.939422997446	0.563274151899	-0.912135461856	1.72987703237
-0.514813924332	-0.0484560917027	0.981018436411	1.20484010068
-0.399900095208	0.0968666308478	0.0276116804774	0.124620166607
0.615936780663	0.117918934166	0.556154250722	0.826897393536
-0.932295117563	0.132961874082	0.127015660137	0.778235698333
0.153978303267	0.377864986396	0.942924114517	1.32729622079
0.608455706642	0.133518891096	-0.166492431302	0.456948523055
0.0711245141986	-0.938081664414	-0.689262422675	1.06000522185
-0.909663907869	0.874394757848	-0.519155406863	-0.152341356958
-0.483765903671	0.43688879608	-0.853139102331	0.377796958935
-0.570757062045	-0.504583252869	0.0133702060236	0.607190459201
0.306639892995	-0.202137341954	0.523353503211	0.200154254351
0.380519818855	-0.669205128921	0.256037381633	-0.215636870083
0.162872435866	-0.428356349427	0.731298220879	0.178300839938
0.30990006294	-0.101024668731	0.578780813528	0.341246587965
0.177160870003	0.619857861404	-0.865112577745	0.353373471723
-0.382730604493	0.590709951808	0.428928365679	0.357751735783
0.661981845391	-0.962156625068	-0.280136412363	0.149301260019
0.969734553964	0.0520959537053	0.443553178203	1.21075109931
-0.238818503444	-0.117889126437	0.941824101456	0.861190199841
-0.0835120528021	0.868339990142	0.0575763409224	-0.0122317178007
0.701504665988	-0.949876823378	-0.29406382025	0.191563710519
-0.0886762342685	-0.841546488645	-0.240272436806	0.3424199175
-0.757805477705	0.252894950945	0.810017665335	1.24360195882
0.266658071458	0.226641331501	-0.865728186182	0.68481777096
0.153141808323	-0.52991519011	-0.500877070859	0.458600451324
0.514988537292	0.318547559427	-0.807753051467	0.824418764218
-0.957271034724	-0.229623523872	-0.578128878074	1.60316477211
-0.724728650276	-0.592217213171	0.923742326429	1.26067217749
0.949241210808	-0.744035059927	-0.689667753525	1.1835687337
-0.200330368681	-0.261130600576	-0.57352780989	0.571144456264
0.873860110102	0.365486087797	-0.803708289961	1.43521802167
-0.219283985212	-0.464258392782	0.94704392381	0.607109000371
-0.795968804173	-0.476452432061	0.0641272388868	0.986366333647
-0.430159536581	0.903907168829	0.0479646621013	-0.15813085121
-0.421962025736	-0.0276772312044	0.635604506279	0.576132007236
0.575891877157	0.430427992673	-0.14398435467	0.53828803649
-0.306900271116	-0.00666165462252	0.413983862744	0.26485706112
-0.402515293068	-0.751345013566	-0.893299136172	1.93360561776
0.94521950048	0.503623176183	0.376619690579	1.70099114722
-0.44649824516	0.509540678205	0.691037444521	0.801496102151
-0.782738939722	-0.642188194751	-0.756041592166	2.17246582873
0.301045392969	-0.162794653296	-0.239022816295	0.137663291472
0.666732503786	0.820441281383	0.946753321947	2.66464446258
0.261895409973	-0.238059847785	0.767784147119	0.412956343703
-0.543185972192	0.722349827769	0.199126377024	0.0861709251009
-0.125339759597	-0.516654818945	0.659563232764	0.174724581545
0.514549953253	0.958621156105	0.804958232984	2.17762787422
-0.779969835438	-0.833111449458	0.107336076212	1.18025286355
-0.46282486321	0.63921039186	0.0671802876556	-0.0341800791224
-0.39546036416	0.517570138898	-0.64549455827	0.0342849405891
0.705591189599	0.303052166917	0.706052598628	1.42417090781
0.618999513925	0.868557497055	-0.97037723453	1.019600622
0.242400516212	-0.170720971547	0.432226575758	0.130404830478
0.478668959838	0.484304853294	0.167725548806	0.570307830513
-0.584809418858	-0.889033172216	-0.620298945838	1.79815415092
0.388258955365	0.955966774577	-0.780654540492	0.38504938614
-0.672496163713	0.60324937783	0.189649462427	0.196941036669
0.169459397486	0.472891481013	-0.567216795648	0.16235529556
0.866102779822	-0.079661091393	-0.471349665311	0.940858068271
-0.232745756389	0.58677475536	0.772809618342	0.968301133795
-0.548502782444	-0.942687798438	-0.106493685724	0.929653386011
-0.429201865383	0.602255307036	0.551856750593	0.562629669975
-0.305773726821	-0.828933824697	0.792344666503	0.317972532533
-0.926803915002	0.536200988391	-0.751257228879	0.523574876876
-0.897523783812	0.353555155272	-0.0180249817141	0.482176856519
-0.0743493290467	-0.259327466203	-0.624132861201	0.576205267746
0.563623076951	-0.731093603438	0.460636081179	-0.218972746616
0.861702524408	0.124908481243	-0.33314038456	0.919535650527
-0.67789383602	-0.084792262403	0.774667961563	1.05144480654
0.738088509512	-0.299024564696	-0.357364733404	0.558638439135
-0.0688976442216	0.629604160142	0.791175983365	1.08545576914
-0.329491514301	0.103707502164	-0.908289844004	0.805187885821
-0.0601645427603	0.205007256776	0.525038511508	0.374587747851
0.599969854659	0.348307853227	-0.981338682791	1.19015567903
-0.947058061094	0.168441234161	-0.394823212296	0.826776202264
-0.535056517073	0.35450492236	-0.213553284896	0.0665046222268
-0.970984959851	-0.841296397989	-0.530049608861	2.48657935602
0.392229415599	0.646251664792	-0.77472520377	0.506854515936
-0.726216774498	-0.291217256749	-0.904472410547	1.82034597608
-0.609882654833	-0.030420467444	-0.18165424562	0.429034040128
-0.754964775251	-0.102221507058	0.665530873273	1.02204522339
0.925837809509	-0.298991768488	-0.973904752177	1.82003773602
0.683843389269	0.13641882832	0.259447142551	0.663637189942
0.492201003814	-0.908286793121	-0.563600178867	0.624757917515
-0.488897291781	0.0338979097786	0.908145587547	1.077960611
-0.0557886008384	0.75909834769	0.449657408961	0.50428931487
-0.768548591247	-0.65899739007	0.950065997442	1.37367283967
0.583101261088	0.0127857391014	0.290788181576	0.435738169643
0.0416761008965	0.102239900034	0.50226800455	0.309622836745
0.588676043836	0.522462578544	0.594686746029	1.31845458503
-0.685139140829	-0.0470723537985	0.61501735865	0.850962791077
-0.335927837478	-0.278361811602	0.185933655669	0.189171488481
-0.957723398933	0.684831817282	-0.255966374424	0.151579520595
0.215742462763	-0.476500765868	0.540852477682	-0.0214518557207
-0.0167127838169	-0.552409191935	0.700087597952	0.112899433084
0.67532773756	-0.95470174313	0.54237367534	-0.412304904688
-0.059881266897	-0.874652805958	-0.223677344447	0.30163265561
0.761596361908	0.995911368663	0.476619638708	2.04034869035
-0.337787767714	-0.226700263488	0.84192202352	0.708645901081
-0.925059150169	-0.30966614116	0.685467549574	1.39979359924
-0.95220233605	-0.602395941167	-0.881472270733	2.7882807934
-0.890278953489	-0.681632351351	-0.808207786774	2.60353995213
0.0894141369699	-0.865778814714	0.770252254861	-0.14299752576
0.451426914183	-0.131214186525	0.992933345936	1.00018233174
-0.939348393155	-0.754379998562	0.271239535568	1.4599542484
0.00440138910614	0.338016150745	0.0443461297337	0.018463400125
-0.49004497489	-0.425366145128	-0.48493858526	0.890034507434
0.581209314158	-0.257404739517	0.436232695358	0.26620883593
-0.481208732992	-0.881768346131	-0.769614091839	1.92680366862
-0.779189474595	-0.229108109763	0.815120243067	1.26332521753
-0.478752396629	0.748917658291	-0.583894656917	-0.225698315277
0.125460236112	-0.535330575146	-0.00306480413643	-0.0497723531251
-0.493398735861	0.459167499158	0.859428842479	1.15012937651
0.559698304694	-0.951471946442	0.561421963929	-0.438257670323
-0.413120603102	-0.326538541342	-0.466892823491	0.676015842015
0.543530817251	0.532293809305	-0.875977848644	0.885803443884
-0.63600332865	-0.476939373319	0.958310190147	1.16913782205
0.480411933164	0.250571096757	-0.598360356007	0.559276275495
-0.0410312802565	-0.922150014738	-0.22864709035	0.302646971314
-0.42591593714	-0.235639295891	-0.175488569152	0.353915157821
0.496482435865	0.282029749443	0.847085850535	1.34297547447
-0.207200681491	-0.47655685484	-0.974902118205	1.55670545481
-0.502865025954	0.870768663562	0.0470436270841	-0.14182865314
-0.410344783954	0.402137782304	-0.655098210217	0.169081623901
-0.542284139996	0.519146996126	-0.505404524355	0.00560139875613
0.761220667138	0.584234570993	0.0211723206901	1.03700620283
-0.702461771379	-0.0442808138487	-0.204282636633	0.575335316219
-0.159854773721	-0.719795406965	0.536395377088	0.0422413524032
0.368325938562	0.0567369273981	0.78552698785	0.818182715371
-0.258235660204	0.0949949984055	0.474155368017	0.312020261519
-0.141576460871	0.483371443735	-0.883093874744	0.304602306404
0.470882114879	0.402382918056	-0.647887908231	0.570264600103
-0.342866762506	0.771718712694	-0.396865604833	-0.29580538513
-0.514531888861	0.26368592832	0.789171339848	0.95995302688
-0.889868116793	0.0458965391166	0.491995719214	1.01566408695
-0.0767437628005	0.175571127939	-0.81517390251	0.513803105935
-0.945490647768	0.164573963588	0.570618170751	1.15786341243
0.947649596434	-0.554819251538	-0.98839380129	1.89756773329
-0.152483754851	-0.829524618539	0.55906396523	-0.00146448120791
0.364759462074	0.951688056032	0.415796540448	1.04878205289
0.854683274171	0.198453853572	-0.149249519129	0.892754965237
-0.0208382228419	-0.571639255508	-0.302106518509	0.276310471573
-0.289780344718	0.133729188621	0.338466760763	0.205043191241
-0.76446287474	0.187469622901	0.106900330077	0.472558165145
-0.01691277967	-0.744216834714	0.594865920653	-0.0759709515254
0.562655316233	0.29110650369	0.892290613817	1.53630776715
0.650010567242	-0.928217226613	0.362834611679	-0.385977650008
-0.0186094805291	0.744258090587	-0.982164837714	0.220159698004
0.224963380192	-0.10642086234	-0.998223429875	1.12934953968
-0.442236347427	0.859890632219	-0.832282317963	-0.207679817177
-0.167309667597	-0.366443133004	-0.497850422999	0.519590916099
0.290646502914	0.217903563987	0.788886988623	0.942052265725
-0.158837035975	0.511755816301	0.484680058887	0.426896025657
-0.532637103292	-0.565380861594	0.807172676638	0.780012854717
-0.367920266066	-0.628429063386	0.982499673795	0.714451369614
0.195735651346	0.30588343675	0.341367646649	0.319135318067
0.681114910724	-0.683653291286	0.16400014349	-0.0869521196534
-0.59107967925	-0.486619000716	-0.444393868866	1.05074220116
0.857881889196	0.11150353925	-0.203033419692	0.850201827346
0.161566952007	0.222586785319	-0.475016729064	0.181974994638
-0.703790386537	0.141923504536	-0.62452183633	0.696829706447
0.568479618264	0.681206594181	-0.0791911084736	0.662746867369
0.199584119483	-0.123712903164	0.717498194694	0.441182564612
-0.652376801466	0.985001865865	-0.356632806896	-0.441093896867
-0.0231019498655	0.0956744068601	0.811384646064	0.734297223353
0.459604973037	-0.975044699859	-0.981833014034	1.68442848218
0.735838881994	0.906378570532	0.125281802716	1.33765572561
-0.381707790366	-0.312546834325	0.11081322275	0.242647647106
-0.989415936458	0.0943762415521	-0.632292464008	1.22568691163
-0.913595451146	0.781133161146	-0.519812497696	-0.0148208011762
-0.592064772124	-0.574315885834	-0.120723048089	0.774480117107
-0.322248171476	0.579244080855	0.007083789047	-0.0786630389313
0.438513252	-0.645879964538	0.0322240726003	-0.110707543485
-0.483472558901	-0.612088095682	0.767168738352	0.648646534083
0.0624492531473	-0.662991419408	0.49808805762	-0.119639804934
-0.0926531428467	0.118836540392	-0.820900896318	0.573899284979
0.593998499636	-0.601174427273	-0.389848304868	0.382086041961
-0.0773559410434	0.560500053729	-0.142715074494	-0.0969982819305
0.548810891612	-0.0135536188939	0.66621130701	0.728562952513
-0.0611240926487	0.481540415688	0.263617846039	0.170739449634
-0.559621434921	-0.289203666984	0.376479722636	0.507878386749
-0.388007269041	-0.38276543667	0.825041568299	0.663961605854
-0.31183091304	-0.715062393527	0.477189877068	0.206706720494
0.472780981924	0.0459148071914	-0.0923743571339	0.249521175557
0.848628281287	0.0868291494888	-0.435991709731	0.946087613311
0.130390884135	-0.193576873458	-0.059143442111	0.00670787234133
0.480089171096	0.965803971751	0.4962362519	1.41967500115
-0.506999815163	0.461734274566	0.160794571595	0.12304887984
0.0419007196675	-0.413982868569	0.875250611715	0.388134364538
0.40079930146	-0.368716767129	-0.542239623276	0.506815307303
-0.261390582642	0.590218846447	0.129437200498	0.00719765257264
0.428191214546	0.984043503786	0.899083761206	2.2977956435
0.0527294767412	-0.82270993277	-0.521675517562	0.660732309057
0.240896300391	0.645194890614	0.0129422202889	0.221973845191
0.558300182018	0.576468078266	-0.563609283328	0.626293990065
0.265538511261	-0.331948601184	0.326062265993	-0.019553748202
-0.386518662519	-0.700963357787	-0.525833077237	1.06542224058
-0.86170268248	-0.273614565272	-0.425977422433	1.27631630953
0.0864254064232	-0.136722999812	-0.774849295082	0.701984160165
0.753723190214	0.744834052755	0.806695961678	2.38111034296
-0.383092592151	0.23636790088	0.243916153453	0.173358181409
-0.528587208767	0.670177859409	-0.205001893082	-0.170204960524
0.3422769877	0.535345653679	-0.645839301146	0.37175117409
-0.699647532055	-0.318089703938	0.706142970925	0.986078432272
0.0648050763911	-0.182035582491	-0.178251781329	0.056624732488
-0.415135810833	-0.609279439121	-0.342094378473	0.750731090245
-0.256330756678	0.0475998975182	-0.364144977594	0.168772440162
-0.977264649499	-0.380110942236	0.652569251881	1.50431309719
-0.931418762143	-0.540862368287	0.873061833684	1.66134094244
-0.237081137016	-0.624996351487	0.989921449448	0.565629493084
0.884425424266	0.100446558879	0.6811103032	1.40337225284
0.569441573514	-0.096643129235	-0.36153263004	0.434876577337
0.827999427504	-0.0219630603003	0.846822860262	1.36590778571
-0.518917045202	0.532309883414	0.010223235092	-0.00140332841648
0.35854095356	0.59898213068	-0.818945223787	0.523448964189
0.66287045488	0.575914111062	-0.892492528522	1.103697561
0.155657752403	0.0903051495074	-0.240352043273	0.0743501099894
-0.628967950083	-0.210814596068	-0.535183471491	0.92744214209
-0.236300641342	0.0225905217815	0.60539609873	0.430680488426
-0.390750095809	-0.443873222483	0.19395177136	0.27765643344
0.880763294304	-0.297762536853	-0.26958242513	0.666431898451
0.761704336938	0.792711895482	0.158800426382	1.33510614806
-0.380911861761	0.9162667209	0.634887647842	0.780885732514
-0.0948944423886	-0.15420766778	0.248099486537	0.0469329178658
-0.895635383088	0.651873659021	0.272229008469	0.469889178011
0.663541896598	-0.497067088442	0.829289275127	0.385971306317
-0.666413805276	-0.882728087241	-0.46462645366	1.65838610567
0.87473847202	-0.895310938049	0.683126968353	-0.162944119452
0.32480483755	-0.603710294409	-0.206466304419	0.0766843266803
0.376972354836	0.963654789439	-0.0169090684442	0.489370783338
0.42011181487	-0.586478905194	-0.650823793784	0.735373256357
-0.165324770733	-0.190180657858	-0.00689765878221	0.060133232458
0.405795829383	0.148525988444	-0.631742930696	0.53021036907
-0.70582159122	0.97601613519	-0.786903746562	-0.339522390097
0.693003851649	0.288730498194	-0.189702007296	0.661559782235
0.960294594239	-0.787318598573	-0.260617278839	0.43921811034
0.736793624466	-0.79265523202	-0.774866859192	1.17346244323
-0.32039022837	-0.188105945478	0.147492521135	0.156927028916
-0.0251392469918	0.234328184293	-0.977826681508	0.721753815876
0.817096008184	0.794314484709	-0.276982131765	1.17338526334
0.8896618555	-0.473113111623	-0.442319979361	0.775501874294
0.141870341449	-0.522211344103	-0.419834246956	0.341543893407
-0.977863409233	0.492171616746	0.908125181052	1.74658501506
0.439181264927	-0.00908728665615	-0.22961842902	0.243700448846
0.307616937279	0.0745593830817	-0.6224648616	0.458615817026
-0.53076421429	-0.978330437037	-0.972456864414	2.69802993921
0.178506623559	0.147974316443	-0.586437571256	0.315410336494
0.470842633428	0.428220978248	0.318624411532	0.661280651366
-0.353737559862	0.40210465357	-0.669084392632	0.16152271885
-0.768237717105	0.327129773299	-0.616411807869	0.517192621659
0.156644399474	-0.783457991932	-0.541569893682	0.619408372365
-0.850739437471	0.758322274201	-0.67390773681	0.0217353156463
-0.350231427651	0.480039377104	0.556799704608	0.531848870966
0.934599331868	0.51004361252	0.540605644319	1.91814924906
0.407343837847	0.160888741994	0.394152656874	0.450237081902
-0.790975120474	-0.735622874697	0.772880493806	1.2362967202
-0.122050062504	-0.919758564436	-0.092378018728	0.22065198027
0.416819362733	-0.871479331931	-0.000463806835506	-0.189106665434
0.163419978742	0.800968375481	-0.921616378357	0.268791499813
0.85366664538	0.93008693461	-0.128232173732	1.41990735581
-0.46703459532	-0.555458983203	-0.442947211554	0.919781114628
-0.869699386464	0.206277724134	-0.997397434966	1.36603818303
0.153762413341	-0.833579888646	0.986337132315	0.0461397660267
-0.390557718711	0.245357044339	-0.597622155762	0.267230679426
0.297652945617	-0.0945474623366	-0.750389227609	0.694486335516
0.750877180975	-0.115664903878	0.11988538321	0.47747237773
0.125988574788	0.858521659577	-0.111593512877	0.0406847055347
-0.663557479974	-0.325117634556	-0.128248834584	0.714186488817
0.723869487202	-0.547585920879	0.292430217285	0.052991056913
0.251939435191	-0.218339362814	0.625493690057	0.263137645827
-0.0900843643648	-0.335746263818	0.189543819533	0.010648911752
0.0198077856457	0.710747991185	0.777061594203	1.17059038052
-0.343825677738	-0.421737394812	-0.474147806998	0.688002246031
0.317117208694	-0.444753445448	0.517250914065	-0.0029762652183
0.155227980426	-0.799578318116	0.27555256599	-0.244417842249
0.71660461808	-0.751135333188	0.179484286909	-0.127347250314
0.11291367703	-0.391448051728	-0.548080487053	0.48348691871
0.792475477871	0.387783109439	0.52480925311	1.41426290417
-0.344332489176	-0.520999610384	0.873470234776	0.605834554845
-0.668255044989	-0.579388341532	0.246083495322	0.751723165826
0.394854327717	-0.148404159843	-0.442309790652	0.358590479131
0.707431459039	0.875922186501	-0.70480463976	0.999509738752
-0.39934784458	0.581894697966	-0.228748072162	-0.153681302278
-0.88343584193	-0.0347511249423	-0.247482809012	0.881007322901
0.294852578391	-0.14292033977	-0.535830215383	0.408492668458
-0.942357602954	-0.746805603809	-0.157432568144	1.73415232815
-0.652801070197	0.716333421899	0.603308914403	0.754677998131
0.176555453918	0.866830101642	0.277753280087	0.502127198982
-0.0696791716481	0.0755146859291	0.276982361854	0.0972288510403
0.538508249991	-0.411374885938	0.17169576175	0.0273104755887
0.977727347488	0.152162454108	-0.650448885633	1.42883401278
-0.165482058493	0.734277135532	0.74315521764	1.00383618176
-0.514598942089	-0.992908258012	-0.836356228446	2.30567835709
-0.79778198223	-0.0262044630418	0.429733866367	0.830771790323
0.869233958776	-0.986761807154	0.760073495955	-0.274458974097
-0.661284559084	0.686333924203	0.0340014450366	0.00792768509675
0.891367102394	-0.623762810715	0.899031312285	0.486008664259
-0.273218541355	0.0171804493615	0.823360725722	0.762022945942
-0.705278034127	0.457629790997	0.232490943122	0.335107686413
-0.930213626139	0.228685127511	0.674255218849	1.26138360939
0.480788762403	0.5802915014	-0.498672377288	0.469454264191
