0.744707841633	0.430168218386	0.567249727576	1.44072447297
0.878310310453	-0.251035255395	-0.831157274786	1.45041434253
0.91777561479	-0.891920936403	0.412820008168	-0.174053655755
0.648643383384	0.648154117017	0.258531701618	1.07556614575
0.0701985354444	-0.379803819341	-0.00743171491481	-0.0188560133999
-0.989639532491	-0.753229067378	0.344379672572	1.58401224565
-0.0451672001228	0.930305933896	-0.193055528515	-0.182309504983
-0.667063684087	0.160660691979	0.84441309034	1.1865005041
-0.00839552659445	0.665779538714	0.756636274199	1.07073231609
0.292956019465	0.388025863995	-0.81894871614	0.552401458426
0.0553753344804	-0.488146323745	-0.553114001614	0.551970826998
0.154612680197	0.920106294951	0.252120759915	0.461707957072
-0.298427194625	0.286366782543	0.156789787703	0.0730815795118
-0.989263819735	0.507263385803	0.72389857011	1.36806196985
-0.210269561238	0.821848907887	-0.216175339237	-0.259528210052
0.542277999447	-0.76731693838	0.0594938377981	-0.164144778338
0.861241048162	-0.218210739321	-0.559172872578	0.988495924547
-0.320386257177	0.467149935961	0.102532829638	0.011390120218
-0.324156451377	0.729602591522	-0.731228351145	-0.130239180485
-0.637311301855	0.698626601557	0.698593601922	0.93701216115
-0.366761529009	0.643497148413	0.225465197711	0.094424788268
0.736633124381	0.546320221878	0.932916566537	2.32507043763
0.166427488204	-0.701834080177	0.873515060435	0.0608595475765
0.206703229995	0.871624090477	0.325997108719	0.613314788413
-0.68790620626	-0.559448802405	-0.854479852968	2.06623680142
-0.816048796575	0.0813201889784	0.21016559616	0.660834679845
0.219037103095	-0.571537279425	0.983249503917	0.327605223024
-0.808907010439	0.795271896851	0.454679885175	0.579357471696
0.920646140636	-0.398117233099	-0.983531889431	1.83996019411
0.269441429384	-0.541551734621	0.466454695411	-0.108347156144
0.85140154473	-0.0529692864196	0.10372908086	0.685051724909
-0.0248142354696	-0.864339365519	0.183049672251	-0.102646188237
-0.2042938964	0.652192944406	-0.47290719791	-0.176288561712
0.0508367044958	-0.807219148896	-0.655015051854	0.919333420016
-0.967555774185	0.730035185278	0.419713119349	0.712378864686
-0.672576055834	-0.334792899235	-0.541707745114	1.15233942621
0.860192733498	0.546457739805	0.365758768457	1.54364170233
0.583882970322	-0.331148056921	0.00683964283886	0.145349458218
0.920033962923	-0.420023154507	-0.312854520163	0.689311018819
-0.812469523096	0.634543205904	-0.214780488844	0.0544028685063
-0.432699748624	0.692893137383	0.710930094442	0.885434568872
0.388085218512	-0.139252027171	0.0956729105547	0.092399142508
-0.0563553919565	0.487923268775	0.864047976296	1.14384684146
-0.26402661996	0.736865110809	-0.0149430958433	-0.135629698387
-0.885856474974	-0.898116748539	0.590143323458	1.39859577062
0.677422769233	-0.100885008952	-0.124357815347	0.418570511689
0.599819841326	0.948814153759	-0.356670060514	0.717701327633
-0.562272184107	-0.106760933334	0.666384567993	0.749103266204
0.103973799211	0.937005520059	-0.441493439432	-0.110530758032
-0.87278310373	0.404806120127	-0.0479888894916	0.391319141574
0.972124450334	0.115775158519	-0.0453017986029	1.05438123932
-0.76193944685	0.349055142346	-0.293653035378	0.298323841709
0.995491553235	-0.0429285595622	0.722927107755	1.43985779785
0.903304602835	-0.536439628599	0.877593247152	0.63078493173
0.188651442907	0.674605838958	-0.67601950389	0.16381039689
0.81291387313	0.998600058334	-0.38260266601	1.2369225617
-0.518547275698	-0.34497481965	-0.854760838779	1.47326408776
-0.4822682243	-0.913401321229	0.739142863154	0.544285177801
-0.98287795553	0.81031006046	0.489460668415	0.805799829637
-0.162666003128	-0.436008023796	-0.678915556224	0.854322873612
-0.435937410698	-0.460619836181	0.39466924634	0.364814175159
0.892085279771	0.738553120492	0.904599012567	2.94106231057
-0.161851297521	0.667399293216	0.348265911095	0.271897968684
0.500505055809	0.522327418058	0.642912725747	1.26108054142
-0.528762368081	-0.32772563464	0.841161467053	0.884761062581
0.816468612621	0.0409003874891	0.149306399439	0.72841396853
-0.746084868825	0.784004512336	0.277086995559	0.265723385681
-0.95712752374	-0.654737358162	0.54342531127	1.48227045929
0.323916512983	-0.249114096127	-0.330119382207	0.215445936052
0.202243138796	0.651786090687	0.120664562487	0.265928972102
-0.717198502142	0.259058291473	-0.710839280655	0.649721146227
-0.789763164597	0.131690076459	-0.905884043455	1.22105184586
-0.40537442313	0.0434567510865	0.911575100213	1.01729542308
0.880367298807	-0.832822901807	-0.107689410143	0.143139748466
-0.915599481315	0.601548437808	0.864980119164	1.55606301851
0.808242213318	0.429187642958	-0.116370380523	0.963740381999
0.69560339239	-0.234283011109	0.0892774095516	0.30795029772
-0.762852491066	-0.786012188674	0.493747754801	1.03725037123
-0.422582915424	0.383989113681	0.439172272037	0.377818737276
0.683351011251	-0.78014935105	0.989972247697	0.141571601223
0.834153935694	0.785046182692	-0.815239342333	1.37527680304
0.653280957988	0.815862841535	0.931528633816	2.58750886255
0.368379238347	-0.0351140467825	0.197627916957	0.154885255075
0.631295620758	-0.934777394245	-0.838983912075	1.29657048528
-0.245735854627	-0.26047757638	-0.369407314879	0.357078876455
-0.381620038524	0.685692805444	-0.935509603134	0.117665752237
-0.082108817004	0.946984492075	-0.543833992209	-0.290260864339
0.442637408213	0.806006208812	-0.0753489743075	0.497642101231
0.794142439262	-0.53653307296	0.41021615709	0.152761290728
0.614642557582	0.0799731040523	0.0372032898984	0.431299694157
-0.984158134157	-0.639780136262	-0.619859562836	2.37901177141
-0.54587037682	0.297460512157	-0.841130197228	0.59289657586
-0.460320225284	0.293864964589	0.863271143061	1.07554493343
0.59059636111	0.471451066652	0.346148747257	0.910252497506
0.863284331092	0.13040424456	0.062212129103	0.869818852052
0.201113998713	-0.861628664504	-0.726360516046	1.02061389501
0.76981620452	0.0514143733998	-0.0277225118323	0.631539808617
0.399094106841	-0.912340125786	0.179412838202	-0.336330026381
0.539378614209	-0.127739883266	-0.182549734707	0.278672415694
-0.886736686045	0.876538458518	0.498836351069	0.695130093848
-0.0270783993348	0.746137969752	-0.335667761868	-0.157252598187
-0.498280900789	0.838852527828	-0.589308341459	-0.316758807694
-0.596000773391	0.0100442278577	0.337273027521	0.466371296543
0.922696986322	-0.343804497473	0.277094903387	0.515657466337
-0.674719099496	0.493351011652	0.145111469416	0.215020741701
-0.575930910082	0.0979832558595	0.994103045528	1.36091114566
-0.666571338169	0.126443237128	0.183098233725	0.416710407671
-0.499142295077	0.157467455126	0.845909285108	1.01931006481
0.716421622327	-0.218488107538	0.0805698163161	0.345618285085
0.975122824242	-0.3380782569	-0.249659467252	0.767930984771
-0.46487668379	-0.378105460215	0.630104199077	0.550668207118
0.325691141446	0.161761139553	0.119937588821	0.192545156054
-0.255677947858	-0.602907288892	0.130599761564	0.157838060939
0.0461726838953	-0.678658916688	-0.059400140121	0.0146372244972
-0.33987422771	0.346455472656	0.251141781048	0.147844843101
0.0903800285664	-0.917948039725	-0.0645948323877	-0.0113284283513
-0.6703016931	0.131305089954	-0.127696027496	0.360829472724
0.949292718325	-0.0247152280922	-0.0827982718837	0.886596611007
-0.98539427006	0.395734745596	0.214370971738	0.711836072181
0.604324691334	-0.339399884013	-0.897083399723	1.26932923029
0.155927697897	0.87490595246	0.962459101439	1.92912423681
0.898090979337	0.562731270842	0.89212760439	2.60987104839
-0.0404476074195	0.274977385574	0.842748641027	0.932475921563
-0.436602443355	-0.667690872426	-0.0305467452383	0.503466046473
-0.731557865336	-0.0807269164479	-0.983956926168	1.64183636213
-0.996755035813	-0.711395976226	-0.903409911363	3.16143976696
0.578195820387	0.532511660515	-0.444501192456	0.603085665129
-0.26525607263	-0.0667846727325	0.2243232951	0.123415406943
0.637437061685	-0.213797917777	-0.300062467646	0.424233506384
-0.903616670814	-0.856918454076	-0.289006267494	1.92202831501
-0.124923463278	-0.512123451369	-0.688582094327	0.906366446173
0.0926737209341	-0.977826705269	-0.451327460193	0.562986099068
0.302395985626	-0.29624589858	-0.144216595868	0.0653817631906
0.21042560205	0.450448331302	-0.166976155997	0.0917317011407
0.728931237848	0.802580777528	0.898263961166	2.64417448145
0.680211737052	-0.260127865532	-0.320214369734	0.47157990305
0.651689143668	0.502946603356	0.512312382163	1.27259333061
-0.964899493317	0.856432844378	-0.94339757893	0.186701734631
-0.0773974015965	-0.436860475372	-0.0556621839056	0.0672171102663
0.33446850795	0.752757484656	0.59072118442	1.15726416619
0.139543414283	-0.339683808467	0.60367798909	0.13143920215
-0.889683055494	-0.0710584652084	0.236828515217	0.89401452649
0.279346045655	-0.306242764605	0.0818202768589	-0.0258758021605
-0.0963542335849	0.960241067734	-0.64341731309	-0.287089042744
-0.937467703673	-0.0706159343996	0.950880921274	1.78207303498
-0.342719955549	-0.779071738219	0.690960731965	0.323579154049
0.561349781291	0.844583235732	0.825011357431	2.16665469328
-0.264073927175	-0.336560878903	0.281466710705	0.143104817737
-0.126562516375	0.142305200365	0.373649643105	0.19079390942
0.484400661738	-0.371941107202	0.253460613218	0.0244453439761
-0.97303846731	0.20732866387	0.552917318123	1.16541826302
-0.815758430597	-0.0640722996622	0.323193171003	0.801475431789
-0.289674157703	0.158067803222	-0.15251367253	0.037275879013
0.87815531156	0.4515488906	0.00546077577896	1.17018243525
-0.980933823002	-0.890574662462	0.0149633464963	1.82272389791
-0.808582692785	-0.158988597283	0.363158236948	0.856507285563
0.58334256092	-0.28786968099	0.700076923061	0.460938684153
-0.336214559183	0.764205329473	-0.749099653209	-0.155212385018
-0.834113310278	0.00411875281214	-0.0658010958145	0.696368273602
-0.355441688429	-0.245980388489	-0.370953708651	0.442624469805
-0.417050510746	-0.325936903159	0.773100924329	0.65556619854
0.599452187297	-0.251341929092	0.668228267938	0.487250691836
-0.129763772038	0.372249396933	-0.462385709276	0.010211893363
0.0012509698683	0.115993104155	-0.10124922359	-0.0013461376561
-0.13832078935	-0.0655241414276	-0.713568469514	0.58413191373
-0.184706849433	-0.731305086396	-0.618543694632	1.00413413092
0.570577423471	0.0536622071906	-0.887089453125	1.09550155991
0.993689779037	0.834537740726	-0.978066486821	1.95707165659
0.0676220896927	-0.83727114336	-0.890668210889	1.48697537584
-0.481068335906	-0.157841251859	-0.576867432245	0.731188684228
0.965730684404	-0.244973927432	-0.598380510204	1.20070377487
-0.267721117525	0.159261570063	-0.628921958952	0.324416643075
-0.718140108918	-0.148553825861	-0.484198373225	0.928785262174
0.0650074113399	-0.137715870438	0.501191125336	0.177443983325
0.268612318489	0.970373664862	0.591238372443	1.25609185689
-0.921180535443	0.864159557879	-0.795702909797	-0.00194453942988
0.304781466597	-0.963893630359	-0.588519107521	0.712739387079
-0.966944706266	-0.0400631381028	-0.442489418912	1.18724530483
-0.660524071103	0.910665066409	-0.114653011694	-0.256489327987
0.0590964317614	0.564513127348	-0.44822901048	-0.0152688148827
-0.126029007917	0.207561805184	0.655304240139	0.55516428062
-0.936308978359	0.0232623335777	0.576323368741	1.20044902298
0.963955753673	-0.641197498489	0.467846958247	0.230023154168
-0.854512130348	0.693222371809	0.106970171598	0.223420788853
-0.424374782576	0.857331689495	-0.0131320366859	-0.194822054049
-0.587759278629	-0.530406442597	0.251540784738	0.58706619128
-0.303126530207	0.64345794906	0.410990356933	0.33020460353
0.208980775321	-0.794038148988	0.466570735113	-0.275052455573
-0.00606346861578	-0.0756544154761	-0.48200193697	0.269286935868
-0.99283189062	0.0462704843587	-0.582985999716	1.25267398185
-0.137729831797	-0.483721517237	-0.49755870527	0.57383690679
0.651304430496	0.0459048919543	0.638422381413	0.890985368224
-0.499086030311	0.697842404561	-0.000855254864523	-0.0997926314736
0.884310869988	-0.0340168019665	0.444201671028	0.934129091305
0.435424848018	0.641397446745	-0.458812604587	0.385102957051
0.923508149317	0.0875262318177	0.500618429196	1.22813454655
0.364256008045	-0.987707689596	0.67234683078	-0.439127894708
-0.456742983092	0.100664824705	-0.213858701166	0.186843695676
-0.189193965367	-0.170535063527	-0.141284643864	0.112113897742
-0.515844573186	0.780980489	0.211337057903	0.0729445475393
0.40768400616	0.817092285979	-0.262553609111	0.353725574425
-0.517928220073	0.920053236843	-0.208746626733	-0.356754749616
0.138178684481	0.261301929119	-0.914247436219	0.652153461521
-0.00888352848372	-0.145807194749	0.943497749356	0.753993442401
-0.555974746411	0.405709081151	0.323679322994	0.319631859991
-0.30555114907	-0.265686324627	0.823296593406	0.633620901214
0.850420792975	0.307962428655	0.410395518728	1.27992406036
0.0528807920153	-0.284615372978	0.922495752011	0.57618763177
-0.653222415885	-0.787608713141	0.221607915099	0.815752934186
-0.341929211249	0.325417397052	-0.100354868591	-0.016940248864
0.348710092134	-0.467631359821	0.62782289918	0.0591028704526
-0.457836535738	-0.732626487155	-0.31430277134	0.874090233667
0.748723435517	-0.6929311056	-0.850786544293	1.35514722965
-0.603226638855	-0.88193918079	-0.686753424196	1.97319660351
-0.176477456362	-0.653748219634	-0.625013567993	0.945759583005
0.665959715685	0.821476708607	-0.362989544345	0.824146691377
0.671136612712	0.290468110515	-0.939700409307	1.25545199362
-0.355792796942	0.423103546846	-0.881865117526	0.380617146472
0.295888288081	0.0310353105176	-0.404299154322	0.247643120312
0.210773897532	0.608923439832	0.172637682022	0.307697703028
0.979144321685	0.785601716925	-0.904359620384	1.83534091541
-0.346086317196	0.160156523694	0.151533549974	0.111579260845
0.410128936314	-0.685308843241	-0.583640240484	0.627750505864
0.696999406203	-0.139129694486	-0.577994741038	0.803329010209
0.0932742248052	0.128680183702	-0.904103171355	0.721765007674
-0.229939375658	0.476603601645	0.568382410313	0.537233850099
0.0143607184091	-0.878621697238	0.936528598304	0.0418200603383
0.615011306032	0.506264272677	0.386402236877	1.03452549416
0.936492965603	-0.408351793736	0.921226955604	0.967074916271
0.63367112324	-0.654770360414	-0.930427367732	1.46154137221
-0.915368501956	0.372535972699	0.976658795536	1.81459473641
-0.0955713859347	-0.623105985482	0.0805981109665	0.0249598825558
-0.188165534955	-0.581619721906	0.997409970755	0.559560394602
0.441468030254	0.913895295155	-0.978643244806	0.661714721087
0.525254668157	-0.617947396306	0.636852595737	-0.0366474628344
0.0793623229616	0.908196523087	0.590187441792	0.962702363139
0.943107705343	0.615632866967	0.385554541616	1.85607259676
0.493391452427	-0.347021353371	0.604224314514	0.227626038652
-0.480058216204	0.303234048794	0.387590358247	0.352642773799
-0.803804434024	-0.955625252338	-0.790284110003	2.79400180981
0.649950543116	0.877991289295	-0.453684794997	0.800585218945
0.702694722826	0.292090617101	-0.467055672201	0.780748830132
0.180240279484	-0.932350109875	-0.478604241462	0.539728251026
0.222177281195	-0.612360086673	0.23514188582	-0.175389554004
-0.102757646623	-0.924642666657	-0.870837623944	1.66914502844
0.289606380319	-0.748575787541	0.500807549081	-0.257004672946
-0.608143077011	-0.746055039208	-0.821998741569	2.11248444379
0.148699334521	0.454181146039	-0.589142951629	0.169159722757
0.589628807504	0.169322004443	-0.687068599676	0.803226690376
-0.678660976295	-0.804065688493	-0.148396158648	1.14761040528
0.164053784987	-0.984205206957	-0.799276710924	1.29094661628
0.647658563988	0.256019716278	-0.740137607636	0.943588835229
0.639464701443	-0.208629962098	-0.914749090458	1.30311357453
0.201618189252	0.676108277666	-0.442311850216	0.0735546905194
-0.663515472589	-0.00643989477964	-0.723479861785	0.972607996786
0.221405497317	-0.525467932776	-0.992687716343	1.43973336964
-0.677703909129	-0.799087688376	0.199350539099	0.881269514573
0.388907015029	-0.774737586065	-0.464618291676	0.425775195007
0.0611541928396	-0.932763137321	0.242411012303	-0.220651498943
0.588263527104	0.896876177974	0.307927244394	1.24464531904
-0.752884285731	0.559712328407	0.606534613025	0.852805268425
-0.537756227585	0.954020857016	-0.00704747734787	-0.230522670242
-0.564699788686	0.46465474609	0.181376537454	0.173670331709
0.439782759253	-0.252293076365	0.874349696625	0.626349747279
0.663823868044	0.517623237825	-0.804688136923	1.01527050654
0.702936781443	-0.592432340275	0.493987893647	0.029047271379
0.985291638351	-0.370373955782	0.201875299377	0.571857534203
0.807061143535	0.760759167542	-0.394379276552	1.12083421676
-0.381864297783	-0.945271966964	-0.594664979644	1.42253253081
0.0289240788897	-0.187359449815	-0.238007716598	0.0966580708261
0.129853402994	-0.225835483462	-0.47964318836	0.325914439697
-0.486845072527	0.149160493132	-0.56291322814	0.397306961262
-0.18223463427	0.813750894865	0.210375118325	0.100366496419
0.16858197846	-0.441047418241	0.608423673912	0.0559029135009
0.993663568954	-0.174026422269	-0.897609325146	1.77635381246
-0.697070442713	-0.23246467739	-0.0200879882045	0.653024732655
0.165769218052	-0.00771848320647	0.701942049148	0.513504659172
0.658233388683	-0.441398828573	-0.603803619343	0.773824768282
0.942939369367	0.87977121576	0.922045097776	3.38006146867
0.84820564439	-0.526930574005	-0.998734929414	1.79624275697
-0.210577679383	-0.582781886897	-0.535208267085	0.765421389314
0.139680627872	0.0169477931075	0.199919291217	0.0652338699715
-0.170232193805	0.28697752336	-0.0506398242222	-0.0318419131081
-0.864607694346	0.944042591773	-0.159819554078	-0.194014199698
-0.430946513875	0.334914766748	0.704266875508	0.773245754923
-0.482436724786	0.302677731711	-0.117336648767	0.0649750383181
0.69922482593	0.857244137776	0.718451377772	2.22038235431
-0.702244633254	-0.355533553712	-0.243578605941	0.88874995962
0.823552887949	-0.187250998331	-0.635022646534	1.04619064494
-0.0123723498552	0.280832071309	-0.135246458636	-0.0230114161382
0.883461633256	-0.249878731148	-0.0977772574033	0.593739034581
0.104581350687	0.492759446375	0.42432248609	0.451609192909
-0.892592718739	-0.85103684283	-0.643549965721	2.51819234025
0.923268979092	-0.677916031967	-0.673290686905	1.13628166491
0.595225297479	0.361424264736	0.554244843007	1.07692690112
0.569388354341	-0.0341966171004	0.449386740382	0.491312878665
-0.976796293916	0.690869512158	-0.150999457803	0.19777213526
0.049205784304	0.800803485216	0.844202380571	1.43054324072
0.558886015985	-0.297451704329	0.704533282655	0.432914501569
0.204316806557	-0.202006284313	0.652492804007	0.294411290929
-0.439196626767	-0.763032095447	0.383609401912	0.38246468686
0.804060010391	-0.61892357028	0.111831759267	0.0921518386235
0.721769530386	-0.863955842332	0.783542641781	-0.165632919194
0.260043487936	-0.51294228675	-0.400406408679	0.29994598527
-0.287359596323	-0.652928482123	-0.190410002416	0.430780885528
-0.283686250496	-0.766525411614	-0.901398529264	1.80139479588
0.275719445049	0.372722666722	0.493926369201	0.606848910889
0.150838814881	-0.006521956634	-0.915662086605	0.866177549132
0.774897915927	-0.198617003243	0.698280540537	0.795464203136
-0.926022550661	0.649721354735	-0.490173452226	0.177654992033
0.395018217063	0.932535296759	0.0729112502252	0.59771618686
-0.453174138173	0.448986477728	-0.0928765899577	-0.0311765326135
-0.201067856052	0.0360663950052	-0.277580601888	0.100216148929
0.579387169	0.918863768452	0.751600591364	2.12358936979
-0.873253249412	-0.249287185402	0.720583411484	1.31987032471
-0.40138512649	-0.477812930647	0.913731987381	0.75121020942
-0.49752692307	-0.564042145579	-0.426707810369	0.950919936677
0.942911352582	0.168357668489	0.910804081566	2.03073310236
-0.650062340885	0.0938075781662	0.339243029058	0.508509672912
0.362762048996	-0.7562382167	0.767307008129	-0.134245059593
0.651599018874	-0.798152183376	-0.883750521598	1.39088849459
-0.788657154129	0.491930252928	-0.70282530804	0.382238175526
-0.418664513774	-0.190759560269	0.594359509661	0.49502770166
-0.358878258844	0.649720086125	0.772179196442	0.993584236861
-0.0864605990234	0.860012682708	-0.774584088745	-0.133053406138
-0.666573758718	-0.0138430894641	-0.228762010757	0.509046846534
-0.631476306958	0.154382202987	0.449794201328	0.573028666086
-0.615951080745	-0.975297957487	0.475025604651	0.742489387936
0.559449922171	0.639915555143	-0.821052462823	0.819707827096
-0.830873963415	0.0496812201502	0.493191766401	0.916813197955
0.932922823595	0.0745535541428	0.194034245191	0.992012937937
-0.0341653538666	-0.193731841608	-0.532472243082	0.394469706239
0.398000937032	0.913787456075	-0.336806799779	0.327762001263
0.418919204637	-0.452707256293	0.306212805483	-0.0590129404958
0.620911897545	-0.807142760395	-0.931417301393	1.50369196263
-0.887302525062	0.60411407274	-0.667868527797	0.293853422853
0.36157740568	-0.711031626179	0.0417708565046	-0.154310346026
0.422290294515	-0.42680576448	-0.285489168068	0.201445648571
0.950680350846	-0.953914763777	0.295476687542	-0.197627994537
0.672159826633	0.730751336402	0.682656181947	1.90785190414
-0.203799344468	-0.290665015133	-0.599192567549	0.633967562069
-0.620418531486	0.400964700209	-0.29116765119	0.104183874859
0.127162219014	-0.0966809359442	-0.116882451492	0.0288378798659
0.827141262721	-0.33334545674	-0.728259396836	1.18156259683
0.896846405093	0.679862039783	0.528176048563	2.05212208468
-0.0878386442391	-0.35900619357	0.252295528051	0.0123276210326
0.130526695165	0.776441547853	0.00954625256837	0.125886805439
0.377356889086	-0.659108298241	-0.64522863075	0.735274695476
0.542495273854	-0.919628062232	-0.462223674006	0.434131831144
-0.610535871528	-0.286860331791	-0.846106506992	1.5065031876
-0.0690660280108	-0.146592245933	0.344932345931	0.0833085763736
0.0866528896112	0.780587187864	0.789001126665	1.31355580726
0.60503078393	0.045645928144	-0.903603016882	1.16893205493
0.383250361529	0.946639107179	-0.752303821502	0.363481441609
-0.966379436257	-0.776036705436	-0.988805402183	3.42892053875
0.470957153666	0.497310079184	-0.777322096782	0.673671908614
0.100214680967	-0.973002707336	-0.479870297625	0.609724427687
0.303065731189	-0.227558721925	-0.375363630995	0.249198710572
0.0251693949315	0.139379651154	0.453184732575	0.272682731701
0.604002918271	0.472431246946	0.115835076998	0.718311252048
0.751155087035	0.0760097190306	-0.759208289754	1.14001907033
0.196920018119	-0.8203381834	-0.31143406584	0.229708916783
0.0295950222462	-0.255880987837	-0.692573495522	0.650177498697
-0.940210730616	-0.899871062452	-0.148310581152	1.88552107577
0.929231574897	-0.557875629419	0.575656840347	0.355311545764
-0.608888098373	0.943625667508	0.679455360671	0.898993383476
0.072766934316	-0.410263775414	0.717783907626	0.196174391704
0.618639432566	-0.36248339336	0.425819053101	0.185437757401
0.433585430529	-0.0373730852313	-0.977502725496	1.16383577134
0.930860642543	-0.0362335453853	0.793737294421	1.43403213077
-0.950706513769	0.338129772362	-0.290034077985	0.568431307866
0.229191043765	0.341355210792	0.847269074254	1.13784868923
-0.80996126774	-0.18372362423	0.366647270876	0.871914730655
0.706269299786	0.260947124625	0.787559301102	1.50887625466
-0.367629383381	0.958102462619	0.752406696739	1.06992329231
0.856791738304	-0.0855958051327	-0.6200707864	1.0983175425
0.0480514773251	-0.130813444879	0.316036857583	0.0545605904943
0.597797290762	-0.131402055146	0.270696874418	0.316516480475
-0.38928807614	0.903164108258	-0.618683866428	-0.376049147856
-0.535376115882	-0.876839372861	0.384575981683	0.566753766243
-0.446187758381	-0.316359574685	-0.332995550845	0.556471652919
0.104073879187	0.755960437004	-0.664930673159	0.0289786253695
0.552291029084	0.827021458706	-0.923181023	0.850554598246
-0.551234009674	0.71523058435	0.352655580792	0.286195526356
-0.764611423172	0.399600006018	0.0576827664599	0.305469234516
-0.00863806397974	0.121976199225	0.15906700607	0.0437256791792
0.551221430263	0.15511293991	-0.0485167246521	0.384174942546
0.0178918798025	0.966291330163	-0.488549089204	-0.215791648998
0.864626623272	-0.232377576324	0.975878494735	1.27222591562
0.415635970956	-0.101982130468	0.671932647969	0.513334178971
-0.963714417374	0.163654065763	0.456904741197	1.05456595671
0.000612064765688	-0.198559057536	-0.0575080199691	0.0146047542268
0.487716815989	0.111975418813	-0.456468727589	0.44973040965
-0.772196244027	-0.414321822627	0.777845564741	1.19899012502
-0.839045364261	0.404437998917	-0.0417745628414	0.349505188665
0.986910067583	0.355284606454	-0.841219873698	1.7334038406
0.862644388938	-0.202554956201	0.102951188395	0.559168119084
0.763071773873	0.581375864105	-0.604163288488	1.03967736924
0.754525713008	0.338792400565	-0.68031490764	1.05727948205
0.496043673379	0.755790447356	-0.240167461905	0.497128531996
-0.765956517455	0.13925577515	0.0356232031293	0.486255267429
0.952272700217	-0.0412636919628	0.603034039208	1.20629564982
-0.580737546006	0.144582010455	-0.748134047838	0.7048297242
0.244819961348	-0.826444033858	-0.00609340274413	-0.13732019705
0.441131526748	-0.29226377791	-0.956628461112	1.26039611804
0.990426220425	-0.823773786202	-0.145219448106	0.305773603257
0.121761006474	-0.279162757301	0.389067323148	0.0235948796344
0.220677780409	-0.357156348303	-0.122757445805	0.0287952041352
-0.409436553578	0.623894796062	-0.522560339467	-0.140760411727
-0.0871832016876	0.0964976073797	0.947851906468	0.98907661801
0.588795171849	-0.0357667686161	0.990120782351	1.27054619644
0.53402869723	0.871783712026	0.574868642208	1.58237924409
-0.944016512972	0.830573141812	0.766828964677	1.33202661916
-0.0532225414021	0.441469195616	0.413463205247	0.332819617102
-0.695553165038	-0.681734778721	0.271963267752	0.846534189296
0.909003357427	0.206080871498	-0.193383832619	1.01115990587
-0.907857005717	0.981984634169	0.963276523014	1.80652711704
0.246735923322	-0.705132689078	0.362629717217	-0.237304705079
-0.0436703375618	-0.249938747463	0.700865657619	0.328861193279
-0.374636481329	-0.817364928297	0.0751354317882	0.390799480134
0.80718023983	0.68970052779	-0.926401422749	1.42753262286
-0.0225395047761	-0.95720411481	0.740158995008	-0.138564961751
0.302483057464	0.0258247197233	-0.241154086327	0.151235096896
0.127300959273	0.424627721983	-0.590853721219	0.168476300787
-0.439346867807	0.272311361557	0.784792241271	0.902993232202
-0.0727652651492	-0.765318699786	-0.100656558672	0.148149491337
-0.491177004072	-0.590144415318	-0.402635664177	0.930848881905
0.998855953354	-0.434563824407	0.757660599007	0.80844424821
-0.968286396196	-0.41745385806	0.22037843154	1.29836226347
0.970875881177	0.941982330998	-0.235681963746	1.69068564476
0.271584800286	0.521435315658	-0.251641205968	0.147480894686
-0.0778949292793	0.495623998212	0.0897999515686	0.020032066055
-0.709339965909	0.0804126684953	-0.675615873471	0.84825200093
0.361113951997	0.458809179624	-0.10173434327	0.259758908419
0.134702081348	-0.891013015364	-0.103822102432	0.00140921654495
0.198049453585	0.592828159722	0.515604391899	0.728145570907
-0.0727601411978	-0.308169983938	-0.22038087758	0.144199032398
-0.125207564957	-0.388630766014	0.148500028069	0.0286770248774
-0.691871611381	0.873020547219	0.00673112010649	-0.119410092002
0.298429875619	0.880534991122	0.0148644684934	0.365147975598
0.157996712476	0.63293666717	-0.0655172237183	0.087789127153
-0.862804402022	0.891305639685	-0.254007465821	-0.186469487434
-0.22091894956	0.901147053938	0.264354990328	0.15783100336
0.275540119005	0.92886019361	0.97346805735	2.18371639237
-0.0366206361731	-0.686454052282	-0.335401810029	0.369211760899
0.775809260669	0.234387213428	-0.849198232462	1.30581621036
-0.696864451867	0.567054309695	0.365104675594	0.430795677498
-0.113068252198	0.686827542583	-0.682926920092	-0.0675378002499
0.125498684761	-0.517514826763	-0.612463947074	0.642873749708
0.404029036745	0.774791196289	0.96495736493	2.15506079052
-0.940505929749	0.951913698893	0.609668488369	0.941318377046
0.961146488367	0.0216903080845	-0.227544429676	0.991491094242
-0.351782552305	0.876081775568	0.776518223102	1.09883469553
0.0187301498899	-0.590339081122	0.613112853506	0.00325657161129
0.527824228407	-0.0757638657236	0.529731794589	0.479089657771
0.759817723262	-0.0520159806066	-0.382035037652	0.703623005728
-0.159597413475	0.152939501645	-0.19762412042	0.00989334398921
-0.739143736999	0.35050668895	0.418457134406	0.609037038015
0.830573755237	0.110040699639	0.760934560431	1.44400485668
0.262096925215	0.629092712579	0.0951806863946	0.3025149031
0.0647864906957	-0.455781212907	0.107490061783	-0.0627690132856
0.93480957984	-0.532158844901	0.453577410054	0.340759000654
-0.235336845979	0.737863605446	0.803782094955	1.12088414815
0.309971341861	-0.415938102365	0.000364555375302	-0.0329981585164
-0.203731208214	0.0969165058921	-0.0874400719274	0.0209328682914
-0.287096381443	0.393623096574	-0.209559731845	-0.0691557037961
0.443438952921	-0.645767863474	-0.572358043543	0.607483640689
0.324900880682	-0.143979077955	0.198640675781	0.0696396697717
-0.0747168794577	-0.598013893518	-0.684592402482	0.928326869689
0.0958323787651	0.320028990087	-0.135176051757	0.0148652938544
-0.20151322738	0.568612186962	-0.689635229252	0.00948645740104
0.706803935819	-0.896965008106	-0.363577777586	0.323898750242
0.108812805046	-0.598881228223	0.599578564516	-0.0529076118969
-0.219543873104	-0.0397344153179	0.870820942045	0.780650511776
0.939971326223	0.697711561005	-0.788656415146	1.61109919808
0.209572253067	-0.165106675886	-0.166323206967	0.0644432321945
-0.683583254788	0.888422169825	0.536710773241	0.624859751595
-0.457232183142	-0.198715419467	0.356097851775	0.355963900419
-0.267312712468	-0.00777541726999	0.19116435836	0.108591983382
0.991349021091	-0.0752299033713	0.683334640997	1.32373282313
-0.996315024387	-0.969306146459	-0.550400748357	2.79482571696
0.968440319901	0.21398694076	0.636566756697	1.68654444316
-0.324201068737	-0.878284777914	-0.484562066784	1.0502310804
0.0611935038271	-0.784727304817	-0.248895046202	0.212987914393
0.252695317276	0.275430608708	0.584438990167	0.635996268469
0.170090326189	-0.254502100478	-0.907934718312	1.0410591194
0.355089412172	0.192859916898	-0.3678135424	0.258921317911
0.570394623135	-0.925064156793	-0.265242010097	0.113417605349
0.630607116347	0.343906899494	-0.757850074543	0.928242339437
-0.333017516595	0.555073248282	-0.0806440358673	-0.112208334734
0.133710120014	-0.524308015258	0.774356367285	0.141399642071
-0.579737471184	0.751116337154	0.710114744391	0.938286985596
0.324636162606	0.933567564488	-0.495086293451	0.191372362515
-0.123879895139	0.9628493445	-0.88845694406	-0.170025892168
0.819798165652	-0.413130812133	-0.94071096019	1.60695894403
0.831858987524	-0.94338325118	0.878157340216	-0.150051073534
0.908280434823	-0.0381820513701	0.903998147998	1.57298948592
0.7610237356	0.121483143021	0.0671710852389	0.684280790708
-0.535036324016	0.0948474160405	0.197100649562	0.293060208564
-0.919940612181	0.783577372819	-0.109913729257	0.0514011985697
0.129680112941	0.92388532883	-0.514387450654	-0.074014084124
0.144894929729	0.84841091556	0.0286524630041	0.169055006659
0.915344663545	0.601313029172	-0.200705227268	1.30786044553
0.118769023303	0.987997213906	-0.00528319342057	0.126257676771
-0.427144669221	-0.111451191233	0.675762724913	0.611399050357
-0.0783314899698	0.183774991842	-0.643598028518	0.287681653263
0.344848367315	-0.767259108037	0.0051163972604	-0.149567079152
-0.661786891032	-0.816047402278	0.936184684638	1.09048204623
0.808252382943	-0.613870864771	-0.684493284121	1.04583086552
-0.0164983361848	0.20507986989	-0.851738605289	0.547672927845
-0.215365408836	0.90248237477	0.912967944324	1.50946671956
0.303220920984	0.653045901677	-0.604302792367	0.260504509609
