-0.879400683191	0.840067792177	0.856986243804	1.48894133506
-0.84943337037	-0.399462170695	-0.233304456007	1.20848082231
-0.534384897835	-0.0360674105419	0.499933160427	0.536742968885
-0.185705070114	0.824850423511	-0.0255604352933	-0.13912273269
-0.384881014061	-0.692974494695	-0.577231101993	1.14804829756
0.0545243835802	0.0918899789736	0.456017399507	0.257838450771
0.576273266844	0.253230352973	-0.462415623671	0.574751298264
0.85197226364	0.430775993544	0.14107744315	1.17354155706
-0.809832918557	-0.259023478356	-0.834566192001	1.77826806223
-0.341408144895	0.844578931789	-0.132365872595	-0.266059307973
0.0623337782963	0.280637234674	-0.261383156602	0.0163459873807
-0.368110193847	-0.4733426957	-0.222752709413	0.464804523783
-0.850004181868	-0.137873161164	0.445693588527	0.976893463642
-0.212745551944	0.0644308707246	-0.0650798794331	0.0315955261259
0.907517964154	-0.708030586363	-0.259813345762	0.432497149148
0.348408108693	-0.563474542153	0.231667145598	-0.151799761773
-0.596096674075	-0.772769357603	-0.532504343328	1.51104040371
-0.443046432067	-0.0621824448184	0.58048941424	0.524711560357
0.27434128494	0.318846426769	0.208634928804	0.272786914106
0.269535237403	-0.718447176079	-0.626313947152	0.721245061103
-0.553190572823	-0.411024082883	0.150455263284	0.494190507358
0.342850320329	0.594327858481	0.879574262659	1.61771821024
-0.5632914189	-0.189336938381	-0.388883620738	0.648809599893
0.583062901112	0.565598097548	-0.192105515128	0.59799162933
-0.691223155603	0.40322794937	0.221341692381	0.337312256766
-0.80023023013	0.201026136227	0.231285890802	0.579488902234
0.860277308555	0.291451785316	-0.220890619527	0.975220105434
-0.918440088292	-0.922876562978	-0.885221452077	3.29170617815
0.679316503542	0.263634652586	-0.129269456275	0.623192966523
-0.28132763703	0.939242613114	-0.748786855153	-0.327700433638
-0.0731989433848	-0.449749033244	-0.135251317983	0.117401307859
-0.846328954062	-0.331647993117	0.796256745442	1.36690385065
-0.800011495176	0.0886105387067	-0.458725837955	0.738910393642
0.900373000041	-0.452456030414	0.227206793781	0.352114188855
-0.506977266476	-0.635332007769	-0.875704835588	1.90234710381
-0.866337755993	-0.0866552046406	-0.146816662236	0.859891343213
-0.608382000395	-0.740181891305	0.642388770173	0.757620795277
0.089075835387	0.203407449574	-0.830211480044	0.546433094779
0.0571044265444	-0.50742047236	0.666634429925	0.0804224662775
0.0961061516773	-0.984926185993	-0.526333890272	0.710006322123
-0.705040662786	-0.101347960521	0.204115147278	0.589513108899
-0.922438349969	0.0660025022418	0.672365086562	1.28646185799
0.0773605803112	0.560361267408	-0.457953391851	0.00243649825314
-0.108953283285	0.480893130699	-0.147901476938	-0.0897740249596
0.636657956268	0.663079738799	-0.300578460924	0.71852826844
-0.437246477701	-0.106727044227	-0.42204113453	0.461012428491
-0.42029576262	0.413050597571	-0.248926306081	-0.0378097414493
-0.288304553549	0.0553615927178	0.826529126037	0.796066881358
-0.496187469869	-0.173349272239	0.323825428543	0.380943747851
-0.651109775408	-0.310846437357	0.616367361746	0.81465221977
0.845289053874	-0.358402827836	-0.189099773734	0.515092215427
-0.960998728093	-0.595514392059	-0.466402400575	1.99108767002
0.262574427483	-0.485320787565	0.486942946435	-0.0576975991529
-0.928660301558	0.0835914619943	0.433974636234	1.00939244259
-0.43746825525	-0.65790026027	-0.718904915401	1.46898096168
0.731321280461	0.0389512345215	-0.495500731437	0.78953729162
0.519223597182	-0.626979367634	-0.802887433542	1.09207274755
0.532443783571	-0.312790234596	0.223178227168	0.0969537177406
0.350841796494	-0.285163210339	0.683078005455	0.294849637747
0.569591475497	-0.638516038266	0.894646395756	0.189887257766
-0.486377852911	0.891854451336	0.624287903266	0.74929449426
-0.766554280002	-0.765769851965	-0.509699726649	1.82471611728
-0.347631264262	-0.960898151485	-0.232396266812	0.73220290314
0.190635540405	0.450793974875	-0.741996831193	0.338350858899
0.0459622393902	-0.967765680459	-0.333992503856	0.392409324965
0.321354335831	-0.785072917452	0.560004923895	-0.275057161412
0.0141702079601	0.575715600135	-0.0100221933638	0.00268931586612
-0.717351344222	-0.668052257964	0.0724613520642	0.950663813999
0.8704100268	0.285721406661	-0.174904499595	0.986926016305
-0.0693526258958	0.154276647245	0.429632399992	0.24497654146
-0.0757837861831	0.328677428461	0.0209300876965	-0.0118479217409
0.572094501243	-0.779385965482	-0.0853940878745	-0.0447432029773
0.863557474958	0.199715605524	-0.326298113317	0.959501050043
-0.60949294316	-0.828712550297	-0.906147545477	2.44861531661
0.75760578959	-0.709470238158	-0.025703422829	0.0553642519112
-0.136233666445	0.464816486067	-0.448455220864	-0.0521013370479
-0.600591930669	0.971000696974	-0.236360389963	-0.396104385539
0.232056319535	0.5688185724	0.267652881476	0.409732074733
0.394448423726	-0.359621449537	0.312074573312	-0.00110072603836
-0.323609010312	-0.547644029429	0.344831942284	0.212009247993
-0.891178560617	-0.0263708976248	-0.983342268934	1.81059404167
0.491275277226	-0.188330906908	-0.990866871853	1.31725709385
0.855719389522	0.2375559954	0.769772620982	1.71095093419
0.102527143198	0.921297780641	-0.32041677488	-0.0875625093759
-0.783699178881	0.713831347911	-0.303396988897	-0.0697691869029
0.345336326197	-0.985059587903	0.934956603624	-0.267763796993
-0.510447130936	0.266216212796	-0.291241796979	0.131955467558
0.813956410822	-0.392868983578	-0.728045656316	1.1588238456
0.486502595176	-0.251024752148	0.172178078728	0.100984912996
-0.38925723685	0.338441431172	0.803218454021	0.93678270811
-0.703901314006	0.300726499524	0.696745683359	0.978779719383
-0.59478335284	0.00679529255171	0.0780273088417	0.356343989243
0.771639890321	-0.853197555642	-0.608784572161	0.827099016258
0.244672155384	-0.638418336554	-0.978783126657	1.48655077777
0.662284517404	-0.910699689079	-0.956078490463	1.62026494184
0.883958590485	0.827772253507	-0.68243742072	1.41391725572
-0.292751684636	-0.702415496325	0.578287879703	0.219555372492
0.217168902035	0.0859741042727	0.792448497023	0.761937903988
-0.897080512862	-0.844331655678	-0.0902847146448	1.64656849356
0.839813313121	0.49030409888	-0.0987381620551	1.07838780969
0.26477083969	-0.797837164215	0.227488307627	-0.270888114497
0.0837058547976	-0.740022018806	-0.663705389399	0.876723940546
0.174201366949	0.367111255295	0.0255301758887	0.104321603541
0.509483278851	0.0781705503204	0.207173417377	0.358515484631
0.633649154224	-0.0581906525827	0.928236082548	1.17224635441
-0.379130826475	-0.133622573344	0.61372882389	0.489055664742
0.793358399615	0.223564456051	-0.798657015896	1.26608599701
0.537166875376	-0.331743731959	-0.573832002809	0.629994845656
0.113535083427	0.541838111878	0.1483306907	0.17678106559
-0.712890543004	-0.758017952225	0.934465063912	1.21348041737
0.401586752531	-0.556708278803	-0.322312426991	0.221024547077
-0.795933651544	-0.737304469407	0.500693704517	1.10188629589
-0.449798912357	0.929028055473	0.250667831025	0.0801550617937
0.0107777659472	0.8459634657	-0.486220879666	-0.165680600163
-0.118068598919	-0.39599153442	0.137759079139	0.0251204944604
-0.573748921174	0.636730873058	0.5527761781	0.621395334615
-0.580144132942	-0.533211379863	-0.841235326287	1.80213979195
-0.625996761859	-0.319295335395	0.829666924945	1.01518821917
-0.433217080731	0.121117375307	-0.0604024391149	0.131539593044
0.366976347582	-0.355149055088	-0.647667102757	0.653831372151
-0.479474685782	-0.558122807222	-0.372601955558	0.844291598624
-0.692618141837	-0.154934590949	-0.648620135274	1.10823217411
0.0265644822444	0.270043698958	-0.177716106116	-0.00852885752379
0.929301282352	0.235958567717	-0.390295288846	1.14311436809
-0.197826720164	0.134044700649	0.695134574123	0.589008969767
-0.989024973832	-0.265636916782	0.918367153753	1.84033795343
-0.438232694149	-0.765594680443	0.485515644656	0.391573760043
-0.307020261885	0.16557197301	-0.785301851874	0.530102512226
-0.60281512245	-0.244218355402	0.220002226226	0.505276987342
-0.826746794039	-0.99857964226	-0.653303316993	2.58826339585
-0.760888486923	-0.718485211379	-0.251723473853	1.3698627155
-0.941641277654	0.825069584666	0.195814758386	0.309672938898
-0.307785772633	-0.248948596472	-0.668068105553	0.78398452883
-0.0675900042447	0.509524461215	-0.519748472725	-0.0245564374549
0.466555492344	0.917370416314	0.571301223009	1.49615816189
0.438955983923	-0.673797936716	0.435853754896	-0.206794145556
-0.969845821101	-0.541775315058	-0.348592864634	1.77641543633
0.471557959648	0.0694864458862	-0.686606296958	0.678852171676
-0.939309254027	0.452203441815	0.862403319833	1.59126423262
-0.7336084304	-0.786604931915	-0.328021881842	1.4808633236
0.604635318722	0.382187279638	-0.350790241456	0.585654021676
-0.968813357747	-0.133209606621	0.549258590846	1.29617304722
0.870805895129	0.974466746809	-0.397268576741	1.3775715992
-0.321455547342	0.561764122995	-0.244592464676	-0.154826322351
0.83815716139	-0.740791185351	0.200221410637	-0.0266256527481
-0.730333484544	0.886451900454	-0.50716881892	-0.306379059191
0.667810914356	0.296362009371	0.663129403133	1.28015216948
0.712693415943	0.790917950182	-0.397089538132	0.915228778531
-0.711668338967	0.858831023802	-0.477008801102	-0.286863584158
-0.0848941859885	-0.465705058857	0.45674553438	0.042650451902
0.956218653043	-0.292966037705	-0.93438596424	1.78103500627
0.405442471939	-0.992190058509	0.165755624347	-0.37487854752
0.343049864356	0.0465338381424	-0.993490804597	1.07443967482
0.427613298223	-0.741491496283	-0.992210155724	1.5859778946
-0.051976259218	0.376748345032	0.394055799456	0.286859405262
-0.451682371191	-0.59026462175	0.506800351921	0.428329367104
-0.667446799059	-0.709498221825	-0.978798174157	2.57153897649
0.707427635669	0.159393272868	0.200852585461	0.685569377922
0.394974259166	0.16422775619	0.877562731859	1.13510690846
0.643529915669	0.185061540154	-0.520736904303	0.708021939668
0.799446120938	0.880386901028	-0.894929584321	1.35595067075
0.786177913393	-0.669458951336	-0.404788856903	0.526605412371
0.43518336373	-0.557618533927	-0.0841539892348	0.000725968800201
-0.663193694904	0.871386278707	0.114792013153	-0.0248666174535
0.819013800843	-0.808490220538	-0.990795061267	1.79134192853
-0.602824853185	0.919318158995	-0.289589611745	-0.373152876112
0.665805770183	0.803439320631	0.645196722229	1.91288708583
-0.0534532017198	0.503150033453	-0.0205274679206	-0.0339447546911
0.918552017786	-0.757032214648	0.117807506255	0.0730588722524
-0.223566717424	-0.0377801243088	-0.581020550119	0.417964363786
-0.13981496261	-0.235205120068	-0.351390544978	0.25855758926
0.240842422948	0.0140364214414	0.798857714949	0.710772390734
-0.553661358878	0.579507837939	-0.653976885863	0.0343908393348
0.514905673591	-0.451473637559	0.119153259167	-0.0069355409328
-0.700095786975	0.26912031446	0.141577823596	0.359869861138
-0.426924008172	0.827918788253	0.51710229988	0.524319199292
0.0257695374208	0.592133779048	-0.739128984698	0.124571499744
0.143130894184	-0.000816176731414	-0.645331213881	0.437348712694
-0.39527976905	0.740554885715	0.131476384004	-0.0218287502927
-0.0543188432205	-0.693765501779	0.675436142296	0.0282547643918
-0.143450216701	-0.255545292349	0.719813586273	0.391422617878
0.138913269856	0.817841820836	-0.449193387578	-0.0326884604616
-0.571969559763	0.39351933807	-0.0727618114827	0.07872919606
0.418454400732	0.207066944198	-0.209087521364	0.262174637009
-0.955249063399	-0.553409651524	0.544786238844	1.43644690786
0.789659583242	0.00554125118231	-0.588052415516	0.970485056756
-0.809518501543	0.159467513456	0.0422025854393	0.534739301381
-0.32962158618	-0.162254338803	-0.0679350945691	0.177770863522
0.259656830992	0.775316157266	-0.884199035046	0.36501194176
0.781863976909	-0.318753777484	-0.323901017548	0.570245724312
-0.302351698917	-0.714377200963	-0.32006294155	0.638495665086
0.44993681781	0.508933551588	-0.260854878152	0.366718550568
-0.56281641399	-0.838091870028	0.507434204964	0.620667167352
0.680603523849	-0.488082410805	-0.672853142315	0.912169682895
-0.969004225314	-0.91027832367	-0.854296606693	3.32850310579
0.491131370781	-0.428462070378	0.0425841376982	0.0143465803931
-0.0253851380481	0.0127112796912	-0.650189608357	0.414803512495
-0.374628371249	-0.462546976226	0.856730116858	0.651338205012
-0.660853845638	-0.194531572609	-0.603524440937	1.04693105256
0.152898811722	0.178200102962	0.782779858865	0.802860389509
0.2724411953	-0.444367253598	0.904876697161	0.369864523478
0.423395284651	0.743475175046	-0.502193689806	0.372877411079
0.710720854496	-0.414656032892	-0.957362535197	1.52393861768
-0.075696551151	0.21094834661	0.426001951836	0.261103975908
-0.372311915584	0.348877615283	-0.127060287162	-0.0194593041733
0.146862275997	0.7297783896	-0.592116545537	0.0472335878221
0.278747071798	0.00110914011132	0.116695917702	0.0917564689259
-0.146872561162	0.20890862165	-0.294310492543	0.0160232715985
-0.847742233295	-0.253483328416	0.557371263929	1.10293381976
0.0175404117268	-0.642398024139	0.47184976286	-0.0914334164332
0.780211231523	-0.285494102759	-0.766686833776	1.19267713108
0.80472947876	0.396257767077	-0.991690216567	1.55695437513
0.0441090372517	0.575583742247	0.067089296491	0.0704505339382
-0.332157410227	-0.246310987702	0.255031210586	0.194366493953
0.354460476965	-0.159790583884	-0.0539392302339	0.0805312048035
0.323715729902	-0.489034847655	-0.0833244914234	-0.00582484803014
0.732370545331	0.68975091085	0.674467409712	1.96164066334
0.015138397725	0.0220389119525	0.0441812436022	0.00348849372418
0.683583027711	0.595172326304	-0.824411422151	1.06312278562
0.709658977975	-0.527541950915	0.502721646901	0.116763279185
-0.350707171358	-0.738039255439	0.116482757672	0.309430564759
-0.292679290738	-0.862364610784	0.423178106096	0.152203316592
-0.45745688076	-0.417113964561	-0.577619452849	0.974655823198
-0.53726443861	-0.195613688377	-0.758437231877	1.11733709449
0.457322635038	0.1839663307	-0.993888914882	1.09824903796
-0.0613753528232	0.0660292478924	0.302990974593	0.111524162403
0.294383621443	0.326546990199	0.604682980254	0.745890715955
0.063054471807	0.388704212974	0.0659811128202	0.0584860490319
0.728719822672	-0.257796742229	0.332020937486	0.367814970566
0.79094927893	0.197147250049	0.503707869878	1.13456047666
0.591474141633	0.280125723105	-0.768784559158	0.891202149696
-0.18248708524	-0.317207474849	0.548478010782	0.218034607282
-0.317646914813	-0.474806819348	0.386549303932	0.217604602638
0.167149038165	-0.263174458533	-0.684307278204	0.632318091761
-0.0756597535767	-0.823060913058	0.940783171247	0.178748103557
0.135730572012	-0.361077068826	-0.225798061407	0.101928857781
-0.690115843845	-0.379739049808	-0.922321948282	1.93924324927
-0.0965968123534	-0.946028126732	-0.881027396218	1.71040021573
0.621589616455	-0.9833789138	0.0732073130033	-0.291515687841
-0.451652323266	-0.687171082133	-0.934879464606	2.03077398354
0.722830901394	0.710846031737	0.218644569907	1.23953406271
0.323740203479	-0.698579737395	0.50620549408	-0.218731525868
0.325089978386	-0.166662442414	-0.915882734442	1.04298764098
0.760663221458	0.200476782924	0.202908464737	0.812954133305
-0.120402232758	0.811743823215	0.111942603002	0.020160791819
0.210089047229	-0.077735968526	-0.683828235761	0.548585038439
0.08340021326	-0.662202029043	-0.146871869999	0.0705580016479
0.902413235159	0.450567382579	0.948230864481	2.5473312874
0.469429955354	0.791613256938	-0.337878583591	0.438664230088
0.638414170898	0.664640764591	0.368736565644	1.21293274404
-0.942417662054	0.189715656005	0.828544756752	1.55303399076
0.409677286412	0.540202976513	-0.732978707604	0.530444874763
0.245512731784	0.265851907724	0.6454485325	0.713744061393
0.222627351298	-0.656802739373	0.274082726766	-0.201556261289
0.384826310259	-0.485220421664	0.139224854979	-0.0868054780587
0.339174440537	-0.821817609405	0.707442863092	-0.244613824777
0.459504852928	-0.841655060137	-0.117397558779	-0.063009438559
0.35678274737	0.126156761879	-0.642168338357	0.503670781564
-0.891210472545	0.460204023204	0.83566307546	1.46702574644
-0.655697537737	-0.395312112545	0.298050601797	0.660155588018
-0.126823083141	-0.926776374226	-0.2527058469	0.431682785172
-0.733842041439	-0.204927200371	0.165606554325	0.682396580145
-0.567782668877	0.087334457662	0.640692612924	0.739231733754
0.570145709715	0.522494708719	0.643306686351	1.37293207924
0.255953792979	0.995972745561	-0.968248415542	0.293591307458
0.629567194489	0.963396732692	-0.783506138541	0.861932445775
-0.0158250623198	0.913478229072	0.343322947085	0.417283266392
0.625859400159	0.930572686448	-0.311433416664	0.781286993931
-0.860939882242	-0.73058243918	-0.466926316327	1.92935339197
-0.495115000215	0.0853437571355	-0.0497338893506	0.201112871881
-0.751298557033	0.818616053043	-0.934992059879	0.0582351047372
-0.515775846484	0.522803197137	-0.0351352808375	-0.020758886926
0.212440970226	-0.810249537333	0.192696618794	-0.245999391334
0.739106448348	-0.149400869571	0.583269107776	0.688917136091
-0.305203419108	-0.412245482164	-0.935976358175	1.48087162584
-0.41945937569	0.853787389183	-0.0800621114321	-0.24412903679
0.829626666864	-0.553033821157	0.158343451924	0.166972165156
-0.255531090297	-0.649054658184	0.287936826756	0.12717066011
-0.409504459823	0.649939736317	-0.840520397856	0.0617276154369
0.942773137793	-0.680619722903	0.426235602929	0.138723628787
-0.217965219844	0.708768712677	-0.172765091237	-0.199580805777
0.366466302929	-0.354628215882	-0.775105672884	0.880001406025
0.493279610467	0.700128809578	-0.00941023570456	0.582184215982
-0.981904263621	-0.858115110731	-0.226209823439	2.05200782073
-0.0952461747623	-0.152672469688	-0.673570082524	0.580145566615
-0.300487511502	0.502307226963	0.558706655828	0.532151214171
-0.598606385909	0.441668605618	-0.459802594782	0.102282012743
0.797199705552	-0.448110895177	-0.264873820717	0.467144482654
0.859080233402	0.781442540374	0.447768780821	1.95974314206
-0.159362780246	-0.241836763342	-0.989264035712	1.28182001954
0.057458050193	0.285874073927	0.102962573807	0.0597628164618
0.314869857451	0.0163911238429	-0.291027356911	0.184230754981
0.599797199595	0.306432640939	-0.694976221499	0.813582670047
0.453524748961	0.712116182527	-0.664515948952	0.497015896447
-0.513916611398	0.444615546543	-0.496215305931	0.0612195588074
0.0974566563113	-0.558896596587	0.710703753181	0.0629195222835
0.847458065022	0.528085865491	-0.972706877556	1.59820171405
-0.0550765452569	-0.683426411833	-0.151606634641	0.167270741528
0.0475761317252	-0.166908814894	-0.0611206047508	0.00825990857609
-0.0542718662053	0.989612226208	0.961573365401	1.82544542897
-0.311528799069	0.111642848206	-0.746258206495	0.535857149313
-0.746213848636	-0.311871516734	0.973219069904	1.43319400326
-0.717959082669	-0.835428442976	0.501887053207	0.947868577708
0.479633324951	0.709213072186	0.244503479668	0.80339736586
0.360060857487	-0.414298317556	0.764168221083	0.247830675408
-0.0570539702892	0.928782430012	-0.823232323058	-0.136627829387
0.863566914707	0.304585081552	0.279782351894	1.17227311022
0.887667341328	-0.102192603444	-0.871915147513	1.54657957563
-0.113752665264	-0.247257880853	0.791140609899	0.47135362578
-0.537088220665	-0.311641632773	-0.662984084477	1.10200414567
0.160025279551	0.453411767237	-0.84010190718	0.423024558953
0.713839324939	0.742333970121	-0.580947603851	0.94571673916
0.3729795998	0.985495098684	-0.526676621817	0.265034383955
0.15699596371	0.652729064397	0.878830391522	1.47310455741
0.262150670982	-0.394879173134	-0.909869283471	1.15235567742
-0.503638251994	0.477821759003	-0.9770487521	0.500771284022
-0.20085695435	0.0509246140767	-0.254708263467	0.082020332685
-0.406944891334	-0.826467895851	0.471705151529	0.334587618583
-0.228106934726	0.0396719430111	0.909129189064	0.905566132142
0.946036775317	-0.882228641671	0.33347079956	-0.12262987538
-0.238568175507	0.868594900257	-0.431608083213	-0.338911368738
-0.951201925795	0.0964008704865	0.695185243541	1.36338739544
0.0166101636932	-0.656406782258	-0.980805230958	1.59515898018
0.291976276368	0.757969622635	0.223059610988	0.525387293199
-0.826123737013	0.692018675794	-0.115121453992	0.044374127349
0.408805352721	-0.945578836931	-0.949546191569	1.58007287982
-0.689671846317	0.920027430499	0.378360061811	0.332388210793
0.865138145868	-0.562727719198	0.111376018049	0.211357040606
-0.140607818804	0.506698400222	0.242500990493	0.130206396187
-0.241991583021	0.494780817133	-0.0354672403538	-0.0774634519588
0.670769316754	0.530476904443	-0.665253137975	0.895419419327
-0.95269765003	0.051560782331	0.630591756842	1.28867074432
0.162150091455	0.351805578734	-0.747455677365	0.379068871397
0.479295504706	0.0925912001954	0.123093323195	0.300652051606
-0.915612935748	-0.312388724849	-0.154566277421	1.19654970199
0.282006583838	-0.343730523031	0.70774448655	0.240222318475
-0.286706449459	-0.318739518412	0.860414261976	0.639649938502
0.798924331327	0.247860119262	-0.0948824907074	0.82178666881
0.678112056437	-0.37073801294	-0.0128950912862	0.21338102863
0.579321785306	0.690601050917	0.444896240272	1.24087244037
0.984857599009	-0.832920527074	0.973195064313	0.286150867156
-0.214394176649	-0.43886883306	0.723856567988	0.346346028826
0.309266577039	0.797166037665	-0.151437076814	0.244395321229
-0.991836420013	0.341577935809	-0.966432805698	1.24883029212
0.0120747042294	-0.247512204626	-0.529987694065	0.409222540262
0.318441495091	-0.809918151628	-0.774748497827	1.07121154491
0.991113378263	0.925386735395	-0.463245894236	1.68538405486
-0.41543717334	0.0517527438848	-0.316937401644	0.235134967747
-0.428161184674	0.192812235956	-0.9132286907	0.758672260419
-0.326711692556	-0.0439325239928	0.919131384685	0.925516540026
0.10983203806	0.927814477989	-0.73059685449	-0.0301197437349
0.701640633506	0.438504227437	-0.774927955025	1.06067611376
0.658695569465	-0.21661858769	-0.203123471238	0.376453613292
0.971637853055	0.848207933874	-0.894831507025	1.80995129553
0.790328739082	-0.291203409787	0.897229637942	0.938217785415
-0.207853154808	-0.905486944156	-0.165375335813	0.408505461103
-0.235607620522	0.909682306346	-0.291063577008	-0.338874512946
-0.689644390662	0.921266117073	-0.585512710257	-0.356324511577
-0.762894622704	0.917560462304	0.606357943362	0.806046292965
-0.337868289443	-0.943983194595	0.215851618485	0.275928589058
-0.104087566459	-0.548799539541	-0.21659249804	0.233735603436
0.575413591449	-0.264119823942	0.367303009028	0.21702215912
-0.14791170083	0.326333858974	0.82381061538	0.921110502317
0.739439372799	0.121888051239	0.692866933273	1.20141619769
0.746521632807	-0.157710187216	0.000130900210188	0.439539854616
-0.866902505606	0.952274205695	-0.0297381093357	-0.101443420015
0.866425922896	0.650676671758	-0.759496390544	1.39710519934
-0.786807198309	0.0785664060637	-0.0257870536774	0.555887929481
-0.376001589072	0.279358322074	0.720330031179	0.756443564632
-0.741914552414	-0.920065924567	0.881587687182	1.1991255614
0.800249798207	-0.0345447880433	0.104733758417	0.620106434537
-0.977548924542	-0.35020090835	-0.373378097232	1.56810897351
0.372516552539	0.966075151904	0.0387831248525	0.537619111003
0.675881509435	9.09488971399e-05	0.22991823796	0.509760592431
0.815400145865	0.298407915152	0.776580209599	1.74301375865
-0.309479458362	-0.614639969397	0.593170007918	0.273260642744
-0.456274631925	-0.906935708829	-0.940162231326	2.35857001736
0.290549149182	0.636703491028	-0.215514603843	0.178640109526
0.746731443399	-0.649273530106	0.74426685614	0.143475272385
-0.150292991565	-0.691925200568	-0.071350304726	0.181039431539
0.364149216447	-0.824066836366	0.325189149606	-0.329708251639
-0.366191271381	0.269604173416	-0.533343901421	0.176033327697
0.117692126169	-0.53729663515	0.255642511062	-0.121386914345
0.0696775578457	-0.589408029402	-0.30058145106	0.23130077947
-0.268422558711	0.348704927833	0.414920559357	0.295294315346
-0.0996202216104	0.227250262354	-0.427380883662	0.0728174688399
-0.633388178722	-0.64430064676	0.602814756859	0.784264691513
-0.92397916515	-0.177155038885	-0.83810026218	1.86831079657
0.88140522761	0.591449139912	0.83213144076	2.48278769867
-0.93762721442	-0.865286386047	0.210992844995	1.55240960136
-0.445770437378	0.354200458785	-0.989182460827	0.668932248769
-0.154854435262	0.588572491129	0.962795571963	1.42648713703
0.398140716665	0.523930371149	0.776830412991	1.37758458086
-0.264282281132	0.363097781676	-0.364134964365	-0.0257375114133
0.944806702459	-0.671705122531	0.925889601746	0.4933749694
-0.446617961121	-0.775559629988	-0.00435369432636	0.549241968084
-0.722250311809	-0.880800038778	-0.931668847661	2.84642441441
0.48795545893	-0.376956697495	0.14573649529	0.0204652296665
0.789037152778	-0.712167566372	0.830004392378	0.158458042761
-0.966697881324	-0.56255250812	0.611476127998	1.50823873714
-0.547165365573	0.45194228946	-0.203282398561	0.00155459020489
0.620348024644	-0.620758763137	0.378502107497	-0.0919494555276
0.309068189151	0.205859998912	-0.408760600386	0.242085694304
-0.804578991712	-0.0959345292952	0.0236343448385	0.722825493263
-0.2733016635	0.318906554037	0.966784357359	1.23052196909
-0.0924520290016	0.409072709996	-0.204041711388	-0.0711071002253
0.770387403868	-0.568760587633	-0.55978172321	0.787068118988
-0.166750572265	0.908545799298	-0.613382368925	-0.304742822754
-0.196357756072	0.448792383813	0.660908561892	0.683843359098
0.219360737349	-0.0769654165497	-0.434333473205	0.253310165199
-0.735785172539	0.494751978263	-0.564063996029	0.216445064152
-0.398583421259	-0.382682810907	-0.636524153837	0.96014961855
-0.461689393889	0.661593114439	0.0633890267953	-0.0463375151999
0.469616491434	-0.0208814462052	-0.131730017509	0.230836888311
0.585628161494	0.150503397844	0.49961540469	0.755908740338
0.548817607811	-0.740936303729	-0.111412616535	-0.0104756997021
-0.27180738979	-0.790040426102	0.800152210415	0.296709049761
-0.551192933613	0.35904547365	-0.798903363552	0.45731426987
0.206937035346	-0.893669985778	-0.457348270169	0.475775381487
-0.80348012446	-0.544245401531	-0.861838207004	2.29468724944
-0.0998037069594	-0.116698653668	0.407785742783	0.140308903005
-0.799478124835	-0.0202888306123	-0.268421262375	0.732881675963
-0.664083426394	0.960869630172	0.27432764643	0.141757962656
0.465182111675	0.950463503065	-0.674964776531	0.472581080059
0.100956914217	0.840593831858	0.572849500671	0.904746365169
0.387260520775	-0.627430137034	0.803323913288	0.0482914659966
0.113079720985	-0.278026266334	0.640566365124	0.213578883968
-0.815416694928	-0.368265133779	0.744476103393	1.24527400132
-0.886490708516	0.362010401055	-0.603468880126	0.610659597326
-0.875115912195	0.189711024457	0.423063067177	0.85905081025
0.923834748677	-0.016655949974	0.292747600167	0.918908465525
-0.224035511187	0.640896249198	0.475168776072	0.436927643541
-0.178710475611	0.0711240831196	-0.353184658174	0.118846283156
-0.472654617646	0.364481024621	0.706193876186	0.807232806586
-0.416414007817	-0.223416417628	-0.208841378684	0.356707665912
-0.688581601998	0.13962134538	0.761917960553	1.06490292227
-0.307395206022	0.0684787830026	0.195114663721	0.124872709793
0.81714597872	-0.108635647217	0.422059600193	0.711239956553
-0.538347925293	0.130962744568	0.968627260049	1.28440782019
0.391079275004	0.67735862785	0.384661485425	0.826362154759
0.556892125422	0.907807961061	0.374929414437	1.29661591734
0.132569708205	0.60973678412	-0.435056731526	0.0224116223422
-0.220692970637	-0.898867957272	0.922645157934	0.26901714605
-0.718869664698	0.691543086801	0.303238521918	0.321300352549
-0.677015973868	-0.677033567699	0.736334296048	0.960378329113
-0.0955539438382	0.241319440065	-0.0257797505353	-0.0194850274665
0.458597520598	0.237483911086	-0.860634262689	0.8555257621
0.44366732561	0.792843350936	-0.27635191279	0.405865988079
0.355676304889	-0.449681308345	0.639361566551	0.0878389147607
0.345131044568	-0.74615949024	0.292928808204	-0.271171689887
0.385858668691	0.970503082697	0.898494641382	2.20264837949
0.850688685157	-0.246522499332	0.402519668412	0.576749267008
-0.263769739811	0.992077517834	-0.466979380949	-0.437315556011
-0.418277154386	-0.594221078512	-0.570000972885	1.08711258163
0.627319698077	0.974233011838	0.258125902227	1.322789319
-0.181482260663	-0.801245101445	0.08910304827	0.114893555551
-0.365722450404	0.503236184054	-0.202147769893	-0.111156211098
0.188408622147	-0.900092850799	0.126316137834	-0.231827930852
-0.715752615699	0.172197145865	0.496998381019	0.721640342758
0.207019850308	0.987261802993	-0.796457063309	0.0952722264579
-0.79703099388	0.343921131792	0.570589939624	0.882953420741
0.938720349676	0.0588297891599	0.0906110032638	0.949961595277
0.739370811387	-0.20846647201	0.902111689698	1.01828063155
-0.983890707766	0.313714106657	-0.154447049584	0.634782203334
-0.00020243943107	0.337793258033	0.045326127116	0.0172969762586
-0.727837440763	0.454667583629	-0.359701194588	0.164663726126
0.895470934373	0.120227077327	0.125236933774	0.940269207679
-0.017784345131	0.29953075041	8.71711781203e-07	-0.00501041420564
-0.580189725874	-0.999660816003	0.833686901164	0.778242774078
0.374215038197	0.890907426263	-0.138041319085	0.369501220832
-0.721843011888	-0.248550672342	0.437138583208	0.782910951907
0.42392760224	-0.491798983362	0.314833256777	-0.0844872478982
0.616152515296	0.701069936456	0.422042327634	1.28561084098
0.0155400952414	-0.836804588885	0.595252272192	-0.156547093814
0.930715679826	-0.125831976608	-0.69495652686	1.31953021068
-0.993964612676	0.481857208737	0.69792676784	1.33241945493
0.813940865761	-0.174660904219	-0.1629218894	0.575335711927
-0.969443516416	0.765735565368	0.0826803508507	0.267630678006
-0.320359527351	0.0290148874267	-0.157284214179	0.113509771404
-0.974091642715	-0.931442273688	-0.376742987282	2.34901428601
-0.354294001606	-0.174287786184	0.853423330509	0.766863474876
0.862074785213	-0.473241708188	0.107562024106	0.295869944365
-0.0329609612689	-0.440079677938	-0.748261803432	0.90478241413
0.487747772477	-0.158324136858	0.508987887405	0.339159246054
-0.66693170081	-0.936282606379	-0.595699622349	1.98183567975
0.100012022971	0.745847015036	0.373198505541	0.502222189451
-0.689041926919	0.693202308612	-0.0968390546258	-0.0606179311487
-0.00884589066954	-0.587734721976	0.834117711895	0.210789702676
0.235012714318	0.131645322377	0.0627941616331	0.0983789648173
0.0797425567445	0.990421028405	0.700591154851	1.27004575875
0.52637563325	-0.294776956515	0.0812640434928	0.104556977476
-0.461816992867	0.166241597708	0.414785617029	0.377503471933
-0.965050957161	-0.95230663837	0.409320130151	1.62809247457
-0.990190147974	-0.544390053402	-0.491539438911	2.02872639808
-0.61434662508	0.04467484927	0.585833339402	0.719348650562
-0.594413757722	0.560587018138	0.923945852738	1.39173506869
-0.184757295923	-0.3119920717	0.971422040198	0.732362875279
0.78847620277	-0.713913407436	0.726557366187	0.0679775511014
0.227002698032	-0.0706898878474	-0.583844232166	0.417629400375
-0.497070405295	-0.141871186236	-0.161010277627	0.366365984446
0.594055844142	0.414832895487	-0.810656476707	0.920213201616
-0.228212251099	0.2578846539	-0.0116989301532	-0.00965171542552
-0.817019180456	0.635516848069	-0.141047441577	0.0785472421331
0.571206540851	0.6193203073	-0.810927796109	0.83541656134
-0.122933683934	-0.987921245549	0.874370113909	0.0372757728913
0.540258193427	0.956158860465	0.00320517739244	0.811526506075
-0.740355821498	0.378959686778	-0.0137485291884	0.262540615946
-0.73570357912	-0.311094478359	0.0279699255776	0.762214104833
0.533381846438	0.756365053799	-0.605915864071	0.596768032294
-0.136372322827	-0.845254983344	-0.825208256044	1.51234685245
0.492755518904	-0.244018445692	0.688251031568	0.428310101066
0.108536378029	-0.487135708356	0.473425074232	-0.047582758016
