-0.450188988467	-0.455827040854	-0.940175568892	1.72036598757
-0.205947895373	0.237805793213	0.789921755841	0.805263283064
-0.588292046642	0.86812563787	-0.456547030796	-0.352528867101
0.230284305383	0.0959196637101	0.277905272632	0.179007575287
0.746835082318	0.115435452574	0.527657453552	0.98330665115
-0.798559344513	0.818935179833	0.66691480978	0.974664049487
0.77895249427	0.278583204568	0.11784357889	0.87048642132
-0.455564019284	0.00938624444285	0.608146392276	0.578812785555
0.0668336889764	-0.000110834074917	-0.825560950851	0.686101718386
0.353469329407	-0.90505200216	0.339845228841	-0.387050382672
0.300423545926	-0.424881645914	-0.935650274108	1.23559192018
0.661793155869	-0.44341748184	0.55532250581	0.206662904805
0.280453194113	0.44790590882	0.959246920604	1.55407765532
0.413922842828	-0.853139681913	-0.015591516872	-0.168257045509
-0.888063160163	-0.654607331403	-0.138244700772	1.47959642378
0.663854395089	-0.166045076277	0.887279338176	0.970409162776
-0.0516807000899	-0.295414006363	0.239499985575	0.0045466902548
-0.0513297319739	-0.88972102772	0.205477499252	-0.09229276584
0.934078188347	0.466774770917	0.27901052683	1.51658814316
-0.366550708435	0.544130760414	0.774907285801	0.957040098403
-0.648454574658	0.728138095967	-0.881377983488	0.0833911191357
0.729881958321	-0.34039036781	-0.463418372092	0.656782622551
0.340362530519	-0.760702730191	0.805089916223	-0.107332378156
-0.966070612672	-0.446723338286	0.107624229312	1.32836343752
-0.161813365517	-0.655680839323	0.159629218029	0.0530971561664
0.432427558928	0.399581068679	-0.295535410203	0.329034283486
0.894878150627	0.20604633821	-0.324334698092	1.02355829004
0.193589636123	0.910800580754	0.946875227942	1.97278570503
-0.257189752381	-0.871580757626	-0.538248469339	1.04914663141
0.255805145228	0.739739734115	0.522898935917	0.91489791945
0.988761345908	-0.727837796174	0.0189181807901	0.244579650765
0.194616971947	-0.918241308084	-0.86431549883	1.39986189863
-0.264702123484	0.882583164028	0.0843301330235	-0.0820144965299
-0.00200535968128	-0.334344881069	0.400744540947	0.0272838044281
-0.675749438782	-0.181994891244	-0.661605528206	1.13775095074
-0.49426796222	0.224534784985	0.993519591621	1.34348135467
-0.60623832375	0.117566411576	-0.48345469491	0.473142049291
0.913593379672	0.203932873534	-0.326278135355	1.06088317043
-0.49059154609	-0.610969547266	-0.465144635104	1.04096529859
-0.25767596587	0.630843645217	-0.500987802591	-0.161212535458
-0.844185803123	0.232921363018	-0.26978609411	0.525966354102
0.674160052517	0.732559766941	-0.698132195632	0.924319311414
0.806255540655	0.383945117873	-0.0542961374738	0.941707209072
0.133112507017	0.0489280261489	-0.679570240236	0.452797552678
-0.948459440035	0.173534022237	-0.524165564826	0.918774308399
-0.129333389641	-0.124607117882	0.12943900802	0.0334684216716
-0.239222270593	-0.840695888198	-0.0253016890951	0.280251675459
-0.979880845593	-0.708989242417	0.970169228527	1.90828023557
-0.221878477816	-0.1764649036	-0.644501155235	0.617497396445
-0.819409295628	0.848011499393	-0.947231192441	0.0705470765184
-0.51834696064	-0.935671883032	-0.805973499924	2.15740627326
-0.0840179511535	0.646260343737	0.429612228805	0.414969559923
0.0906726842312	-0.285715901188	-0.982219396369	1.22770555058
0.035816028096	0.472741169696	0.897465487627	1.24792768475
-0.0529879624794	-0.0689392494942	0.344442624069	0.101355779812
0.164369046007	-0.761814851901	-0.679972576883	0.882174316111
-0.831738191943	0.751791855799	0.451900374165	0.610443390177
0.103057124498	-0.856672420015	0.545632450157	-0.247378926184
0.869259865764	0.845374898796	-0.139325036581	1.3920927624
-0.962967864261	-0.179967730307	0.858268767027	1.68277484295
0.104074204905	-0.303548870142	-0.938110265488	1.14405301419
-0.680096178685	-0.73118329208	-0.110779764048	1.05307824382
-0.426905342891	-0.419158728931	0.514599201545	0.410302863691
0.0431958678712	0.0108278344642	-0.528928065782	0.27637135394
-0.612064641839	-0.337032118663	-0.0409402960078	0.596382871327
-0.919434479237	0.590439031067	0.810597969854	1.4381675072
-0.894375650442	0.610259439012	-0.319679288613	0.161214165634
0.557321636913	-0.382369773049	0.0653499324251	0.0767872339873
-0.733110827307	0.427224711964	0.641721013206	0.910213356898
-0.644790455157	0.156597212573	0.402148775008	0.539481357537
-0.191790987257	-0.806074546908	0.947902490992	0.325820677437
-0.0314007086765	-0.988490786211	-0.407600901291	0.601073545823
-0.853944651486	-0.556492356166	0.625804216215	1.24781079319
0.270180368564	0.784055825439	-0.391920776838	0.131148050576
-0.814721825241	-0.259553021133	-0.0365030147103	0.886042101479
-0.0667600511773	0.48309735258	-0.100648590214	-0.0662876283099
-0.696121387504	-0.97894068116	0.0134567802085	1.15305422674
-0.302820695812	-0.0868114679825	-0.0476843781535	0.124402033738
-0.241326664445	0.0358721013458	0.353470963683	0.187203132807
0.747618958808	-0.160069408711	0.661336970606	0.770769953738
-0.0352177037646	0.680421059238	0.199723789531	0.153063283891
-0.92167390365	0.631679702731	0.766398261034	1.33876460742
0.562267557062	-0.145656258888	-0.0482632536961	0.243606203501
0.0328116027265	-0.467966629547	0.666326080426	0.117893941556
0.312387131338	-0.0851170578667	-0.932672453451	1.02026048691
-0.988149671165	0.491514970988	0.118338495399	0.562918557295
0.805758804231	-0.106848864671	0.819784632939	1.14760662426
-0.80538128541	-0.197091593806	0.829490155582	1.33194127745
0.621216879327	-0.956756772727	0.613364750012	-0.419067607637
0.101086278164	-0.555179571439	0.651637818032	0.0169532403849
-0.325762828122	-0.508487394771	0.431378192597	0.238504483704
0.665347031066	0.243847661532	-0.755539805933	0.991533772859
-0.296196450179	-0.20534878315	-0.21288184469	0.237589625277
0.382059723756	0.731670412516	-0.422004440181	0.294831012904
-0.103372799257	0.58791607962	-0.289970529362	-0.136484024181
0.202871514263	0.0979166909695	-0.430521966206	0.204215235733
-0.511767896615	-0.647431826258	-0.351364896233	0.944183310688
-0.629134673175	-0.829547076114	-0.964808565525	2.64891695826
0.156945068006	-0.869787902896	-0.321184774631	0.270645123825
0.473682212391	-0.919394943805	0.299782090808	-0.39687502927
0.961623620219	-0.885837778314	-0.800903324937	1.42379401356
-0.0396748534599	-0.222303747098	0.36497843909	0.0624671489675
-0.0674437679162	0.905334240217	-0.43683952541	-0.261167499427
0.574124209881	-0.0111115200156	-0.822053091946	1.00814476109
-0.247992629653	0.221242193765	-0.639342139942	0.273942825238
-0.922633834609	-0.367793260699	-0.121402478201	1.24998127426
0.450234885563	0.109033328417	-0.634475900514	0.585182709419
0.584893173051	0.647412767276	0.361736122444	1.08581293794
-0.467969005444	0.568179377561	0.582895982023	0.624061853933
-0.843755230222	0.774932162203	0.877088883498	1.50703911809
-0.447458484409	0.964861440549	0.559287362836	0.620920822232
0.50971593091	-0.713850537417	0.100843569734	-0.16586847188
0.56970644865	0.168116436015	0.897728861649	1.37718254112
-0.0660578086403	0.00500449936842	-0.0862394814513	0.0110387105513
0.915780347232	0.557248611989	0.136538409093	1.44369954787
-0.00273303301019	0.909875122831	0.384939583548	0.495946184568
-0.79085623404	0.69598800938	-0.286373321953	-0.0422755918745
0.547146912994	0.441678866784	-0.176397419792	0.494238010126
0.14683497677	0.529392331764	0.52423025461	0.651634657857
0.89366265145	0.0121025797513	0.892534330284	1.61686805676
0.18245715937	-0.26677382388	0.794228452964	0.403535294972
0.25646277622	0.00435245680962	0.897080086319	0.875546582343
0.425729117954	0.201695374497	0.226806972833	0.364300196003
-0.798127618439	-0.501784089277	0.170724541178	0.980975446009
0.445803775445	0.0860170590729	-0.915933782099	0.997236498838
0.106570614023	0.982633382211	0.875927987289	1.74404305831
-0.0544313421228	-0.165333081778	-0.21229384293	0.0921299435837
0.125616572174	0.213547051037	-0.42985719114	0.135587040994
-0.0741488888528	0.936176785721	-0.739711283426	-0.209246159565
0.391610200471	-0.891797454139	-0.818535103452	1.20408880628
-0.787712813359	-0.425473750495	0.0625261538956	0.932948884061
-0.0714947334114	0.750469369898	0.754359800562	1.08663952228
-0.343636006548	0.449474889948	0.735622232293	0.835413739317
-0.120642686292	-0.89995666543	0.00547649898986	0.118229227692
0.228868997824	-0.18508725467	-0.485652150201	0.335766317878
-0.514527058538	-0.252236354055	-0.18975599027	0.478391218265
-0.965884839441	0.264584477869	0.523921867188	1.09049110373
0.590638596155	0.982357407238	0.372116238081	1.43309378868
-0.460186349385	0.480102983649	0.217646385625	0.142697265081
-0.666049935774	-0.220090607211	0.247278236446	0.596936760752
0.822975744444	-0.73355077887	-0.0508993056409	0.113522542226
-0.459386742508	-0.182499366292	-0.999902596466	1.47716076121
0.299338583932	0.64511183333	0.872431771002	1.6066637048
0.81954042878	0.774018325142	-0.454670232527	1.16078775295
-0.234691200585	-0.347130800929	-0.8481755383	1.15037810177
-0.900121139091	-0.346972635075	0.696171908364	1.36563819304
-0.514578469612	0.256932024413	0.0148652328583	0.136619642991
-0.0543925888196	-0.256189431279	0.0578305290421	0.00542215985743
0.671347681614	-0.609437451669	-0.263098940629	0.271126689816
0.504119194808	-0.824348547104	0.140567386991	-0.257551094184
0.832577338675	0.00396549149485	-0.470217522431	0.915726478046
-0.663633284037	-0.327169935446	-0.823215245633	1.60454461379
0.380384971249	0.906949035389	0.973257700088	2.31960819216
-0.189119240558	0.153426889038	0.853076335991	0.865374193783
0.72243074588	-0.685900380629	-0.936024419879	1.5445518795
-0.968071014657	-0.581540492134	-0.962689872839	2.98674891739
-0.0544657972076	-0.585924255165	0.585151776147	0.0344273372566
0.867708174029	-0.0652782164751	-0.389062636294	0.873042083209
-0.29992704184	-0.408764982096	-0.571333279437	0.772518656248
0.207714005956	0.113479723496	0.303112393216	0.192990669724
-0.339612440105	-0.875702983189	-0.881625538544	1.96204194077
0.636608098823	-0.902812655736	0.491233703083	-0.371649429897
-0.185071040484	-0.766057400952	-0.959752402417	1.83237643519
0.152914544206	-0.0783367544623	0.845583175709	0.660174694155
0.161752200419	0.352704601026	-0.0297740276904	0.0735995758214
0.884869053148	-0.944494567226	-0.0556415686774	0.00288837130718
-0.467956053476	0.317111696035	0.7868872074	0.939311144295
0.892055585767	-0.0575105773176	0.838892365351	1.39995575277
-0.111452711173	-0.299884100549	0.420904736691	0.096782761861
-0.779461933493	-0.306179964445	0.621964889367	1.04262366874
0.593124231674	-0.778052393428	0.738707731704	-0.138749579672
-0.220754003725	-0.143545376559	0.283609558844	0.1201440877
-0.115785795407	0.871142381148	0.684335337537	0.977008806551
0.343177332836	-0.0508365376084	-0.298666844756	0.204709806828
0.229143535019	-0.604738385312	-0.951377559281	1.39438865759
0.0237904206503	0.369030899755	0.0466108045257	0.0287187786838
-0.676438068702	0.907122170121	0.529856300686	0.605348588662
-0.886119371752	0.253860403151	-0.176062277196	0.546559604823
-0.496176810674	0.731276660575	0.721639841047	0.931831339572
-0.718995585874	0.809176999523	0.0834114050168	0.00961201458275
-0.301346915808	-0.30559736856	0.0737351403545	0.165804394222
-0.47399376468	0.19769889173	0.20824407717	0.215497265934
0.622481938663	0.038918334341	-0.32703808354	0.505935854779
0.719616318168	0.561715837949	0.414977500395	1.32737328873
-0.849474559978	-0.823151329752	-0.021925472498	1.43938184987
0.588965466376	0.625741996898	-0.00505448186772	0.712283493827
0.782584530968	0.329052309584	-0.741096643225	1.17531446799
-0.4183284594	-0.0294706665105	0.86910438417	0.917056463578
0.168351720679	0.730413499845	0.986078999146	1.84390587681
0.287254390014	-0.709468261123	-0.675923651757	0.815136372869
-0.829816028036	-0.82182946262	-0.00209601849526	1.37228886383
-0.641521818038	-0.64157830477	-0.468619038792	1.34339633552
0.343053494675	-0.368060978616	-0.719175308644	0.7733345877
-0.182073736268	-0.612995188529	-0.978515349414	1.70207865986
0.577481340925	-0.382660449731	0.659895044694	0.295451164921
-0.531670825699	0.557660637482	-0.459883493654	-0.0587841191934
0.0749100085975	0.100810694238	0.0660766752954	0.0241906018878
0.604397034798	-0.921128415423	-0.226390694982	0.0683561416333
0.696507152893	0.928585625361	0.409225550354	1.67935525882
0.530373085793	-0.960975341323	-0.867995962492	1.35915986021
-0.815641027293	-0.91061055818	-0.929820960894	3.11927342006
0.107898492569	-0.890747310901	0.761979776852	-0.182586464268
0.489679086058	0.609331756065	-0.626532907803	0.548939712355
-0.129422000182	-0.718318501808	-0.195398460883	0.288255159596
-0.224797501487	0.0163014183847	-0.261440847559	0.110958858685
-0.0144950891188	-0.511786932578	0.0793472186111	-0.0266843837142
-0.90313261352	0.930871707595	0.594876853228	0.882580422152
0.0344766742293	-0.597734773889	0.468315536168	-0.0800283057128
-0.832457033836	-0.886520834014	0.917660698431	1.45955104683
-0.00095426713674	-0.399854770685	0.135046519386	-0.0353789537497
0.759134840854	-0.809399130866	-0.789771443515	1.22482187916
-0.00827278199372	-0.888814305834	0.11340441463	-0.0805134989035
-0.987496694167	0.60505079952	-0.852116384618	0.5881926898
0.687373763661	0.679393259424	-0.0619536742647	0.901227141769
0.922842347343	-0.716434073807	-0.776414012562	1.34955046854
-0.0988408274784	0.332341096321	-0.982163789806	0.615152959547
-0.704688098687	-0.299888647564	-0.532468134253	1.15111673995
-0.776058393209	0.901126688398	0.320273635786	0.294122022372
0.356721419628	0.0675487602054	-0.537018445771	0.403460141735
-0.206300701757	-0.680170505719	0.667027198732	0.174112688948
0.898794454483	-0.395336437715	0.91702841209	0.930911636398
0.486375155538	-0.106696696471	-0.986490583608	1.2630851275
-0.631584243158	0.627582968311	0.531044312675	0.617809570224
0.847680167592	-0.254436648802	-0.502627848435	0.883402464803
0.229834686441	0.830781757627	0.246411503819	0.509199259313
-0.0814870981236	0.152131315458	-0.854877302425	0.595005001358
-0.773344082553	0.270184966929	0.628421572868	0.95381885978
0.988584979024	-0.140413737403	-0.0167586927978	0.841123353581
0.416650290518	-0.216785849976	-0.210859325864	0.173446550703
0.0779485696494	-0.249678470123	-0.0357180215185	-0.00319230207819
-0.413570382006	0.342090988788	-0.889516158468	0.516505293941
0.946315446335	0.0896709411384	-0.694163465197	1.39998654584
-0.77008671835	-0.160017100508	-0.889271309884	1.64936267674
0.511444517666	0.609890263405	-0.278282209193	0.481219904334
0.232560162312	-0.25260705912	-0.67910740659	0.628072084915
0.243106097263	0.116506838916	0.285200988572	0.201991566957
0.903252592309	-0.0770548375377	-0.987903208592	1.79834073455
0.133291243757	0.745144821407	-0.486909689001	-0.00864935232165
-0.806394895544	-0.511004638537	0.451237146016	1.03537494693
-0.146420872715	0.551929045579	-0.0350353528769	-0.0774844134874
0.123617791085	0.87010942493	0.519514026773	0.844771238478
-0.470053963133	-0.570302461495	0.822147466796	0.696077393601
-0.765536875972	0.128098424256	-0.548297686779	0.718376924578
0.821606702838	-0.984000740143	0.573064347669	-0.368917025237
-0.414109896093	0.866186964237	-0.327271289416	-0.3635812155
-0.76808113418	0.939136748347	-0.208106646559	-0.283516813154
-0.996941885932	0.355740776661	0.780017859549	1.52515226352
0.638386654126	-0.258688478595	0.685010061271	0.534428821324
-0.058388689525	0.093236491019	0.204341505469	0.0587728183348
0.711889219231	0.786339100934	-0.307270007333	0.919369025169
-0.886095295922	-0.986017880132	-0.718336722395	2.88317117771
0.0414269435906	0.232199058845	0.871481123811	0.973171934878
0.973880559279	-0.649684220117	-0.667809610052	1.19556355307
0.592735539146	-0.1711316026	0.332722238289	0.303664434628
0.778678489022	0.496554042768	0.755494266309	1.93891145966
-0.439276154353	0.288570367382	0.288300394063	0.232513526387
0.0858453549833	0.345108974215	-0.504421841368	0.117356317174
0.352450358669	0.345015487066	0.554786695872	0.745020367498
-0.752767627316	-0.00884320815635	0.729935867987	1.09966737811
-0.882848022365	0.942079070105	0.680911067062	1.05281993277
0.742756849083	-0.465349411518	-0.361551766892	0.505013856337
0.909612546521	0.90592125619	-0.537011983781	1.45332362537
0.443718985461	-0.176717587238	0.667085496432	0.445590909675
-0.238085851724	-0.547405426681	0.538322349889	0.182124736798
0.525376933776	-0.0899575586466	0.553951480574	0.485789416241
0.713039532051	-0.790511278242	0.913622682477	0.0572369537305
0.0752985272846	0.486613002543	0.663892897091	0.806123805488
-0.605019384282	-0.73666618546	0.389480568493	0.676523725836
0.212586301024	0.839351666372	-0.581301912261	0.073622785872
-0.338092487831	0.82332627599	-0.407720292009	-0.333504891768
0.531197238782	-0.895077026313	-0.382006862505	0.294562871138
0.488802352953	0.879804463987	0.731850623023	1.84846901191
-0.921456942284	-0.288825151902	0.573953034046	1.27887285086
-0.633902195403	0.450497228592	-0.408069884029	0.0989474895335
-0.782143897686	-0.856140073322	-0.0699194813372	1.34612341435
-0.523394831665	0.0847817445523	0.765087474235	0.879792116927
-0.200588360288	0.00910740609322	-0.159628543361	0.0624363205155
0.382194991024	-0.762424900891	-0.547120755491	0.571157641881
-0.393034168933	0.368037701508	0.459714245283	0.390353827301
-0.589740309932	-0.628873114334	-0.300730931896	0.998226149631
-0.981401105244	-0.686301479874	0.700902844637	1.64691929835
-0.542549848863	-0.483624109627	0.293565328351	0.500955857554
-0.748570332486	-0.356095366433	-0.335972117091	1.05943534714
-0.141046644467	-0.733610995124	-0.906628427054	1.61045521244
0.0852447630167	0.610828397763	0.0959327226577	0.127138110184
-0.58250425979	-0.348121141065	-0.585403600163	1.08858200462
-0.922576152474	0.94199697739	0.855466944909	1.51975378027
0.0572071960805	-0.477734387795	0.854398611404	0.297764208104
0.760936567419	0.498667999583	0.257496693789	1.15318908402
-0.733478615458	-0.452524895669	0.542684823957	0.918836638081
-0.903244378184	-0.0742531025403	-0.0309152931736	0.886170415939
-0.648057857423	-0.617915001044	0.00174376560342	0.819349200007
-0.812275331654	-0.122664763672	-0.612583494915	1.20982972388
0.854193396039	-0.898720334239	0.496583809424	-0.237729103957
-0.373881711924	0.88022431707	-0.789630306434	-0.260848016411
-0.0310506555011	-0.373064730233	0.486042429905	0.0674600032987
0.979798845396	-0.494927759487	0.802552946521	0.721961630418
-0.616717041143	-0.765514390981	-0.53986367	1.55717186973
0.970482419224	0.480218623016	0.018342586967	1.4170247594
0.309568742115	-0.538729101503	0.00161647227978	-0.0718091118748
0.104965242473	0.176029947747	0.129139955076	0.0689043558164
-0.713221420886	-0.158880136604	-0.498734560758	0.949976689227
-0.189691046201	-0.991685017224	-0.386470327782	0.756712609347
0.591129681819	0.736153448523	-0.410365828966	0.650904347957
0.339288753704	0.496969166893	-0.476739600255	0.274088672142
-0.480999551709	0.625975768437	0.260799455041	0.161536999772
-0.633645562547	0.404965046642	-0.97804844405	0.70540571929
0.578966697233	0.222048256048	-0.624646496113	0.715242561932
-0.325303158166	0.877619714237	0.340695068165	0.23540351784
0.619312001418	-0.0190196586385	0.499786948393	0.612049468877
-0.0189239050277	0.393741510337	0.0424699639571	0.0114328728254
-0.404757203624	0.524501783245	0.0267168076305	-0.0337406801419
-0.742814954674	0.776939487021	0.124632914008	0.0870173825803
0.745481815499	0.44375311578	0.986127459641	2.29659751505
-0.96049886048	-0.895664660882	-0.290590793959	2.12755786159
-0.973337584916	0.826943969008	0.574021103289	0.946673925024
0.336501600953	-0.107731430508	0.00928029853925	0.0760678727087
-0.582168944839	-0.630796516429	0.660694805927	0.72590446729
-0.779179141234	0.84921200503	0.342144341723	0.353047686346
-0.775225376498	0.101249302024	-0.281319136129	0.573140446258
0.182055149786	-0.568256740452	0.28369043702	-0.151038727418
-0.907534688091	0.714529904848	0.859445691574	1.52790508075
0.967973941552	0.476711699697	0.487019445783	1.86777386282
-0.329637767056	-0.0988389540685	0.0396126563712	0.138895998608
-0.599063916879	0.420848210618	0.334735432276	0.359683216367
0.729666068387	-0.662520079977	0.336579448521	-0.0607107686147
0.594425179887	0.0914403943204	0.170572664677	0.452388032979
-0.249619052772	-0.954982608985	0.468939872739	0.072766706895
0.0568629656728	0.226212889977	0.113514848054	0.0546606752248
0.242182493508	-0.23952828608	-0.617461033707	0.529800313844
0.427294386439	-0.70746641595	-0.343460754143	0.241236302942
0.940521174485	-0.000276097375141	-0.181622256917	0.917357193862
0.0223963545001	-0.116405084546	0.99606505962	0.874093112674
-0.416016403493	0.169902026635	0.602225984566	0.567383169665
-0.871101607085	-0.782474693685	0.319324769684	1.29253773023
-0.460637863793	-0.672877032615	0.128719640297	0.452096136655
-0.0870652389136	-0.0709320371816	0.367475314523	0.122728404701
0.440864772278	0.969881994891	-0.829562828764	0.505544987867
0.784763842201	-0.393889934327	-0.89214642888	1.4540764586
-0.136740361322	-0.833131629091	-0.141186272312	0.270180958951
0.198833844274	-0.0875258186662	-0.250253908816	0.106662499752
-0.343586842752	0.516177048418	0.524928638756	0.487206467315
0.630898762739	0.467274331106	-0.625921359336	0.792136609744
0.563911169527	0.0721021947051	0.550086600259	0.700912759
0.807971627	-0.68064114081	0.208222631277	0.004511194975
-0.619888157729	-0.928744045179	-0.709400537203	2.12207941002
-0.00881113543764	-0.0790756715578	0.0418520672333	-0.000783502231236
-0.749776139168	-0.311391938312	0.321091913563	0.798753087756
-0.7725280601	0.493517489181	0.369073817581	0.533903361698
0.727172915155	-0.0465814436264	0.591603645328	0.817344805691
-0.196995176963	0.589214377691	-0.760801756197	0.0532786880531
0.975889237373	0.711599564159	-0.0641333042798	1.60527800895
-0.104041862707	-0.810806293114	-0.3110166228	0.444088080914
0.473928643864	-0.267046381372	-0.0744695627901	0.12347997315
0.965257124026	0.361174817152	0.55919464947	1.79501356203
0.814877471733	-0.512229273638	-0.52960869272	0.798387641878
0.138690356002	-0.564194735438	0.838139283103	0.170590332925
0.38641472503	-0.0644770909625	0.449694034874	0.297631204154
0.993771888284	0.941704962727	-0.550729528255	1.70810076837
-0.668509243652	-0.0750122980495	-0.884012281325	1.34484052974
0.392699461215	-0.125387089955	-0.168122193123	0.154318848543
0.362745148764	-0.490919094393	0.619370747732	0.0330647196012
-0.476680697761	-0.577861822333	-0.573558072323	1.16308623951
0.786466276257	-0.113084995086	-0.2265727467	0.606548856198
-0.602634239807	-0.132376253236	0.756154694227	0.914615486038
-0.375135983992	-0.682182140856	-0.718168724728	1.40232627047
0.765544083514	-0.566166318498	0.957299874846	0.527064572932
-0.271879357325	-0.560607239914	0.306473662856	0.148450672823
-0.121888338335	0.681491762593	-0.135770148408	-0.142301836057
0.818121177343	-0.344135400214	-0.88254408342	1.47037652256
0.501238184232	0.129844302183	0.826546523944	1.10682415246
0.533684254643	0.863392734703	0.811136531411	2.1038698524
-0.435526794799	0.783418744406	-0.297683798131	-0.296111689441
0.993517895117	0.994878986857	0.76402520665	3.31935502476
-0.769244055937	0.175910829464	0.631181656389	0.965840029733
-0.909326817122	-0.260765786518	-0.203832308085	1.15869668496
0.63115393065	0.769507888147	0.886557752899	2.35223104582
-0.286656867682	0.870818873932	0.845866918672	1.28463367079
-0.781986774286	-0.311208943074	0.797864604705	1.24314991978
-0.989433532207	-0.886270569988	-0.80290820962	3.21214004487
0.748414515144	0.378839820433	0.189458934971	0.951322783949
0.996793560398	0.448910435161	-0.325680489117	1.40093484391
0.9754501971	0.343718633196	0.00712565909206	1.28928349234
0.620880296033	0.199889172778	-0.376244269506	0.575952185312
0.834491941488	0.249706763794	0.867629835231	1.87418965184
-0.619290902421	-0.926718706952	0.0643692946817	0.901920862702
-0.105033907612	-0.751961742639	0.502483714289	-0.0353450443667
0.0182213279513	0.044247896129	-0.393893519568	0.138861417437
0.442698890898	-0.0718071959544	0.599834745371	0.480922612648
-0.753432272806	-0.857051365559	0.428722450687	1.02975612589
0.343496209734	0.54581865864	-0.597620070549	0.336433849986
0.535347019363	-0.98641787023	-0.558668403211	0.621711445674
0.619242093657	0.760871650659	-0.551652672498	0.739208316075
0.769185373732	0.295315834357	-0.404443202306	0.862934581734
-0.73731217898	0.95501997117	0.456139467605	0.483166908468
-0.747169395829	-0.650098763235	0.613195500792	1.02136709172
0.930738341139	0.112679684171	-0.213026602758	0.992525725154
0.856931121626	-0.20892497888	-0.587141596676	1.02270043096
0.36544428778	0.487439902314	-0.611789871485	0.387757707066
0.363821889607	0.653856635589	0.0235136596801	0.38618117865
-0.385491520088	-0.869477529301	0.400736047346	0.295938317806
0.42178978851	-0.500132014793	-0.513860011531	0.488006003283
-0.238881700719	0.348094019553	-0.50866896909	0.0555906695807
0.751040322378	0.130517852278	0.380963722184	0.856941660124
0.516876277276	0.348706118614	-0.00491308792662	0.445709921076
-0.0349983108159	0.253281013107	0.883647321929	0.997004152619
0.219411948546	0.552726178681	-0.261524380154	0.0932599611819
0.597623698221	-0.499376231328	-0.980544083516	1.5098421233
0.471185382583	-0.601507529133	0.83669795023	0.135377452764
0.666913513046	0.672409105177	0.459563244896	1.41342523875
0.770653891854	-0.448710283898	-0.847853696875	1.34740365876
-0.924630743331	0.944960930571	-0.636994382321	-0.214970877319
0.984209248866	-0.467062061434	0.0050697173053	0.506638874313
0.620007197203	-0.648080430686	0.85278732698	0.157165840096
-0.292558773247	0.424412310682	0.855247672108	1.05585131221
0.619792782443	-0.832995527877	-0.0278218213972	-0.10819201627
-0.0324429143414	-0.409933585067	0.128741238617	-0.0218490680946
-0.738372248528	0.828561897313	-0.986804117714	0.0895605409205
0.196726088538	0.0407424890335	-0.182001714811	0.0724256857409
0.208937880859	-0.552831472781	-0.0839514042219	-0.0183935816284
0.52830225261	0.279806150066	0.524727796534	0.849086814523
-0.276720858541	-0.763804971628	0.747322317965	0.275617346117
0.738391540345	-0.884594567151	-0.159124356852	0.0581260243496
0.0151114863179	0.757889283766	-0.921387772309	0.162326698695
-0.688568881127	-0.66477462935	0.78445496771	1.02575406275
-0.147947195276	0.17381614528	-0.425704069073	0.103402475511
0.304434871608	-0.35266981001	-0.31337056588	0.194033052212
0.863668415096	0.224145945987	-0.149348111591	0.928339989836
0.217605313974	0.0438053178058	-0.0385226271244	0.0566808394815
0.274955419214	0.28285502787	0.692148145708	0.82821964397
-0.516048169422	-0.155178408484	-0.58865704012	0.784249220308
-0.541636283611	0.12978551271	-0.00111427820035	0.222929945402
0.667834082248	-0.800557941634	0.686553084561	-0.166907903104
-0.848001380807	0.0627146113741	0.417438705025	0.866358843419
-0.650475339672	-0.231653365932	-0.591418686923	1.06058316216
0.992308377274	-0.394164632044	-0.318780343724	0.820815893638
-0.886669878855	0.389271639693	-0.158779888381	0.404430581915
0.268306121676	-0.20078024982	0.96691422752	0.758903448016
0.108820092903	-0.340876449028	-0.959109851806	1.22157727411
0.874560403667	-0.169033994476	0.68786369523	0.973909576376
0.685595111621	0.97716239756	-0.823119197845	1.01318250512
0.374484121791	-0.647382735368	-0.789679021091	1.03262132344
-0.973594753943	-0.89949043311	0.4703054791	1.62177787638
-0.380885484009	-0.763679671337	-0.0467286187838	0.473817513222
0.0510263454717	0.375226897304	-0.963480930639	0.588521688714
-0.273095684091	0.0840093635231	0.664225893792	0.548635890624
-0.658527724435	-0.268016213715	-0.330468304049	0.807935034763
0.695474174262	-0.377142096262	-0.93163988138	1.44070522549
-0.879477551447	-0.344957020535	-0.752907641974	1.90345341353
0.870205005243	-0.166520112918	0.974616670095	1.39993449109
0.294176739607	0.804490730178	0.970948181347	2.04706159641
-0.636941076076	0.944982577364	0.659393303942	0.861710427832
0.14883066373	0.540977689066	0.0968407293984	0.164431435861
0.308252665159	0.100539973164	0.947730535139	1.11948939006
-0.265045508605	0.937922025188	-0.191723653028	-0.32140677636
-0.0406891385842	-0.0660917039147	-0.259107860688	0.0886065839794
0.300669393139	-0.333009266362	0.513952592866	0.0832726817624
-0.887538572386	0.63344243921	-0.674007090015	0.252860981534
-0.287518678816	-0.258461080985	-0.817940416125	1.03741166766
-0.541024217734	-0.0930462066897	-0.368331300121	0.512987232292
-0.805210809195	-0.137908133357	-0.257678628162	0.861343820926
-0.303015164128	0.425724077307	-0.63725849851	0.0976194461718
-0.599734728068	-0.752021368144	-0.411962715413	1.29021311854
0.146431737566	-0.25943288837	0.923543308991	0.596787780537
0.532127510928	0.238874482368	-0.457762862353	0.51047034297
-0.661805991721	-0.463635562277	0.0888589134305	0.711521717972
-0.736235538251	-0.16738856364	0.843702607646	1.23588809955
-0.147793579852	0.112052494847	-0.597914601739	0.295786351043
0.817982036763	-0.326659225044	-0.431867139847	0.729475845942
0.860767409164	0.875892796094	-0.879267216016	1.49782752229
-0.0515394028796	-0.0144735604586	-0.526432860781	0.288153183461
0.138063127343	-0.595452718588	0.0750968559919	-0.102225726659
0.268936508349	-0.771416565042	-0.484764906946	0.473817462414
0.818898534404	-0.492937703496	-0.00858874181924	0.271236327858
0.72331743459	-0.747204005693	-0.643083066865	0.876792501112
0.806745823026	-0.653256162225	0.35590565217	0.0179984155241
-0.742949982037	-0.597090989185	0.337362953996	0.907960798311
-0.0725689527483	0.849489364346	0.351354039728	0.365540880464
-0.619622306576	0.0745328286368	0.829423446499	1.08751212882
0.327873661915	0.216625722973	0.129947794402	0.223563471414
0.892136220097	0.357014228223	-0.291277408179	1.09526470873
0.700362293721	0.119204481768	0.886170625377	1.46492755417
-0.0900951631275	-0.446185584701	0.907881469205	0.467481439408
0.268402591607	0.915196999456	0.00530388436677	0.322563427914
0.425880068788	-0.0478489233278	-0.350581877233	0.300678548241
-0.639308943204	0.793702304029	0.428886512466	0.425646797339
-0.807683427162	-0.322985901174	0.442894548623	0.966329764386
-0.689627211615	-0.771832817071	0.918374800379	1.14244306914
-0.645956842933	-0.617066529457	-0.158707866024	0.938980089002
-0.907035644175	-0.427216942113	-0.36973331141	1.50487371036
0.00965108035785	0.714443828048	-0.17472208067	-0.0873130085369
-0.500840608081	0.00110873001456	-0.000228996557461	0.250285816233
0.599067716649	-0.96123352203	-0.768737845685	1.11293262024
0.397979668493	0.607933910342	0.19863217531	0.560543128762
0.026530448615	0.639471014898	-0.084633870126	-0.0292886972464
-0.294054869877	0.631646378322	0.463727721054	0.408684907718
-0.625058569521	0.570442091108	-0.874336773154	0.299844793549
-0.986914330368	0.990714669876	-0.432231257786	-0.245144597181
0.563365214427	-0.325082760674	-0.391569358544	0.414859056275
-0.494201676965	-0.620575863969	-0.0998631340863	0.622870226437
0.51108455756	-0.531813918876	0.0929456138607	-0.0513853404702
0.786755528059	0.735867418851	-0.660028896873	1.14787640463
-0.897653020568	-0.351129865978	-0.668314410862	1.80228303143
0.371963633497	0.720417523791	0.951261760834	1.99653064427
-0.363600127685	-0.0947368839093	-0.593724344992	0.575407588121
-0.0685160443787	0.222740001163	-0.645141337642	0.261941747771
0.912513808239	0.502426225373	-0.0413663392363	1.27207995884
-0.86018829396	-0.0827929116717	0.0444714730453	0.809437183683
0.160650692929	-0.429926621662	-0.102166423389	0.0111026787828
-0.179105052399	-0.669187527067	0.239680970942	0.0489889384967
-0.63082317759	-0.395508452824	-0.710013601173	1.43236947509
-0.567442170048	-0.538643419619	0.908256545349	0.96334314795
