0.556291412772	-0.00207305361005	0.237932400161	0.364425494427
0.748331922994	-0.730240061674	-0.380363237908	0.435971384433
-0.6891573929	0.100937441862	0.309650747544	0.532515067692
0.82128229119	0.985179459049	-0.310704729907	1.27405255664
0.6776265949	-0.213672991622	0.00995485247575	0.312359316359
-0.0700803455982	-0.866082361535	0.362923287209	-0.117001539191
-0.878892029987	-0.0987825489031	0.814307831779	1.44192823699
0.347120786398	-0.224656666155	-0.337981236094	0.2326708954
0.855115606531	-0.896411850351	-0.92316421579	1.64445444959
0.381091655017	-0.670830636752	0.536499055754	-0.182485874436
-0.814024625943	0.136267160017	0.933995141833	1.5513310581
-0.841073871037	0.227619773519	-0.0687874508362	0.505034541915
-0.33473394413	0.255268683347	-0.353458989193	0.0613059664158
-0.931854713898	-0.765304568316	0.95357616362	1.76103718293
-0.92526664298	0.983342741465	0.32064839415	0.364386786939
0.749687806515	0.561280663946	-0.333838383796	0.906888113817
0.979060404726	0.909144832911	-0.628868144904	1.67240990332
-0.862651228421	0.102780562538	0.216997673278	0.724894496503
0.502336671316	-0.41042441833	-0.343545475751	0.305193841182
-0.532451242882	0.587270043514	-0.84021358103	0.183338256925
-0.878293384377	-0.887710295584	-0.352791072811	1.98870715748
0.0127933149774	0.789854561077	-0.0171089069146	-0.00295230637143
-0.155316596748	-0.0528751634025	-0.206503085356	0.0858980443001
-0.395489357429	-0.498553274598	-0.772377606144	1.3352228973
-0.734296489266	0.896407548202	-0.321102794909	-0.303769545655
0.429132712376	-0.183355321239	0.816236668057	0.622052080302
-0.710677779342	0.493738008922	-0.754726892866	0.351149603744
-0.163368873404	-0.4283631653	0.166933429781	0.0530292341233
0.96368073799	0.295283845158	0.960432868595	2.41927152412
-0.330368674124	0.917118484327	0.628098099175	0.776703842073
-0.685993278929	-0.0835088030129	-0.300074843078	0.642977058742
0.995592840991	-0.168984593534	0.863565824026	1.42278186613
0.855069149339	-0.200536128897	0.767306343896	0.994557374505
0.803272653067	-0.294131095198	-0.351611153822	0.636029667225
0.616863797111	-0.543301114844	0.952783614999	0.435526372285
0.899926247152	0.416825678177	-0.366605621441	1.16656866348
0.599634829513	-0.575925627978	0.386083593	-0.0590780319468
-0.128809703267	0.641548498508	0.665459557791	0.803715271105
-0.147691162959	0.992101341415	-0.851428966592	-0.244484455994
0.302470754092	0.7458972727	-0.166889984789	0.220470150157
0.916758001501	0.808507131091	0.583932856061	2.39474207361
0.504727438279	0.806774628765	0.947689029573	2.32463704039
-0.414408906723	-0.944951290689	0.406043619647	0.344510951847
-0.195290190838	0.150935350568	0.349931653349	0.183931284009
-0.840606410457	-0.0562534711737	0.375102405706	0.87350716818
-0.633304256453	0.816483433733	0.288814562244	0.203218004193
0.468785885433	0.113691341376	-0.840055015424	0.88324254992
-0.772961342285	-0.615954689132	-0.733990649064	2.06442565495
0.120173595092	0.320910819888	0.246594934335	0.192950744085
-0.626280390462	0.962666413608	-0.979416188962	-0.194266968779
-0.233683540303	-0.615498495588	0.53311249625	0.154518858745
0.122153565043	-0.997351852281	0.406351414587	-0.347062454784
-0.272055819264	0.941236578423	0.837850738803	1.30855510346
-0.301483047061	0.430789108105	0.89581169893	1.14940093747
-0.314856682228	0.0282828832091	-0.256920081567	0.148971163224
0.260200768823	0.834454259159	0.403137029854	0.783748956302
-0.46056851161	-0.0233959485623	-0.421520102254	0.410439850328
0.27356036796	-0.736235714108	0.714556360095	-0.142060758231
-0.0404846331485	-0.401121165058	0.630539150245	0.162535270168
-0.182571801876	-0.639749157748	0.159477014676	0.0735402517095
0.504033500261	0.70460400909	-0.705441338923	0.609784481463
-0.0208111366643	0.440085132785	0.00868530450604	-0.00482786053189
-0.633937588795	0.536823808185	0.651433872152	0.835635377735
-0.071553642986	0.0483032291334	-0.129615787234	0.0122030430422
0.450850014255	-0.36330224362	-0.976253172522	1.34721613842
0.702392482918	0.291421544797	-0.112625404753	0.677910514845
-0.174277441487	-0.499061269943	-0.404691999065	0.483089464979
0.481642442234	0.789768263788	0.682893335698	1.61803614956
0.247246675132	0.50267200628	-0.981007629376	0.654665796258
0.22053281108	-0.238472371147	-0.575265791732	0.46415946692
0.776283468652	-0.97589845628	-0.977106318642	1.75333549092
-0.877563751017	-0.0684433174408	-0.633151547481	1.27439738591
0.210423947212	0.656467120724	0.242074800723	0.399928996893
0.074950863745	-0.086476414141	-0.324026419437	0.132149913376
0.913483933353	-0.224583767282	0.545066079557	0.803983270911
0.787184941259	0.648744299115	0.551827509598	1.79285042603
-0.139460901641	0.985457886184	-0.433578699863	-0.357266562336
0.543308855903	-0.349577489164	0.895062733922	0.593499481703
0.89058859558	0.924597122504	-0.144039471416	1.50415258791
-0.909096267194	-0.258919995752	-0.496287762196	1.43663959285
-0.60412093106	-0.459400472303	0.127568983309	0.600164134721
-0.529816379621	0.00668282482554	-0.922090412568	1.12125328631
0.540314467411	0.593760420008	-0.808293188891	0.786162444681
0.141051250931	0.901889198468	0.764040155969	1.41994497883
0.967489177089	0.941810586622	0.861993627252	3.40209459438
0.659010051716	-0.261686381959	-0.175496564368	0.338564397235
-0.765850686255	-0.771328637978	0.631269888126	1.08883496901
-0.271542003194	-0.0481708211545	0.751975659024	0.616059567552
0.329007971127	-0.303536102425	-0.96596123177	1.23466565651
-0.372428799142	0.963282729382	-0.372591664772	-0.440137586837
0.43702133905	-0.984413824576	-0.107757959419	-0.121531994232
0.753080823008	-0.311336011022	0.0244419522705	0.325657295679
0.705039290297	0.0538141320011	0.210964644272	0.590880438644
0.864343066308	-0.286216219841	0.736332761112	0.831135486846
0.264802363373	-0.51247174726	-0.983565350574	1.40586681442
0.206139477576	0.412662263056	0.956604314345	1.43740578297
-0.802963450457	-0.252246802288	-0.859825184929	1.80348276757
0.189713487872	-0.85316209458	0.798613469787	-0.169428415721
0.931830727256	-0.634018461888	0.0447831946765	0.251122782142
-0.15911513594	0.462340041709	-0.00349160800758	-0.0498497909673
0.808645555366	0.229198476141	0.349671960317	1.04166272353
0.272708701624	-0.502366846739	-0.844181938463	1.07410238915
-0.518249555628	0.807223083565	-0.243735014771	-0.287102175212
0.772885555564	0.518210148107	-0.716700022263	1.14012691745
0.797130890049	-0.575058346384	0.729190956445	0.289412989736
0.175991174598	-0.944639403984	0.650256705115	-0.326699628552
-0.0544031844934	0.545817099615	-0.894130142181	0.284702708386
-0.980085697211	0.533151469358	-0.297073202943	0.367901317564
-0.367644606195	0.742967904215	-0.311861207977	-0.272431041152
0.519609996307	-0.0577396508745	-0.729459236006	0.814221947094
0.824053777491	0.720073252139	-0.610090080186	1.2053440695
0.962640269477	-0.440463139007	0.593827410016	0.593740641434
0.0467563351516	-0.170715944416	-0.634195093852	0.504674734421
0.0557994807939	0.395168624599	0.598324766645	0.619595487614
0.743695760852	-0.165405983922	0.237637645243	0.447236617555
0.162322359739	-0.860158779217	-0.155321327042	0.0444512633672
-0.998985666572	0.473310683572	0.185188973911	0.647088649182
0.510907538228	0.7499514244	0.125062101514	0.753613379052
-0.167257455996	0.372710290433	-0.756630279584	0.256121970314
0.826714510584	0.461079528105	-0.381607713524	1.03431096098
0.792968781049	-0.174719250804	0.121026750357	0.483754347536
0.583351098679	0.494876338618	-0.336722788662	0.575731255796
-0.352929389814	0.525829991199	0.0873990346264	-0.00742607888337
0.0478021445045	0.756906312177	-0.591196209566	-0.0595003946203
0.425072363796	0.325310572211	0.371379845786	0.577703828357
-0.324111002964	-0.218691493967	0.109656672825	0.163971865983
-0.45043079825	-0.548319136483	-0.941704408651	1.8530294718
0.832967799263	0.20439613428	-0.537484535714	1.04312061756
0.0719167581091	0.53216362873	0.124987434451	0.125579128492
-0.243739139111	0.131617584953	0.426142702862	0.265013887684
-0.0185268307797	-0.560258157813	0.47253039261	-0.0307309837928
-0.40190838319	0.181332312523	0.492224637695	0.42019269772
-0.213126681997	-0.716721695747	0.67817661267	0.172035125633
0.616166079746	-0.483992396369	-0.20855793648	0.225877808659
0.270936819838	-0.976276073381	0.0786116752986	-0.261669276451
0.801454165697	0.0713560305786	0.206962748236	0.757118987017
-0.812963537178	-0.658792269518	0.794024019345	1.30386106401
-0.735208954765	-0.202055060291	0.404270643279	0.770834720664
-0.185600924948	0.375329511578	-0.267871302333	-0.0639987716244
-0.598472483999	-0.996148424704	-0.445241563297	1.59610346785
-0.254235388102	0.40629188529	-0.305452642661	-0.0694597557207
0.98882377123	0.60240267825	-0.0554059921774	1.54313564455
-0.0248237208908	-0.838142047598	-0.84963370522	1.45541318782
-0.882797873694	0.630085617819	0.124891756631	0.317384292655
-0.0472375555643	0.830994123745	-0.235936956244	-0.177418721329
-0.296987417274	-0.375122407286	-0.495013367307	0.630337000717
-0.351829626423	0.507085387694	-0.818760448715	0.200563636326
0.549931958849	0.449487132646	-0.866679409718	0.911184455129
0.305233940006	0.984517344358	0.133158481999	0.542503882559
-0.572755842111	-0.806209474553	0.0424253215586	0.757406652896
0.431097787475	0.583023515667	0.842216768641	1.6375467168
0.378264155787	-0.631575374931	-0.692678523244	0.821463680127
0.46621402954	-0.347915414981	0.912596791943	0.570478886868
0.994035984269	0.76378447452	0.618259696504	2.60179899965
0.160006255382	0.00620352280658	0.367408693531	0.163862980508
0.210671250779	0.256206809072	0.649327121172	0.686345524879
0.293817996556	-0.17846123271	0.872203655474	0.638978570334
-0.979777685448	-0.772181284687	0.57141345314	1.60180886485
-0.572655365921	0.530383358422	0.380630788792	0.370967325378
-0.240158301916	0.210141452703	0.666694686621	0.591790790661
0.795934071005	-0.173624516673	0.532868417752	0.68674710616
-0.53587005344	0.672486890557	-0.271362660483	-0.182059010064
-0.79061981158	-0.258098830245	-0.478437083576	1.18152382956
0.947240384765	0.371080179501	0.274470683668	1.42595126529
0.506200335284	-0.393735451995	-0.43856019726	0.421941505745
-0.682348648027	-0.703813266685	0.729487988396	0.964575109544
0.172907854688	0.78278489077	-0.960054003024	0.33543470319
-0.9139794462	0.901085020917	-0.288133174401	-0.164826521612
0.430186184474	-0.0331407343495	-0.445361517993	0.383909956718
-0.543653961178	-0.791942605647	0.28354594378	0.581948552787
-0.881481699755	0.470526542168	0.662688354272	1.11321776559
0.284482660507	-0.354730678819	0.0858462171096	-0.0430670570223
-0.137472454951	-0.577185218284	-0.775017488017	1.14622648952
-0.617250182578	0.796758103604	-0.989129501917	0.0794789283692
0.486295646956	0.574493593273	0.579235874935	1.18413868782
0.0222135805785	0.535984957209	-0.828383477628	0.254617691396
0.425465808823	0.197884671307	-0.991977229363	1.05293605181
-0.29898265689	-0.610585814229	-0.0609109954997	0.312846737274
0.00328698757814	-0.668892719768	-0.527781004663	0.629393822761
-0.474768392493	0.4453526048	-0.938045983264	0.476134730887
0.18877950219	0.781338148909	-0.368102235484	0.0310252637261
0.687273545243	0.400728326088	0.449457605475	1.12987743635
-0.399178211796	-0.262765015181	0.0474231870393	0.254021117862
0.142419539111	0.671610315449	0.234330089736	0.328222853152
-0.0509739841169	0.616228673016	-0.190388346322	-0.10988831913
0.970308095711	0.797608890145	0.148255148148	1.85565337704
0.496563999949	0.120379807785	-0.141763623128	0.309383532052
0.401902883905	0.67869630548	-0.267965706599	0.324234215408
-0.145811400637	-0.550770950226	0.63758023669	0.156917533649
0.562881328412	0.962997679414	0.912798817186	2.5711136263
0.206748684174	-0.767958788898	-0.413694770348	0.372814447126
-0.755315232791	0.685884696211	0.0190627294506	0.0658801639522
0.781916059583	-0.348906155428	0.203803135663	0.309004947595
0.249462896125	0.0451416543004	0.348377423038	0.21058606644
-0.380435057538	0.696148078307	-0.044384305235	-0.149036383467
0.331267960381	0.899480383702	-0.0318180204362	0.38010019488
-0.517027434089	-0.382304389216	0.831924786722	0.839029578298
-0.849555062383	-0.969851844017	0.786621954033	1.40155369377
-0.799085480392	-0.98780791941	-0.336796715531	1.87400306121
0.940959059502	-0.133731440076	-0.002844392375	0.759956616836
0.846729057033	0.279581363158	0.511217626364	1.35795014237
0.107438883578	-0.0284692883151	0.173451770066	0.0336318732399
0.187389419632	-0.685977200614	0.0869955745058	-0.145538825596
0.825435181989	0.172446905231	-0.660359353737	1.14588453144
0.947722155229	0.967190720935	-0.576137123975	1.5895048634
0.17079508467	-0.746619595632	-0.96206971157	1.54553023284
-0.871763048023	0.0863700079785	0.429488724415	0.906232139439
-0.491581231751	-0.00816962540736	0.851565607789	0.963875154275
0.0755651444934	0.368761995467	0.823862035866	1.01613330701
0.150046648846	0.302842276279	0.594885432289	0.601999601503
0.122029181676	-0.313148633742	-0.217548429112	0.0921301620199
-0.575955921302	0.731406060957	0.839865599567	1.23012458685
-0.308816846698	-0.449944657368	0.987601245315	0.76530865089
0.886998262927	-0.997952333093	-0.577821365239	0.812099642176
0.67770559651	0.166978790007	0.243627993758	0.672482642978
-0.0502653663565	-0.100468987538	-0.946413287793	0.998360013649
0.829637781441	0.750639241565	0.930295432867	2.874823374
0.728595033923	0.097713264226	0.591589095266	1.00982788174
0.691519930285	-0.327858348158	-0.187093971791	0.347823706743
-0.267084712964	-0.848132815425	-0.0528558770859	0.345480101049
0.617636002003	0.994668090476	0.0225703731774	1.01877650543
0.894889933149	-0.365462150669	0.485814510461	0.532248515626
0.0243134589694	0.247700456393	0.431963395811	0.300203504778
0.544572540415	-0.00645104939756	0.336830934514	0.404328352864
0.669029425153	0.871575234203	-0.281492880764	0.86460586808
0.79776656841	0.810845076742	-0.833583477688	1.3022509474
-0.259317565221	0.228977350319	0.852746337329	0.9303036633
0.29650360657	0.639253761439	-0.470763215236	0.198136283222
0.403880555147	-0.507034804723	-0.375427901428	0.289639126274
0.96602233526	-0.277801399329	0.610090186567	0.867562923904
0.0863596969673	-0.693007493761	0.816341717726	0.0482929523491
0.839438668952	-0.54158790401	0.231261527002	0.178260897853
-0.176072608147	0.0683908492569	0.258003194172	0.103170513901
-0.944976322004	0.430047330356	0.576803676644	1.06735106729
-0.116604724724	0.454417706874	0.826536662475	1.01936515943
-0.225707118809	-0.783931166564	0.0844432019111	0.168815544997
0.232915917956	0.980347070151	-0.264456417025	0.0932663854894
0.547937950634	-0.307454674787	-0.723450452511	0.87757869417
-0.28507264406	0.796016880476	0.518075945177	0.535143658258
-0.76924085568	-0.499027150462	0.073480785894	0.944334084973
-0.224093308141	0.421370504151	-0.686908053529	0.138191381708
0.45073458198	0.231407674727	-0.123734145149	0.294142212791
-0.839617360604	-0.122656076876	-0.717557349129	1.41084280242
-0.255284561455	-0.197214742254	0.49433558772	0.262393494073
0.459846142816	0.995904126998	-0.167011833796	0.53098632457
0.923535954162	0.281383108479	0.118667087869	1.16025886801
-0.637634064189	-0.517514166211	-0.843206932551	1.88393132463
0.236668778711	0.553362466897	0.340566046426	0.491417429612
-0.357418912273	0.0989944627914	-0.581281296336	0.372710101447
0.144835082304	0.214910775956	0.873033171777	1.00191497639
0.79366259067	-0.0492920402269	0.227397703098	0.631279878128
0.720841711503	-0.148697219708	0.331388120792	0.472967209088
0.679509835717	0.187579438816	-0.670576001941	0.913081594741
0.207575470293	-0.0900746274424	0.91946080313	0.786978371917
0.0143593561329	-0.539094594997	0.0359883611917	-0.0256408290303
-0.925830120119	0.577479497353	0.417948296204	0.738550849231
-0.678515478429	-0.773787939955	-0.628984260235	1.86773198336
0.297467372096	0.696496622553	-0.406560335279	0.177795263283
-0.886498096147	0.266128254802	0.0723559600709	0.574448033595
-0.0861019968426	-0.932396175476	0.454919299276	-0.129518719524
-0.851252202175	-0.89348814955	0.413408905541	1.28674503179
0.538509355117	-0.3190957849	-0.471787913194	0.491285629704
-0.235432480332	-0.957626938784	-0.900438367084	1.95395822818
-0.287112277764	-0.597015922094	0.307897779249	0.164825227174
0.543226227233	-0.414797498442	0.489758174117	0.106478457459
0.485124031448	0.284094152414	-0.324376856005	0.38623300316
0.60417587257	-0.734841071979	-0.551464404519	0.63040692276
0.445532093527	0.328279830789	0.408790793394	0.646065731884
-0.47096169515	0.53876210752	-0.469365198558	-0.0645038910958
-0.822649959342	-0.720520994691	-0.308861053949	1.58742554705
-0.543437357198	0.956588107917	0.969336722479	1.64234811074
0.844467841059	-0.219715668541	-0.239386191813	0.637485764328
-0.895908342691	0.628343788092	-0.941208306427	0.534184000116
-0.225474469492	-0.893754551995	0.695661417162	0.114551818952
-0.127290209228	0.48885190927	-0.623048354021	0.0375876095699
0.78920352803	-0.0389672238594	0.270223417021	0.654579976832
-0.172208859938	0.775798375804	-0.568519864928	-0.221785413403
0.650005178683	-0.918366671947	-0.0887138856518	-0.0850943309517
-0.347655018672	0.455121876825	0.410704646846	0.318237584056
0.844549386716	-0.61553452593	-0.125891285671	0.286753408878
0.669828435252	-0.252994100609	0.741422462191	0.641339248581
0.54453943573	-0.930185268652	0.57430780697	-0.41438256882
0.121692486099	0.30161577554	0.0737759525173	0.0792083170497
-0.716339035192	0.0298854760068	-0.212420695659	0.530507738631
0.365709653702	0.135979544187	-0.346029678177	0.256156163092
0.970217436843	-0.634915159428	-0.840126067438	1.5645367014
-0.832407040298	-0.179386455164	-0.493816333084	1.17466256126
0.236903512812	-0.90382465355	-0.904024469209	1.4763438826
-0.774691348388	0.361737808028	0.707154154493	1.075782927
0.898645530098	-0.435683680295	-0.683122244204	1.1803198109
-0.220758212731	0.152948640113	-0.232306963889	0.0334050113128
-0.460447294463	0.904696579529	0.059218285165	-0.147471996044
-0.32709890322	0.725235995642	0.765596763791	1.01114652971
0.621506892919	-0.79586772848	-0.647179196371	0.825543487996
0.153427885883	0.0283178802148	0.161319218115	0.0584769770886
0.738035110035	-0.606929642048	0.56526443462	0.073208578572
0.170307388608	0.212425813024	-0.763062059316	0.485351920133
0.843674644492	0.755762819223	0.246817856092	1.59685964643
0.342416984131	0.973850565125	0.230268681659	0.727983316043
0.432493173043	-0.634991690047	0.030323326095	-0.105914782135
0.0673908611722	0.18909656007	-0.387009825849	0.0938792867196
0.858264904205	0.740884511013	-0.241755602591	1.25182660963
-0.675939985949	0.907141976451	-0.729849071966	-0.285675732015
-0.879076756552	0.143791031666	0.0655703731075	0.660100495598
-0.480983548833	0.17388408984	-0.29171619354	0.182083320399
-0.485123614766	0.827165233521	0.383165877031	0.297825114981
0.0990492521555	-0.199728054661	-0.943440624072	1.06853961159
0.197140146852	0.961398402703	0.0114424039652	0.239526097297
-0.41001454948	-0.90100763002	0.540547904447	0.342692418989
-0.202591746011	0.277431417086	0.566094333019	0.462353247255
-0.368127885386	-0.761922374602	-0.731365160412	1.50814149017
0.503773804784	-0.787575096692	0.592915104716	-0.258388506153
-0.677302217201	-0.0273426467669	0.0701789988463	0.480263741008
-0.310256144194	-0.991703745697	-0.66844984219	1.51367045917
0.947064499622	-0.397354833617	0.953408343695	1.05075656582
0.915985839674	-0.491645042408	0.879488385727	0.729793877421
-0.251452123883	-0.708630213717	-0.101527649344	0.323668166326
0.900365344793	0.0152821093164	-0.341298754182	0.935686310464
-0.898925176607	0.866510873981	-0.469071583357	-0.157289444628
-0.310833578902	-0.0241653950034	0.227271394912	0.150289113902
0.133344146684	0.613739783484	-0.81553279588	0.264188088758
0.369620233189	0.0777006563579	-0.0231762646515	0.164075179772
-0.291092878437	0.940660185394	0.343148696895	0.251452927899
-0.585139032545	-0.52212468527	-0.24584676356	0.836706515817
0.702125851554	-0.022169187117	0.246860888568	0.532882745112
0.522131301574	-0.441140423719	-0.34845621137	0.317427724443
-0.015260117052	-0.453047833184	-0.0837015767159	0.0520732060469
-0.138378193543	-0.753468570762	0.385869919464	-0.0184331178098
-0.373945983493	0.0713442575493	0.144572345519	0.144372269756
-0.411159375829	0.740721585159	0.455226220227	0.40892420675
0.359277359627	-0.714941772678	-0.526566636885	0.525954736654
0.147533155895	0.752430477528	-0.671361688109	0.0783479957116
-0.247408293055	0.668679463542	0.354500288218	0.258491535695
0.931035540362	0.43910004763	-0.503488963441	1.30806403601
-0.532495493509	-0.425528928363	0.534631171292	0.568473147246
0.306623972021	0.804685102354	-0.430942738772	0.179692444771
0.538924267356	0.68475871624	-0.68757922863	0.661411781144
0.699107630159	0.319866999989	-0.680740906507	0.958034569132
0.503891327	-0.155028416853	-0.0641565519955	0.189851146586
0.291929849557	0.896986815592	-0.44481621585	0.145947448097
-0.326112565853	-0.82190342902	0.311557774524	0.215380285375
0.665856752788	-0.905291404388	-0.359480361149	0.295231431428
0.264564965365	0.87941139783	0.202826610025	0.522162733281
-0.863365787346	-0.879826534222	-0.677523036339	2.56015282089
-0.968353814001	-0.160722124908	-0.431943312366	1.34934286384
0.147423607148	-0.314479056523	0.388636672828	0.00419245232497
-0.687676571387	-0.215504544126	0.324687483757	0.656546826796
-0.476255966507	-0.531164422812	-0.959627075631	1.91039385722
-0.550461966848	-0.513923364861	-0.878578148805	1.80932504526
-0.993804348629	0.423223218821	0.101759986675	0.620468292045
-0.459747645199	-0.308138616269	0.322037358182	0.357509814618
-0.00343378159851	-0.49442795651	0.295806445957	-0.0570439746524
0.975700806607	0.68110560739	0.401003721057	2.05047722183
-0.714689927337	-0.70176392312	0.791044823094	1.08295049319
-0.989538992832	-0.229576892626	0.37379307379	1.26026971509
0.841549492558	-0.942384064799	0.879360139925	-0.140278010498
-0.845104767369	-0.50582009402	0.822772941969	1.40245326789
-0.70898483312	0.236646594851	0.500664478417	0.704026110964
0.0054976428081	0.105760475199	0.102013525784	0.0218074157988
0.266713730304	-0.165780167435	0.73594387372	0.446528853723
0.579771951621	0.29620549438	0.574247820398	1.00772307221
-0.56655134068	-0.00551677211092	0.0957433727478	0.332744555318
-0.218847895304	-0.877785736187	-0.699929680074	1.34428580872
0.55481139644	0.487488276648	0.757809609283	1.52197844151
0.225545415629	-0.514056086129	-0.106297669763	0.000869899589053
-0.806645695864	0.336418287004	-0.140689208549	0.351769946296
-0.45123028068	-0.603770116389	0.1196574318	0.418120444747
-0.417409545345	-0.81748947842	-0.387396973176	0.982228004425
0.85766578357	-0.690796961155	-0.132268731996	0.251983534913
0.229758142662	-0.971074994928	-0.0893932307723	-0.075524902274
0.193438807611	0.678199619327	0.193532863501	0.337317581583
0.783208201474	-0.582356799447	-0.5532201472	0.785532510926
0.641786487333	-0.573778769578	0.399321217292	-0.0260181678556
-0.51080595519	0.588709696458	-0.22620027195	-0.12179342538
-0.333668614673	0.120812862697	-0.286928251989	0.118686482165
-0.663604764739	0.310827630663	0.619974745801	0.811178553803
-0.9506403408	-0.583971364561	-0.646392481599	2.25416173437
0.395542806729	0.854629832042	0.00528879526836	0.499044728002
-0.753363316932	-0.735351840649	-0.154958979891	1.25950504562
-0.820079843968	-0.477556800415	-0.807465402527	2.10177662721
-0.498312509075	0.335180063253	0.780127399943	0.95137284979
0.160492331983	-0.979309677488	0.61483985913	-0.355504477024
-0.776844397251	0.832060764415	-0.16121869104	-0.151046806432
0.0841168022981	0.688761166066	0.222509439457	0.267778334894
-0.925566533504	0.353990391356	0.866500599335	1.58658792344
-0.223131467848	-0.60549264548	-0.729278231231	1.15831145877
-0.618494358939	0.190626189973	0.419504816659	0.520586944951
0.624087714958	0.42238588494	-0.168538945239	0.610308222256
-0.13877226489	-0.14393997794	-0.0458072471996	0.0479244162972
0.704344345832	0.31211647919	0.432732910621	1.03825927929
0.402984125007	-0.200369201888	0.819403249748	0.588889108027
-0.724789069698	-0.201315690933	0.919574951516	1.33172383263
-0.885948897794	0.628564007469	0.71153144611	1.1815499159
-0.445244134424	-0.555341084733	0.947555300522	0.817149358932
0.481870629451	0.333874557985	-0.546464585993	0.509256568582
0.578178375725	-0.734886116448	0.0366196422449	-0.116175295472
-0.164339414418	-0.948407240695	-0.337951633972	0.617595217266
0.552566320043	0.0915407282116	0.822797248192	1.10822663227
-0.0037124882055	0.30847491495	0.558522812461	0.483106582196
0.162948396931	0.591525961512	-0.404271868505	0.0472388251686
0.00930439471491	-0.987165497384	0.295890149636	-0.21363997176
0.184978314988	0.676515875873	-0.443494448195	0.0560140343118
-0.700720482222	-0.106851315083	0.995951824515	1.45138337378
-0.0867452842705	-0.616652796766	-0.154090224601	0.179780431767
0.171562038119	0.32370661	-0.22046327673	0.0622079351348
0.595804578692	-0.128389825754	-0.203054837701	0.345789292294
0.180329612506	0.881070781292	-0.158725513042	0.0767472984315
-0.781898798382	0.621179586851	0.404409445394	0.540424050106
-0.324115638496	-0.463255584463	0.543169140882	0.298605904447
-0.275335586698	0.304371518536	-0.97805090066	0.650898101115
0.593415655325	-0.224235058866	-0.521517351358	0.60800036733
-0.194431277752	0.508627333821	0.456011301933	0.37879657954
0.635261807667	-0.276629520497	-0.178014004327	0.308758309431
0.633745348452	-0.0766963967003	-0.0784702208806	0.365203140787
-0.723050587508	0.632409512571	0.285860220353	0.328034870682
0.873966752387	-0.572147896513	0.995903338926	0.685799105265
-0.866257059221	-0.109671891147	0.233594252929	0.874352894075
-0.00644479517549	0.49156835011	-0.131389770679	-0.0504503029012
0.449476834589	-0.0674279226047	0.834887498045	0.812464540407
-0.198242795635	-0.364783654723	0.541149212552	0.207056020276
-0.980697816603	-0.33915250094	0.600234991759	1.45108517138
0.0821014280295	-0.754887230449	0.416698290278	-0.196159428297
0.432030511957	0.668732712741	0.944536863621	1.99935588534
0.0663617247881	-0.127324686716	0.478065176327	0.163631206709
-0.610468649013	-0.984933222126	0.45395228737	0.732902815024
-0.286392477492	-0.122524508724	-0.581837684659	0.52693521653
0.327522143574	-0.177613675865	-0.85683537463	0.9354508824
-0.309566676654	-0.110226843295	0.192419569087	0.14576957373
-0.923497887347	0.654796901934	-0.0571448000985	0.213992082469
-0.091379822228	0.78124884035	-0.958466525817	0.106817111066
-0.963033893512	0.246530890751	0.380977293452	0.929083046098
0.80478324837	-0.449570024857	0.871139844524	0.653115919044
0.907478953044	-0.0100275228167	-0.926003209776	1.68118574714
0.229370714807	-0.585947987258	-0.623086724413	0.67154509433
0.443551815721	-0.462889925761	-0.473739658694	0.435141125842
0.127627400374	0.813109423993	0.712963191917	1.20809739867
-0.179553509189	-0.540642528929	-0.403639407032	0.51046312665
-0.792758412762	-0.342202697953	-0.545434096482	1.38389734165
-0.742071871802	0.366446580321	-0.175406275471	0.245231294807
-0.946108343732	-0.623291214409	0.420849783967	1.39962458434
0.713625586388	-0.5474682815	0.966399388308	0.523428869496
-0.628376502509	0.570012850858	-0.586873595307	0.0465694730126
0.63227226343	-0.187533091696	-0.097875927845	0.309130915351
-0.746306491598	0.126906714531	-0.251846165333	0.493727596103
0.347178276614	0.146544097675	0.405214586416	0.394990350006
-0.878712824021	-0.625910870376	-0.904189843736	2.70563366119
0.362351911074	0.119253221279	-0.350459156509	0.255538777132
0.252703906507	-0.246714365412	0.642196619963	0.255490947561
0.626931605806	0.0560906043561	-0.361403724932	0.538549510064
0.750158375939	0.322745328468	0.251960530988	0.949650893947
-0.621237928673	-0.0924169432027	-0.720997985195	1.02981999889
0.974930474139	-0.713214257138	0.62638368664	0.20076586267
0.0311407390183	0.0571199097064	0.0369108973561	0.00621926329532
-0.80415714271	0.459773493003	-0.555622828868	0.330194650882
-0.163546327546	0.393479821669	0.720640174556	0.765274850013
-0.56581756368	0.154607361047	0.548759038087	0.618648623626
0.250542747894	-0.903505028234	-0.377972746132	0.320768709496
0.723275255614	0.00541636375385	-0.678696105322	0.983996955656
0.92515626068	-0.208552808682	-0.229673845126	0.763619370658
-0.560663122366	-0.596682491071	-0.0173610761029	0.659541462387
0.0347409654622	-0.119697817945	0.000900132106788	-0.00305841668913
-0.993152079693	0.0627294554599	0.415037464302	1.12234233516
0.271570864999	-0.820465428616	-0.810540023732	1.17293142662
-0.474854753588	0.767081589605	-0.0298323707076	-0.160759194211
0.131248512003	0.213496590633	0.777686908987	0.8160777138
0.586200506809	0.0886054824024	-0.91104724249	1.14485491051
0.0229098187922	0.578156579786	0.261127284975	0.232930239202
0.896322225592	0.265872382267	0.170947317367	1.11637401331
0.145104422564	0.242258398986	0.0659933936803	0.0765506404499
-0.656227902424	0.179465891286	-0.591574368948	0.556657347136
0.558616021423	-0.779969429347	0.207468969705	-0.24242764058
-0.93735596223	-0.459286154121	0.48208653761	1.3201425728
0.890352061718	0.707783502473	-0.84749664378	1.54130971283
0.977015838549	-0.0159397082505	0.411964692992	1.10213491261
-0.205654157929	0.995836526247	-0.51315934497	-0.410194595743
-0.759385664245	-0.80111553055	0.607821677138	1.0675340422
0.786503412074	0.954194331093	-0.710710356552	1.19601813203
0.476436907817	0.772412722955	-0.908892490231	0.719043491958
0.0510339627615	0.88246435029	0.328393049447	0.445277272091
0.597249985699	-0.999862879796	-0.27692556305	0.113114813188
0.20237201492	0.664474427409	-0.517994483659	0.0995496583313
-0.749520451177	-0.0472909987171	0.67402277865	1.01965797321
-0.420785590473	0.0995070703204	-0.844571483119	0.764449527946
0.848483503561	0.875552523254	0.447679637501	2.05520022235
-0.524649099955	-0.783087547256	-0.378607629794	1.12592951246
-0.125764825166	-0.481493069272	-0.550181730963	0.643980310309
0.448287702909	-0.971753759888	-0.322976322705	0.183503764737
0.37529573498	-0.261525320708	-0.327169088491	0.2353001645
-0.40282373505	0.0904163703247	-0.751588770291	0.622774852557
-0.188272431202	-0.933552901499	0.574427546236	0.00491728615611
-0.23719121187	0.915879268032	0.902981184266	1.48141792271
-0.469305535825	0.1303951779	0.773596414902	0.858377162416
-0.278291001906	-0.961027424063	0.111976389378	0.249817497182
-0.220318174151	-0.0601143644374	-0.843247224278	0.823541537078
-0.649555011051	0.180068783288	0.0861481537028	0.327891229469
0.755176944729	0.000278241535848	-0.475690160633	0.796651111606
-0.0512102227506	-0.329646493327	-0.491873420425	0.423587567191
-0.49314882884	-0.985843504791	-0.687327360723	1.87937945222
0.0445610918822	-0.814381725325	0.65650313747	-0.137951836246
0.616323647578	0.963779900637	0.906910390882	2.67040364589
-0.896969479118	-0.152191591853	-0.180675565629	1.0012064213
0.72866442201	0.704525147515	0.752651212239	2.14105980292
0.504734453314	0.870148551232	-0.947740512074	0.767487866372
-0.0892930714216	0.820679043159	0.077242020644	0.00404953753582
0.799524962074	-0.537040580357	-0.877714448205	1.45161374458
-0.948863629215	-0.452598196491	-0.992734803303	2.7646285254
0.651773459274	-0.420039964293	-0.88373593381	1.30323135244
0.382260364757	0.829199871643	0.715364015092	1.56801865544
-0.652672836019	0.424136397009	0.254673285519	0.322034217874
-0.80741898812	0.776672973788	0.186835732488	0.204842770676
0.664740223909	0.367119198853	0.688485441948	1.41268689137
-0.874848306433	-0.0388122211694	-0.740596144985	1.37654119657
