-0.18480983593	0.641421725187	0.275689491378	0.168451556494
0.935164092496	-0.183011861489	-0.283406025061	0.835571397773
-0.49583053502	0.784957039798	0.00945638781135	-0.135845468098
0.0891018027866	0.54970653125	0.808524581196	1.15508221556
-0.667628187415	0.164946173762	-0.715094766561	0.729013061163
-0.668916643881	0.472068413062	-0.604273786109	0.211563299228
0.370326272649	0.43448908114	0.211138868725	0.434361425091
0.261799216304	-0.719646259715	0.582546968531	-0.199730773619
0.819881436622	-0.270843598666	-0.538429630766	0.885882617455
-0.544591376594	0.328846252111	-0.622426283799	0.300224862457
0.763946143245	0.444652572015	-0.650255334339	1.05699862021
-0.211248387709	0.325224430026	0.705990399553	0.703950514383
-0.0133336953188	-0.418068453487	0.171221070184	-0.0365132883293
0.369042352599	-0.448712539092	0.591726306707	0.0552233354636
-0.399958497313	-0.0913667831367	0.350671575018	0.287440540639
0.014301901448	-0.990913768166	0.699818841813	-0.217681120889
0.477722535274	0.458605431546	-0.524766223821	0.482023919284
0.51724419407	0.869517493483	-0.670050139792	0.58364130322
0.100072379539	-0.145194770437	0.681496749075	0.360972549937
-0.903358719882	0.930809767679	-0.277840930075	-0.206219612548
-0.821150056211	-0.150615597559	-0.863808231269	1.67423307455
0.77432898308	0.0144381511122	0.968151707442	1.56206130218
-0.7689927243	0.676275983492	0.33605137538	0.411492500386
0.81766502867	0.711924722691	-0.594458443351	1.18086322634
-0.502289398439	-0.682616739727	0.519293341846	0.510353038259
0.0142516404322	-0.0472901939203	0.969430537731	0.893480155779
-0.408473476158	-0.176427848388	0.0334688913751	0.234131999443
-0.0692778674552	-0.503498377263	-0.868624412209	1.23154006825
-0.359882978736	-0.456986722218	0.800533540431	0.568998251906
-0.917164249001	-0.593981498762	0.880822200356	1.63862451281
0.81013928824	0.00927250403247	0.185132118696	0.699828225857
-0.751726779035	0.400540194285	0.929373683586	1.49998331972
-0.346719695443	-0.410703776917	0.374874120265	0.249182024641
-0.930183158149	-0.51119837034	-0.718643115984	2.22456594017
-0.928214961778	0.240266790621	0.451998597727	0.951466770183
0.799258231758	0.688259050936	-0.459938523269	1.08389702675
0.438889900009	0.859402276396	-0.44826244799	0.385508777537
0.440891806583	-0.211757353889	-0.286109396206	0.243467858059
0.647474903014	-0.896073933859	-0.917721422905	1.50359722228
0.0484978581391	-0.278465831956	0.876423913363	0.512911807564
0.409758593043	0.664958794267	0.550273904276	1.10908552617
0.559907956707	0.299913122024	-0.897554273482	1.01783603283
-0.256300834837	-0.569612251336	0.782569171999	0.378335734564
0.188973196488	-0.270355441868	-0.577093478027	0.473678181585
-0.508513669252	0.862814866949	0.919406418243	1.45841868627
0.968957157815	-0.555690541597	-0.860935828382	1.62006204322
0.647849643381	-0.128997327749	-0.423616001422	0.570234136486
-0.637746892973	0.164138864712	-0.288771187876	0.338032272519
-0.611270291049	-0.318146095566	0.930493501588	1.13790990717
0.435579773839	0.563747788525	-0.997034017491	0.867287983196
0.839037486963	-0.831717921585	0.465422517178	-0.16434073941
-0.751663944492	-0.459803858548	-0.692905685241	1.70933566378
0.142396440401	0.863862254179	-0.55628978247	-0.0278117671505
0.712223040067	-0.824547026434	0.974917408471	0.0665989721239
0.610979150339	-0.197921257763	0.0919405181119	0.242625836133
0.730295435424	-0.327517816736	0.462358750212	0.356491541899
-0.0263431107989	-0.679470329275	0.905557803509	0.223328598224
0.739320974535	0.833969842525	-0.265328537121	1.01229013439
0.881808212493	-0.851900375948	0.545575727903	-0.140750316948
-0.712378731829	-0.886938381583	-0.347094574532	1.56764564091
0.166515617871	0.75856194103	0.914331514268	1.68361906749
0.965420449029	0.362328907204	-0.578266177398	1.40670559948
-0.79685685594	0.309560968412	-0.64863399555	0.608239361224
0.585839321748	-0.447832834321	0.602131399003	0.173757637607
0.232484314655	-0.183032447066	0.225694703862	0.0211254289584
0.86134926114	0.734531069911	0.949597566865	2.97385479979
0.325316258038	-0.224507091622	-0.673004177138	0.636823693698
0.30607333692	-0.779904871642	-0.132129485307	-0.0245205688041
-0.171256758368	-0.559639409291	-0.618274354272	0.853444779933
0.290562207923	0.0302985519329	-0.789914505791	0.693261671603
0.527734959892	-0.191539619298	-0.965402365407	1.29433656326
0.749153558764	0.629972519241	0.12165662065	1.12461787046
0.0767505612322	-0.75479829015	-0.526747428197	0.62301036752
-0.482251438937	-0.890319090382	0.213662803097	0.517347833731
-0.355649506049	-0.725118962025	-0.313207477859	0.709586377255
0.997841097041	0.0237080572881	0.605003697436	1.39971666507
-0.0254626775027	0.603244895395	-0.143715649696	-0.0807534263809
0.927119757395	0.664278726116	0.630504771826	2.29178414988
0.57107651607	0.405557273903	-0.452054143031	0.578751724582
-0.316135299992	0.906429292434	0.25062221986	0.10337005012
0.764174040502	-0.6752098541	0.37247089039	-0.0447773295864
-0.692995134958	0.628921034806	-0.616262822688	0.0366022541532
0.896005712699	0.708189836111	0.34686720891	1.80333306847
-0.252209147994	0.574008306021	0.230062048003	0.103825380914
0.119400675571	0.16265119164	-0.247360291471	0.0546308511154
-0.571524102217	0.489514744209	-0.800311666844	0.295604727912
0.565939473762	0.431605022917	0.085849413234	0.608972967223
-0.247079931505	0.543867747702	-0.61300646329	-0.0309478337786
0.168316561441	0.236148828266	0.775732791439	0.853027977078
-0.612489808347	-0.274478508306	-0.199238623124	0.637641803294
0.689964810376	0.262702070897	0.877494186558	1.65782221154
-0.0347457990267	0.223569466873	-0.696415863749	0.322736902687
0.939843028924	-0.726406223734	-0.363880229662	0.597330778533
0.775087073831	0.418082075377	0.463947808309	1.33402581585
0.943371295964	0.882897040069	-0.708262404887	1.59916198025
0.337912348595	0.368375986206	0.498434916907	0.670712370465
-0.430443753937	0.635066134921	-0.387112301279	-0.184064404963
-0.543193199296	0.0611826513445	-0.502313097968	0.483410452888
0.760465799194	0.744202422781	0.312402974121	1.47433539041
0.674550627025	-0.462752598724	-0.0742799540237	0.18275924612
0.109905233967	-0.491004176317	0.199328425861	-0.100024036624
-0.801889536309	0.903968898242	0.119657383013	0.0406280697912
0.656337766992	-0.689861440144	-0.514693419265	0.597973606503
0.799979275711	0.14027912158	-0.93496831024	1.49519643953
-0.982013944115	0.920474191035	-0.343622607326	-0.137786349593
0.327602662769	0.0187148904084	-0.439116693597	0.298060002383
-0.440700444579	0.117059135753	0.0223206866719	0.145739922028
0.8560023352	0.499014035198	-0.00664769006825	1.15662407843
-0.0495037205026	-0.0830891763817	0.261751743094	0.0533290799705
0.0837464012598	0.926967612798	-0.714666656172	-0.0670807533937
-0.229115395915	-0.472775082653	0.896982714313	0.541320827765
-0.515426130262	0.331379100638	-0.405409059121	0.124875064081
-0.0634710220788	0.735410034237	0.367491319822	0.362658018361
-0.428071119759	0.457320443188	0.236687930861	0.151742615421
0.764562284084	-0.642192155701	-0.272874155611	0.343257531887
0.323545121703	-0.31946307792	0.887817286636	0.505915416782
0.305044653534	0.312599431151	0.420480432743	0.496654764226
0.140611930358	0.245614649801	0.193726220801	0.139419911497
0.527547242271	0.664411259917	-0.443714903793	0.530888158306
0.834633047838	0.840937425779	0.618123884137	2.30036713534
-0.239053320479	-0.534832136955	0.91522985733	0.533151239618
-0.392903970659	0.801453008635	-0.0533613343569	-0.20043970919
-0.541413138952	0.884473346706	-0.530989046574	-0.373433595436
-0.725989292219	0.941481010919	-0.707764724136	-0.32186082358
0.815996199176	-0.920764230051	0.190439734953	-0.224573118265
0.330930465126	-0.220737650319	0.677550630143	0.345980081795
-0.59482995819	0.0611524171994	-0.289565345853	0.383587858077
-0.174309389773	0.46800395452	-0.756982843866	0.167558341114
0.873948600932	-0.317723715948	0.229617083697	0.465881172084
-0.816387079365	0.683232147299	0.681987204207	1.03976809476
0.314954565907	-0.320715650307	0.517676813173	0.100147747275
-0.704909014184	0.819425352482	-0.169631085838	-0.19094890616
0.792466479076	0.346526748019	-0.839775994549	1.31683282893
0.440302210393	0.876977904227	0.113475357854	0.692393384527
0.599383142872	-0.133256708073	0.908693193271	0.984022183379
-0.941978426022	-0.143472806818	0.334096810712	1.08615851558
0.376224459564	0.134108121686	0.129780652584	0.226247256913
0.522321820369	0.529993982208	0.0249805304748	0.563511063332
-0.920251892485	0.888255388152	0.995438005352	1.90454483799
-0.722536915355	0.207144304423	-0.129902833188	0.362356301347
0.623866134403	-0.082703311308	0.359115808894	0.436877256186
-0.936615596954	0.12745520165	-0.723793828899	1.18949846502
-0.742823514406	0.038252160947	0.950036184361	1.46228185755
0.233385182542	0.803660017473	0.977843682751	1.98406312237
0.7684420388	-0.0357078862549	-0.379826859243	0.720894983369
0.94490725111	0.201075455848	-0.0147746773411	1.08009483556
0.332891836098	0.111272265063	-0.733507747067	0.604273149714
-0.000717856095477	0.706858255028	-0.645450966564	-0.040142300883
-0.890014035692	-0.75310377276	0.0605049916107	1.42049222837
-0.935878395007	-0.509954920568	-0.265489057217	1.55899605341
-0.460866555594	-0.871450165648	0.176025561726	0.491607711736
-0.868845276925	0.967145720131	0.132908320447	0.0607984591356
-0.720650310586	0.546759365907	-0.217296307059	0.0537234572911
-0.264995135224	-0.992567425709	-0.279020838826	0.688047585099
0.528889441186	0.547190613889	-0.682775973108	0.66170180458
0.731229464104	-0.239793202969	-0.771807485549	1.14011365766
-0.137564735283	0.190015074686	-0.402244529259	0.0781528199943
0.907739940125	-0.458832118188	0.00889031686968	0.403491434221
0.694090016128	0.0510618813857	0.596048075242	0.902911136681
-0.855607513992	-0.70191760695	-0.56773756158	2.05346112614
-0.702693556678	0.521728183758	0.947165389473	1.51844835492
0.928578338397	0.753986514059	0.0711807966362	1.62112934147
0.604612915685	-0.940011109243	-0.344269646664	0.239352802331
-0.161740450468	-0.578586588808	-0.780890603668	1.18134379433
-0.301257825292	0.130489658922	0.478417960233	0.342757587556
0.824514377197	-0.383308092594	-0.292498909589	0.561453736197
-0.07156264842	-0.807819639245	0.561359958282	-0.0754216707445
0.914315050231	-0.535895301763	-0.412444672339	0.737132641213
0.135867358643	-0.607951052614	0.456684028301	-0.133221998571
-0.698004914386	0.13899037278	-0.406840048891	0.499166872578
0.720995974035	-0.608551617294	-0.712963236148	1.02326343504
-0.564505735168	0.698551042618	-0.775497991733	-0.0159971403195
-0.516516601991	0.32059251884	-0.901942983856	0.625543014761
-0.441053512044	-0.986116021731	-0.344289539421	1.08750285305
-0.725508873984	-0.41058635821	-0.475979043657	1.24623372477
0.987881222251	0.282648341273	-0.252431121541	1.24750453145
0.525528209112	0.700494115053	0.632076066633	1.4865950353
-0.94621547174	-0.990038691451	0.879410697655	1.73482620523
-0.304023783913	-0.259733816896	-0.207502058282	0.26834812481
-0.567333245811	0.663883309457	0.510452568875	0.544666704824
0.133931004549	0.578913317215	-0.169190439841	0.0261507622648
-0.806772795944	0.587806171705	0.22319209404	0.357664716851
-0.673187752262	-0.366267204243	0.498458101357	0.76563996934
-0.0219906632634	0.597223703659	0.90510648708	1.34711904529
-0.895358636811	0.0885914301315	-0.672063805876	1.11447665186
0.582253237763	0.162147737523	0.275388886265	0.553922601579
0.0357637727133	0.915822423574	-0.563755116281	-0.16444743332
0.564425075872	-0.742853605809	-0.0538260855267	-0.0578273873444
0.453846921415	-0.367102902256	0.744130544889	0.319926291198
0.563516749936	0.35409048337	0.790824918267	1.42251467475
-0.837900805249	0.645690449483	-0.203680159158	0.071024485591
0.212890695106	-0.333595174302	-0.749697771038	0.786445446025
-0.817020829272	0.464347260135	-0.881299032964	0.655600846106
0.444070798245	-0.800183049742	-0.428926002602	0.369057780797
-0.514042747489	0.0447033863135	0.394091596033	0.414185909647
-0.260885649461	0.171327436969	0.180919767249	0.0870929346318
-0.801033957554	-0.658748239501	0.426181886469	1.07021954341
0.108064941769	0.631934666171	-0.0595200157577	0.0458978855286
0.143316921642	0.451461396059	0.620172242311	0.749839233995
0.591831489158	0.093746283714	0.201521185114	0.465249164496
0.144687779937	-0.606044515963	-0.874304367377	1.22752281205
-0.144295799221	0.712857175817	0.0201744630568	-0.0672524985242
0.582568663065	-0.245748745404	-0.679888822049	0.825551364505
0.912335841021	0.601254210738	-0.692326878919	1.44395450895
-0.559974773543	-0.952991257733	0.952139957837	0.846412254095
0.982593520512	-0.335138660979	0.996071684531	1.29452161993
0.204871397718	0.441026684045	-0.706582898381	0.319963522403
-0.692636271258	0.427143263304	0.0290385791301	0.197136959604
-0.984305659589	-0.519171483229	-0.470733856815	1.94586301934
0.931201296225	0.740356849983	-0.720501940337	1.54225161154
0.238321584439	0.496318868365	0.862275312689	1.34656289899
0.652884969978	-0.653619054293	0.114512531561	-0.0622137253148
0.250285164121	-0.396745774027	-0.797076752634	0.914911264985
0.850582264978	-0.568353273881	0.970212659741	0.629948038087
-0.467708071013	-0.136524330446	0.762540726775	0.759967368759
-0.110986284784	0.851245366251	-0.770347487873	-0.144478082612
-0.946142924931	0.363750874258	0.427603961492	0.889412580993
0.463679059564	0.196968264873	-0.941516996705	1.00733361599
0.857808818863	-0.607704829734	0.533168988443	0.174801208403
0.897497431951	0.0850407532835	-0.295953203441	0.944245713311
0.28008854183	0.400139528779	0.992311457822	1.57226915687
-0.0691357464541	-0.559040001598	-0.694104893864	0.913243403906
0.316579674776	-0.859938825108	0.00947260402978	-0.180072592852
0.0576695737749	-0.703273559018	0.215316562929	-0.142296929911
0.360566521723	0.240070539216	0.243906467753	0.334614738124
0.715084254135	-0.335707471012	-0.422329347371	0.591427558787
0.412540800305	0.3182013932	0.993742631922	1.60519567778
0.160233488136	0.215670001459	-0.345679417359	0.10517390648
0.0461818108673	0.891659456283	-0.141458636119	-0.0628111768125
-0.9399156291	-0.550902061383	0.969774727927	1.80745497366
0.939369447581	-0.85982030102	-0.440709671562	0.647882174934
-0.332940164423	0.04357612519	0.412211736141	0.284222016432
0.467113540995	0.486747477507	0.615438844848	1.12388967501
0.137232762182	0.216118516762	0.617811109994	0.563702360394
0.267100694839	-0.8390314927	-0.176962994889	0.0270303138059
0.157141043075	-0.44054281112	0.227242488047	-0.0930049455561
-0.138951561149	-0.266388116801	-0.54750578772	0.501934204361
-0.0106469993414	-0.5675744378	0.731941418984	0.126463324703
0.219349250972	0.882210060067	-0.462261242218	0.0475001475708
0.505891197793	-0.0848862411432	0.44911189633	0.376560776489
-0.905957381995	0.54071744174	0.448601661442	0.774702013457
0.0129056760759	-0.296103943677	0.963034636318	0.638622491931
0.555678548263	-0.047858133861	0.545608904786	0.553762163634
0.582063373081	0.282298848615	-0.734846808436	0.835667014263
0.346752436144	0.0356143965463	0.680433252964	0.61980926217
-0.147289614388	0.0668855827261	-0.0775538478037	0.0126700438248
0.0611580359366	-0.935225519714	0.335126672874	-0.254565380521
-0.501679037307	0.437696412755	0.00598988807248	0.0347563727708
-0.050656620392	0.10562382849	-0.78355948358	0.528418458808
0.329495043709	-0.267944897542	0.425064783483	0.0870665984004
-0.684376711558	0.616726522917	0.501248309303	0.606681208132
-0.257107893314	0.884414961816	0.406098614244	0.362790176057
0.469563629334	0.600594862375	-0.998089974726	0.899243391969
0.0771791237614	-0.387297284987	-0.996038429134	1.35392088371
0.839466297836	-0.618265018925	-0.755687934813	1.22397068882
0.27532493374	0.680324729625	-0.244553288783	0.156544841228
-0.343364932735	-0.469978747345	0.850695939008	0.603148266859
0.193995505549	-0.913561624178	0.611769011305	-0.324219961356
-0.0910509781291	-0.12739906491	-0.776169377565	0.721212245674
0.916025257241	0.477393074769	-0.534999229464	1.3072256344
0.266584517069	0.36442450614	-0.854935786659	0.587572883193
0.480095978893	0.399419898562	0.408694194233	0.752523574141
-0.61184702944	0.778015552534	0.739930030889	1.02150380519
0.118854809861	-0.139166577041	0.314675949803	0.052814427347
-0.443569633788	0.695431342921	0.371315166576	0.284380951783
0.94282433764	0.565878678738	-0.196983711484	1.34977562231
0.349146942198	0.325057613747	-0.149465596487	0.209151493526
-0.07088586979	-0.607086407387	-0.319059028084	0.343553717067
0.447977056681	0.760383758523	0.122374831663	0.649345355277
-0.475838832816	0.596140187131	0.760903779387	0.975335826894
-0.630111639741	-0.753348649881	0.916117596715	1.020849928
0.134766868161	0.299264015946	-0.582863848246	0.223793072553
-0.860061698424	-0.654772693802	-0.804679447232	2.47724218232
-0.113904547191	0.111948546788	0.078973782706	0.0153006559034
0.714573019517	-0.0680227901489	0.415305582951	0.606235832383
-0.488835761845	-0.543966270713	-0.481757756591	0.999021074696
0.0483620570899	-0.625080577056	0.682002283194	0.0109294395623
0.0738224775663	-0.483553565155	-0.0866385185643	0.0191532334088
-0.631692412547	0.311787291829	0.95571696006	1.41345694797
-0.908571869925	0.102485228979	-0.583608316354	1.01317508167
-0.386785766791	-0.457070625222	0.23579905389	0.274216014473
0.668541411691	0.58558884488	-0.834770056685	1.04644702648
0.145205690491	-0.910267130392	-0.656670743634	0.917870984315
0.89187895945	0.402938270092	-0.56390680278	1.24559149398
0.587994549087	0.348296304056	-0.184675159784	0.520317157047
-0.771042939826	-0.591536991045	0.0066699336698	1.04670661117
0.584660293584	-0.622904717202	0.818797439673	0.138036463669
-0.628804298277	-0.0579767524822	0.197289818941	0.45933592635
-0.62052079209	-0.293765036511	-0.889298629849	1.61943026408
-0.175034264644	0.503125059951	0.868417676218	1.13364482468
-0.798433277197	0.0522056489346	0.556081126872	0.93406976652
-0.277667366781	0.656869933096	-0.110306197719	-0.165581545526
0.209259159269	-0.866713391876	0.886308431231	-0.120211071383
0.414659117683	-0.709012152827	0.253708595354	-0.237570595867
-0.713866715522	0.78784636666	-0.743280112427	-0.0859368210305
0.396456343293	0.147159225041	-0.746199062714	0.662522805779
0.685258945382	0.721642738054	-0.0999456588316	0.901956039671
0.218746196268	-0.69369357521	0.204477586201	-0.203926637134
-0.285740323277	-0.611282683981	-0.0863252711452	0.31653683996
0.189765615053	0.511096828352	-0.255026948656	0.0676948725789
-0.679210718666	0.936928218734	-0.864055800715	-0.238010323935
-0.247414113292	0.676735299827	-0.403057230394	-0.216528045369
0.670461887611	-0.971720133237	0.830436618837	-0.319309176017
-0.245396324376	0.523065784503	-0.614970901393	-0.0116200923302
-0.0984834212834	-0.506723610569	-0.137835200596	0.148445752114
0.464433431526	0.30870074384	0.88537267565	1.41626933643
0.923622700926	-0.557694989428	-0.874533058577	1.59050991664
0.833009448585	-0.444439084513	-0.459256328016	0.738710621516
0.788934991507	-0.608758096309	0.972068330448	0.495310230017
0.156524962795	-0.801063688541	0.825429935833	-0.0807737701291
-0.378313095462	-0.0337764835438	-0.465698692911	0.388503821058
-0.00389348052914	0.631947246125	0.0966785599113	0.0679971785342
-0.505205617614	0.157925759878	0.520906316049	0.5290556509
-0.913682774827	0.405443341696	-0.635800143121	0.610830502855
0.164183731139	0.198308877894	-0.233436941902	0.067715576898
0.726978999829	-0.630415201742	-0.494721224649	0.626828724114
0.432989114297	-0.346270598861	0.956631701156	0.621438952801
-0.18772269648	-0.209850185128	-0.909992850754	1.09368261
-0.212806229105	0.0926764581444	-0.154632062573	0.0351446864622
0.626920364148	0.832391982038	0.342602113123	1.31742808739
0.466404355019	-0.30307370815	-0.272393979281	0.232932058335
0.697124840385	0.580099606389	-0.864776756237	1.13656707081
-0.775840954854	0.855527232698	0.549129950137	0.709515450877
0.572320870362	-0.0744897187189	-0.971301788069	1.30069831849
0.530299818301	0.48441204202	-0.461099170551	0.527351969459
-0.52540677394	0.944972946658	0.499215759154	0.500518851872
0.393629882886	0.684820214942	0.720715300339	1.43750113674
-0.0208102704521	-0.480658440748	-0.923585382482	1.30737476808
-0.278682864543	0.96175808242	-0.135470700529	-0.302299088879
0.816359409978	0.570372381725	-0.0105138970309	1.12618525281
-0.58568725385	0.246789195422	0.619880611942	0.735720083716
-0.0963716857041	0.634023844292	0.330493857765	0.26695273139
-0.915665446539	-0.726990942233	-0.719930605807	2.54580680237
-0.947286959382	-0.566813170221	0.397755216322	1.36704362495
0.763806313486	-0.646209058721	0.590988413727	0.057186764249
0.588351599712	-0.510439005046	-0.372682699137	0.374964180091
-0.024919313329	0.634577133809	0.328099086858	0.300660934689
-0.280378483233	-0.988323126573	-0.865298376716	1.95965231087
0.742246369511	-0.898547421372	0.395272845182	-0.314944661933
0.951915010983	0.607998532223	0.00824151532515	1.48998386941
0.686725190285	0.626636202389	0.533341282799	1.52058223227
-0.371682492119	0.933901095466	0.676097940981	0.879550221916
0.849722642204	0.941846105662	0.302971904762	1.89948141383
0.127822142298	0.595041221591	0.900055642938	1.43806831342
0.466234134669	-0.197495622502	-0.867509836497	1.04919777928
-0.810354715859	0.941380585982	0.788100051163	1.25682634687
0.379605879977	-0.294866237196	0.00372188954406	0.0310840595636
-0.394857879715	-0.304301427798	-0.413120689979	0.57245048205
-0.223852247514	-0.0856037063533	0.099435951936	0.0706478332867
-0.71929959898	-0.95725671321	-0.552379873048	2.03983914889
-0.461554273365	-0.476763156231	-0.628068268405	1.12699397915
-0.180625430534	-0.184036903515	0.320890360152	0.109782246076
-0.400276733722	-0.587790333558	-0.888615858801	1.70745821495
-0.642391888454	-0.629579958376	0.916315028157	1.07984405029
0.329838278229	-0.108738816987	0.091808004348	0.071372681493
0.330603874114	0.239473969722	-0.226467150966	0.185524326532
0.916688157598	-0.92537049725	0.0115364145508	-0.0185013667477
-0.544842041142	0.260939895693	-0.689613633691	0.45030107854
0.985152568289	0.857966579686	-0.555083916678	1.64762826741
-0.451748146131	-0.0882195935673	0.897751727302	0.970688296747
-0.339613726624	-0.409004808452	-0.721702105406	1.07027469084
0.145876702384	0.852684768203	0.334574590646	0.542893668434
-0.206958235213	0.242084814273	0.509675670584	0.375884294427
0.0407039507223	-0.666895759358	-0.828626085128	1.2137399307
0.837167267869	-0.769221388059	-0.465267194047	0.631249105244
-0.146836442628	-0.282180897678	-0.626922395636	0.632932594602
-0.868725456988	-0.33767498484	-0.551920006451	1.53901604847
-0.360265886003	0.118561230513	0.986191908532	1.17657654851
-0.866733238697	0.427846095277	0.189252557429	0.49718557345
0.928812404349	0.442804257178	-0.92492046194	1.71989371205
0.645349624831	0.028318382556	-0.495706138543	0.66643837555
-0.451017138163	-0.113510504804	-0.668893579291	0.777956710207
-0.327748174927	0.427755792738	0.271088184144	0.156671030476
-0.822548736162	0.287834311391	0.567115534703	0.924684013414
-0.22836487155	-0.784715978427	-0.232328090076	0.467639984133
0.765218138335	0.930830053465	-0.214978145535	1.14395432421
-0.340925461649	0.0554964830889	0.0797698279087	0.108100176634
0.568496968675	0.792597322745	0.194336523495	0.965575271351
-0.489926329701	0.526619501812	-0.328879199253	-0.0830096235027
-0.159045241827	-0.713394943775	-0.682441336277	1.09133383648
0.269733420143	0.660325966505	-0.234998326539	0.150916815674
0.485152252675	-0.0879871185897	-0.0166385150929	0.194426374671
0.764106202232	0.865735193449	0.673139524425	2.28124931483
0.612129451439	-0.306355439551	-0.2162467073	0.300184271646
0.0725523305679	0.533769771664	0.295251509765	0.288759866561
0.649425016623	0.115013720138	0.605305906169	0.932459363461
-0.541628143654	-0.455533740035	0.66830964933	0.682291133312
-0.701717566188	0.580811933415	0.70181661114	0.985011624858
-0.0851464720734	-0.900259647863	0.739697972474	-0.03486329107
0.603427029969	0.426057631084	0.896471490609	1.80682852452
0.341047046746	0.334756470099	-0.20769195572	0.204090516107
-0.878497218519	0.939497588304	0.570031305141	0.806890070093
-0.582737035513	0.737521142868	0.187264398483	0.0829809762631
-0.61670792618	0.686793239664	-0.853035948756	0.0985888387394
0.463064820718	-0.0483739716516	-0.34901211878	0.330721305072
0.505916136985	0.819494786843	0.649330469054	1.62429976687
-0.536427266377	0.38063671688	-0.213424219013	0.0478831018281
0.859912124688	-0.668545756601	0.697110219008	0.18447083882
0.164780449064	-0.164695955879	0.0299478167225	-0.00402148975006
0.47277241488	-0.373211592058	0.622891788442	0.202593354696
-0.864830607145	-0.386260627086	0.377487520484	1.07867025344
-0.481360995343	-0.202232307201	-0.500545446874	0.680827357489
-0.870089789495	0.957687534264	-0.17324462349	-0.212118420032
0.227573587607	-0.0377971621554	0.292436294666	0.117653826372
0.201437146792	0.029704615149	-0.0139902309688	0.0463406891655
-0.484823377231	-0.235212315497	-0.769740093925	1.12264229829
0.538957641136	-0.718433033963	-0.832937931753	1.1954660892
0.698108080875	-0.580231740889	-0.562058223574	0.72432389372
0.406610431356	0.203430565244	-0.233386008211	0.255040214031
0.125492135241	-0.870994352985	-0.697991943141	1.00158512846
0.956906599895	-0.875047480392	0.451950635012	-0.112887356227
0.131553522044	0.575279190169	-0.948208919799	0.446601628881
0.41787920858	-0.907832836251	-0.527254867042	0.551915542021
0.576189301796	-0.865092812448	0.583334514498	-0.33082245203
0.262603403971	-0.541480675661	-0.624243728076	0.654462026861
-0.348985870567	0.535537040577	0.0597307595021	-0.0295479246652
-0.844272970057	0.788349297779	-0.416974038301	-0.107638996779
0.420244845551	0.729516289452	-0.809478751745	0.547909104763
-0.245748193181	-0.425477565316	0.110786992845	0.130088895166
0.509102267062	-0.667514684898	0.683054036003	-0.070033904562
0.60166432386	0.86842633694	0.175873948305	1.06816631783
-0.609540299751	0.472125332809	0.114272172037	0.150768876696
-0.205807945184	0.878167267409	-0.113508098693	-0.225171898922
0.287237263719	-0.947797490617	-0.916865432167	1.51990746445
-0.480790230194	-0.508315725937	-0.452560213093	0.910406700057
-0.690602238077	0.694699067065	0.985774504461	1.65373872296
0.409560794759	-0.465652068033	0.006881304356	-0.0261297277156
-0.149815329327	0.303883983818	0.614981316528	0.542003145908
-0.262269942568	-0.614895917823	-0.640910614054	1.03491397531
0.270852878863	0.881756796803	-0.641581548595	0.158095641179
0.252902128246	-0.389193268618	-0.988167689631	1.32659527644
0.508165408051	-0.449873185163	0.0630591280671	0.00522993406515
0.896141022192	0.288843402495	0.625748897897	1.63421827762
0.0779969336774	0.698374384634	-0.111616185383	-0.0049371297191
-0.854893775826	0.0310988126256	0.914300679817	1.56863658524
-0.526161202907	-0.586835989087	0.82796157861	0.785258665115
-0.397758396159	-0.64576932801	0.89872622078	0.642410906173
0.956759091696	0.667701102453	-0.472865144515	1.46208592644
-0.65076196093	0.743335802212	0.555408332526	0.66108977977
-0.182386883049	0.768497687145	0.385927419263	0.338625379368
-0.114164518479	0.322405078172	0.397804095568	0.262728475754
0.327541772221	0.397245483052	-0.946697807235	0.757563412559
-0.246714028481	0.716935671365	-0.0786413884204	-0.166206624426
-0.492576699593	-0.668335392838	-0.979614071286	2.18619273083
-0.580759710172	0.702392117532	0.241539951476	0.157358104499
-0.514060780724	-0.250284844742	-0.99923471073	1.64148342053
-0.482357633053	0.39305000567	0.273465128369	0.225346862448
-0.375483740458	-0.683810162598	0.780681329222	0.473373148087
-0.525495305693	0.0071475839166	0.51548603343	0.541799624853
0.557350498269	-0.225808543718	0.822000237511	0.674854787465
0.558958051831	-0.556665928316	-0.989523709001	1.53127250563
0.140143701009	0.0209533397647	0.945914445924	0.937150941298
0.897219509591	0.775608743284	-0.690319957383	1.44201759363
0.39018080286	-0.00793209659736	-0.13104239229	0.167357656593
-0.711691998352	0.590016269403	-0.205573599879	0.00756437916572
0.312618169131	-0.196514446066	-0.775178610156	0.789531806154
0.510041667042	0.387014769026	-0.465250266363	0.493935246058
-0.752505873877	-0.350047558848	-0.778179388963	1.70764089125
-0.996797394017	0.635904802773	-0.371041809505	0.261461550179
0.320168307218	-0.534657062719	-0.840538727135	1.087232817
-0.434352428705	-0.0701869702703	0.197883788022	0.244417043338
0.545136605424	-0.14862172449	0.921125366756	0.927727476995
-0.0732055198949	-0.898652175149	0.696495941975	-0.0696556482215
-0.504201952413	-0.392408324836	0.21004197461	0.413768064039
-0.687111274527	0.887697952039	-0.751456416262	-0.240204943858
0.561685067942	0.386544542411	0.0537846077299	0.556289343728
0.659981104694	0.155559757867	-0.561546668856	0.766222156862
0.130353441538	0.364609073324	-0.725911585137	0.326793746309
0.474419101354	-0.712061265959	-0.05348887929	-0.071793562866
-0.51139248697	0.839868947367	0.977426082192	1.60829116694
-0.66354418353	-0.0220456803187	-0.818958543483	1.14366676063
0.738818114259	-0.289078732741	0.366002520228	0.360429901847
-0.708459543513	-0.575543624816	0.520083153338	0.880820241611
0.0104379190761	0.0626130581405	0.515028673515	0.29826455501
-0.781319858452	0.371904564472	-0.74006723213	0.592349425968
-0.1487300613	0.585568735311	0.316682591689	0.220756245825
-0.814040587713	0.867240393276	-0.0354335235088	-0.0727806492619
0.854583118419	0.346201776389	0.226971196999	1.15626425581
-0.53045845859	-0.196593039971	-0.88737195503	1.34755075404
-0.874698449907	0.516249625652	-0.979521885642	0.767319948618
-0.854561676574	-0.748991202067	-0.626389086252	2.23185803849
0.670981663947	-0.501981537289	-0.980601072952	1.56721808453
-0.519356268946	-0.707431587841	0.879081071145	0.788033775734
0.225197999212	-0.414618438188	0.496610910232	-0.00193874769344
0.648578185157	0.384038331866	-0.252766930292	0.636551477363
0.143822442122	0.701638218795	0.208100568361	0.310913375639
0.687551869539	0.021299462411	-0.636703728126	0.879202248794
-0.469839487347	0.456122069626	-0.553386858511	0.060270040475
0.59572552205	-0.587101054811	-0.39933459112	0.399055690582
-0.659376013157	-0.158903384121	0.523412758542	0.730342663805
-0.949055305387	-0.214689736365	0.125984607469	1.09328292515
-0.771039196881	0.668569172558	0.0579520590972	0.12111180661
-0.182573631285	0.0844826079468	0.787285980384	0.70424002206
0.222522963419	0.798487216649	-0.034557367061	0.200798806729
0.590520692547	-0.538455060353	-0.398186447063	0.403703787191
-0.282281301181	0.28841262431	0.56097399989	0.47475305416
-0.567458537594	-0.890970846364	0.201672478328	0.688585695215
0.927506457527	0.0186367099956	-0.592767403312	1.21787985786
-0.493778646271	-0.21215303576	-0.689285130263	0.969921914005
-0.968306468863	-0.552002303596	-0.260644384541	1.68393661492
-0.234691588915	-0.303217838554	-0.715357661431	0.854888605885
0.111166893082	0.908574572115	0.255817609417	0.411233514736
-0.317791755755	0.295774109522	-0.186077666567	-0.0134150316817
0.989097508142	-0.663661489892	0.968991680573	0.617750369309
-0.849367203276	-0.743323111908	-0.231984264545	1.57903488312
0.118909773374	0.0250646310621	0.0193779553924	0.0179811702611
-0.167434883388	-0.275270682529	-0.541330901427	0.516176026354
0.481019510231	0.262101690363	0.634850597652	0.926886492064
-0.718728250055	0.484760694826	-0.0980907433927	0.130230348556
0.429476086845	-0.81040526057	-0.497142584056	0.486437743358
-0.5396728183	0.839247198687	0.942059783167	1.51642551893
0.0107446270975	0.554560079725	-0.918587628163	0.340465190577
