-0.123011150045	-0.553285199138	0.273011264663	0.00667405038096
0.888563369644	0.747287526397	-0.3449950956	1.3147682688
-0.0756879335439	0.614241064091	-0.975102768185	0.31111527304
-0.344531812234	0.849042142149	0.316430684621	0.194971506226
0.0720911027993	0.114700159365	0.397014289207	0.21662393616
0.530644994015	0.529368141525	-0.305737659077	0.494118403763
-0.565451647422	-0.501123414901	0.971615210367	1.06023361092
-0.261343102127	0.886279113793	-0.0746021268091	-0.223875545431
0.730303199485	-0.114396887246	-0.176256234432	0.501027775164
0.195622886274	0.310066067635	-0.151424584519	0.0749021120521
0.788543053796	0.777677671696	-0.38571573009	1.08384658732
-0.75178579995	0.606307286934	0.828847020374	1.29889205167
0.0787656775066	0.767209953189	0.330359110894	0.429225783861
0.511783091138	0.737287283944	0.182992658472	0.80765757081
-0.494651482258	-0.919299909479	-0.63793067329	1.6928183059
-0.774213409821	0.0886148531698	0.981877428864	1.58189180581
0.995141240335	-0.668672488443	-0.660365484676	1.20253332396
0.600262290838	-0.349351716617	-0.804154560783	1.07820948994
-0.0828386577006	0.667612215677	-0.935494592403	0.202160658226
-0.463906206125	0.17651270011	-0.615237353958	0.403243426189
0.317124010955	-0.779047421561	0.86119894513	-0.0757381992873
0.0610694536625	0.768841800295	-0.100716541371	-0.016609038414
-0.0390908841568	0.361194865149	0.710894057132	0.749550314159
-0.0121124856948	0.884224591904	0.308299955737	0.357091819842
-0.770030458452	0.176865743914	-0.125801230961	0.450330918485
0.680444808892	0.781041253127	0.244986719737	1.2458238316
0.204718488222	0.491179156158	-0.531081730872	0.163654642161
-0.775370298873	-0.471779294115	0.661145465326	1.09220133804
-0.256873830237	-0.877682363726	-0.566445034586	1.10945658925
-0.445733459267	-0.336692357905	0.936453006207	0.910401028215
0.164540454657	-0.270893439987	-0.799145438292	0.837617319811
-0.00980780722954	0.777440872866	-0.418168515635	-0.157765185463
0.501253975267	-0.745384601888	-0.215083972066	0.0842099488522
-0.365052440618	0.324983583807	0.42122869934	0.328953263433
-0.0345279001413	-0.0137469544598	-0.835867939887	0.711832680794
0.803176534258	-0.902853821501	0.272514220664	-0.251834963188
0.321617315132	0.377442479269	-0.559348855178	0.326578857306
-0.23699236162	-0.976082702671	0.295662365912	0.0863148377276
0.722286342281	0.910654945841	-0.136174852983	1.07398647737
0.866913667302	-0.696335155654	-0.116893811945	0.242938277102
-0.409501254865	0.16240782842	0.5921959433	0.54805836061
0.077604265452	-0.826387092033	-0.493151203983	0.592623158142
0.930249849319	-0.284111332747	-0.759519434746	1.39372810829
-0.74022968322	-0.763022860677	0.418750593899	0.968587938191
-0.203402259262	0.23794220594	-0.46221461995	0.0966364854182
-0.215710925648	-0.536638688003	-0.641358888898	0.917809248617
-0.255542168374	0.736360052545	0.472993495417	0.449147117131
-0.562352005772	0.0427748839952	0.387345688138	0.458790585579
0.207582282406	0.0109360681663	0.880040698958	0.829456354855
0.522322430061	-0.888898537373	0.257417339089	-0.354025132921
0.775022224223	0.936020902784	-0.836873909308	1.24312291801
-0.459572459579	-0.668750903018	0.587128797619	0.470623654347
0.163791649443	0.402194702504	0.194418723572	0.208696658911
0.3848396382	0.119049117848	0.777386466045	0.890793257171
-0.730762360934	-0.441573112091	-0.364298661563	1.15027664661
0.71547444111	0.905272852931	0.425642271303	1.72609700078
0.118834644961	0.777382260107	0.510355108944	0.763704962995
-0.478091268853	0.540913593426	-0.270427409813	-0.103181682892
0.716112763064	0.908097126264	-0.125533366828	1.06487956816
0.608711607575	0.461585456253	-0.288721802086	0.601592740559
-0.0232854907414	0.269368659641	0.359037011609	0.219890726933
-0.812436603458	-0.818450649769	0.00252680587734	1.32293081947
0.514906641157	0.535801215253	0.344917577526	0.844791845667
0.107950431764	-0.417488759289	-0.739849391744	0.822841130979
-0.636047064902	0.365367972068	0.128515687838	0.235636440792
0.138112633121	-0.279161694114	-0.424986827932	0.279773189565
0.621686691704	-0.974947268055	-0.672478523604	0.8882410651
-0.865635581371	-0.395236117654	0.545341553437	1.17331413775
-0.959155174347	-0.128256957898	0.325648992983	1.10727749074
0.608337361947	0.130423797647	-0.296446121728	0.498632689031
-0.179386892313	0.236324577475	0.619342932282	0.519737750155
0.695892390515	0.206359815505	-0.850823225807	1.17619488216
0.0455888388651	-0.61576352461	-0.478513857023	0.497633288664
-0.850704348245	-0.633896213417	-0.1195357335	1.35301819363
-0.479513228198	0.79236647971	-0.420376808449	-0.306393103365
-0.797472872628	-0.551882157285	-0.923941005801	2.43964756959
0.496959567434	-0.423557440489	-0.551302256089	0.573920239349
-0.447647482429	-0.228777119292	-0.0736196533082	0.325062115573
0.641948758366	-0.357930123381	-0.928294369771	1.37632036534
0.0936625658064	0.393521533643	-0.659968177985	0.221477219171
-0.220502931344	-0.0237240741433	-0.794916274185	0.704603306214
0.721892925195	0.549680937885	0.0447120951754	0.944516733486
-0.614005262414	0.873806839009	0.00937159306849	-0.151242746341
-0.221217518902	-0.245879285726	-0.460947657026	0.429140219391
-0.76412733564	-0.0456041608752	0.92573994739	1.43351482772
-0.796862340391	0.738455053288	-0.224883723179	-0.0689512653367
-0.56571743485	-0.316557272812	-0.212132893555	0.611270759236
0.129213613875	0.53770627233	0.735531317171	1.02268124994
0.701267360518	0.867932745541	-0.16961496978	0.981983668069
0.0596822545972	0.426813883207	0.294173201032	0.24113026483
0.267836122917	-0.773491835844	-0.280440907276	0.160132989007
-0.155821703107	-0.450589363358	-0.064334606382	0.12761943607
-0.848248733082	-0.859222519479	-0.454204366697	2.0449245538
0.261918334742	-0.691363535165	-0.575214282598	0.616074079041
-0.927401442132	0.459903278304	-0.768900867293	0.671146985493
-0.734800019622	0.603864779489	-0.032979427305	0.0773837450469
0.9607355439	-0.479101119219	-0.684668391573	1.25951951007
-0.237650337506	0.482445275374	0.589748575788	0.574149197088
-0.378456727956	0.175744121912	-0.986016614386	0.875660089359
0.730349704834	-0.343960988222	0.780391599103	0.622785667452
0.49617791026	0.0149510156931	-0.0906538996225	0.260473643994
-0.490874515619	-0.761600377112	-0.376775644786	1.04372036595
-0.681313497104	0.312502994277	-0.743243235496	0.571420343992
-0.73149510641	0.730514276017	0.0760350248341	0.0620434687528
0.579723467819	0.368564847575	-0.356260810903	0.545361544611
0.589086311566	0.00146388241158	-0.219167165256	0.395598446932
0.414622230166	-0.761323820413	0.954707767474	0.0408749698135
-0.152388016151	-0.979554951914	-0.408070918385	0.738744306566
0.399188133519	-0.27278899263	-0.679685655042	0.697840391944
0.513513696382	-0.907171971809	0.592789004736	-0.388511682283
0.971248689497	-0.273957952881	-0.843831486943	1.62046863923
0.421220973255	-0.837845080447	0.698076304694	-0.273060082402
-0.317020933343	-0.415490030548	-0.213281152023	0.366326351635
0.509856548425	-0.385695270608	-0.636792089461	0.714416303021
0.180505192505	-0.922624226859	0.560196851033	-0.336987013824
0.176083996656	-0.356875356521	0.597086744276	0.111592570247
0.595241738952	-0.472015444034	0.966615217171	0.551437101196
0.535446104843	-0.00702893906277	-0.892330475128	1.08546472652
-0.648121773499	-0.827496259813	0.510603029014	0.794573533237
0.143812683991	0.213053247909	0.158768739783	0.110355555901
-0.0259618788802	0.82619662279	0.128939420131	0.102379090023
0.715084594372	-0.413671299157	-0.324816032903	0.455408529496
0.709945506261	0.499631650296	-0.727848049424	1.02484072772
-0.736484228738	0.0639531901562	-0.279790899825	0.555697930257
-0.842012793556	-0.670375481931	0.958983611442	1.55022074311
0.328286099002	0.716298334031	0.438486700848	0.849280428732
-0.0383664475596	-0.48874310008	-0.714709516578	0.880342358694
-0.861329882685	-0.247040702717	0.0232291061275	0.949473762967
0.396847233	-0.0125693779782	-0.856002819043	0.895999852661
0.384255314097	-0.720078969664	-0.289304035392	0.162976552368
0.483841905981	-0.109171681978	0.474833462658	0.354909604777
0.22788455166	-0.97114645432	0.684028912864	-0.3657746052
-0.707392809181	-0.173133701984	-0.32088176878	0.781398680354
0.993335936354	-0.0636600561628	0.761272684279	1.45455389895
-0.0782244897963	0.911173621758	-0.572686192795	-0.259004097876
0.400674883438	-0.00949612328885	-0.919919327291	1.0117227402
0.231290710194	0.402824363283	-0.367091748022	0.133547777491
-0.759057521784	0.587897470884	0.109035759928	0.205910968506
-0.369154642645	0.797080232957	0.324321037385	0.205723304952
0.684289707317	0.515714794502	-0.464481575831	0.797353843185
0.757904954922	-0.393504335991	0.826607414677	0.634187250826
-0.0951520179962	0.395405840663	-0.321307988924	-0.0523779888636
0.61938071582	-0.129373713277	0.201429586062	0.31801507262
-0.31473525646	0.51265060724	0.948025000959	1.32246605618
0.157691906216	0.924091720214	0.565067621115	1.01206424863
0.997642959817	0.0774560291061	0.39993514788	1.26349044837
0.529775626241	0.0325258988666	0.0452402024292	0.301411796765
-0.147901084468	0.511964293018	0.11494710784	0.0182163090411
-0.568530352848	0.554067825791	-0.200978785398	-0.0627410208648
0.914755686128	-0.44218253858	-0.512235573418	0.92117588271
0.0469646387183	-0.729217194588	0.110769371007	-0.10054682122
-0.999351266696	0.69022070518	0.971571997732	1.92348127441
0.346783287361	0.122714311666	0.30708052435	0.294795544405
-0.712487929319	-0.234441714708	0.651122152884	0.945985805252
-0.0491285039821	-0.694064185714	-0.987760381831	1.69775162203
0.130441685915	-0.846267807072	0.244386164129	-0.240465112044
0.926171988482	-0.223961421632	0.232326166668	0.652311106181
-0.231920799404	0.588278213981	0.814611784161	1.06016402791
0.861421595136	-0.307746447738	-0.412858374448	0.774455464165
0.731032471503	-0.575701813774	0.961673049097	0.484729889357
-0.0807862629681	0.351356393096	-0.871809890875	0.43187815742
-0.190490998545	0.28453629884	0.143548510862	0.0435361537938
0.760844306844	0.710038272311	0.729276404495	2.16877086882
0.0811690231934	-0.798268806279	0.524016805977	-0.201918946156
-0.85257253922	0.976831033359	-0.0433158224995	-0.146375359043
0.30182857217	-0.661695994194	0.342270361397	-0.217948196937
-0.367143799525	-0.888244933728	0.502450826268	0.267065621345
0.218917989407	0.110373370519	0.321714433998	0.211096685911
0.0739041044138	0.74141475659	-0.734298613599	0.0550300363014
0.169544562516	0.905635163046	-0.785301302576	0.0877925388246
-0.0718615479491	-0.91832420985	-0.47926784507	0.740977213761
0.0161467729062	-0.143526550856	0.793106173759	0.513128836924
-0.865264021127	0.00355979817621	-0.924143217999	1.596352585
0.393572975542	0.914458531717	-0.237239692736	0.354142663139
-0.280381602889	0.809593603422	0.188354984002	0.0395872812418
0.461703357782	-0.912088878682	0.625557030392	-0.387186519425
0.218872813071	-0.675419421203	-0.43572027859	0.384220459126
-0.85164537365	-0.374294615732	-0.995788631152	2.40837944131
-0.885354357209	0.200812681219	-0.997430299869	1.40063250578
-0.747527547996	0.713517020183	0.699142554118	1.01307422934
0.256288217979	0.759302985991	0.703261534722	1.28884942933
0.0149846031846	-0.192847867182	0.617000903281	0.25903759597
-0.340358439084	-0.499796532363	0.692968150897	0.419815613973
0.0109599083153	-0.115040443753	-0.899499659458	0.911437764218
0.8191564635	0.372006578248	-0.363768107871	0.97275201195
-0.71089898668	0.0200412034281	-0.107964404818	0.500622674162
-0.644801164651	-0.233059466672	-0.572714392934	1.02752384433
0.672573576474	0.859706994266	-0.223840324894	0.888238821763
0.190311255589	-0.004248561281	-0.996932215686	1.03351919526
0.52379694169	-0.652943287404	0.68596005393	-0.0449982779691
0.611433913431	0.18098123343	0.363671203466	0.682583901504
0.676012763809	0.800635663385	0.928755635883	2.60441510029
-0.994606844501	0.319597913208	0.581681464782	1.19562601193
0.7798257964	-0.611275184829	0.143628991376	0.0642725638149
0.538799735553	-0.902684257129	0.732007717145	-0.320997428401
-0.784291409242	-0.839681154483	0.326888575161	1.10604169497
0.323432419745	-0.486374330891	-0.932723653068	1.27092555906
-0.0525955700637	-0.569732427441	0.00425373645492	0.0303262984731
0.136566250827	0.276661433591	-0.307172850193	0.0658052344002
0.818222547889	-0.858641171528	0.0215425164677	-0.0511046407775
0.476700154383	-0.888571536237	-0.25909867056	0.101020673507
0.265507875899	-0.0142733535462	-0.100876366782	0.0783206298051
-0.804524915598	0.389154367733	-0.649993325346	0.503719536402
-0.910684808417	-0.934283407902	0.714130309827	1.52296652648
-0.427873894484	0.599836544242	-0.915237686663	0.215088683303
-0.345615132821	-0.5625707818	0.471385479377	0.270899368013
0.549053670689	0.38976827222	0.649536134777	1.19052940125
-0.940508408879	-0.872370255789	-0.653611726489	2.70242734643
-0.277954382598	-0.0697919480379	0.827054953785	0.722955736854
0.432603053497	-0.312603039804	-0.330921409144	0.264868389808
-0.134957373096	-0.784034120139	0.341501475909	-0.0271008733184
-0.229323303829	0.178093835766	0.0179487497196	0.015266830171
0.408665794367	-0.747309024134	-0.178783239188	0.0271778701239
-0.675764450001	-0.52251541847	0.637106428502	0.882761605406
0.334342806431	-0.354376844093	0.76636801225	0.309038616229
-0.260447257001	-0.136663797523	-0.57083609577	0.507292961721
0.662417049298	-0.757920814992	-0.172499312485	0.0972335096437
-0.222357239459	-0.189020614141	-0.0567150658882	0.105409759185
0.842266574867	-0.130389676313	0.608451349894	0.890467387695
0.130777224697	-0.612512896541	0.0660036360454	-0.0990716525264
0.892260965879	-0.928455852741	-0.976366192488	1.82750856296
-0.323563421529	0.749238969872	0.0904605997447	-0.0617733102102
-0.122698312987	0.543760052793	-0.691230952459	0.0502728852985
0.994031870279	-0.969993925375	-0.658568205661	1.09641372377
0.336261237364	-0.31132476796	0.228682928125	-0.0105136098619
-0.227169542795	0.812856350239	0.711276686904	0.951030092792
0.300978349744	0.801637952163	0.360515090206	0.750837343851
0.991160610838	-0.64900267553	-0.0796437811453	0.397165627091
0.803111858354	-0.815613279373	0.00402115083981	-0.0133035738366
0.697865759305	0.139740125377	-0.0986789453288	0.58048459277
-0.529965591498	-0.430177608479	-0.0672485852295	0.542294066682
-0.291941530969	-0.410387323465	0.26862318739	0.166957826917
0.388196407812	-0.787060749638	0.360464841887	-0.308610531139
-0.654309698762	-0.917941764189	-0.173622817214	1.2182598989
0.332344914587	0.952900137987	0.332925591909	0.855228949439
-0.597602489178	-0.378406054997	0.346299239712	0.572146569736
0.371746231087	0.826463620138	-0.768098765469	0.400600023426
0.213759496291	-0.313359759347	0.622833100993	0.171459738991
-0.447581410547	-0.776558667456	0.869049917514	0.628281856053
-0.626859819692	0.396026169419	0.101021408549	0.194912786831
-0.0914929434986	-0.664666598706	-0.418211607773	0.522055498024
-0.330060738492	0.540135511109	0.574522412066	0.571058524063
-0.296224809853	0.357590422603	0.888085773332	1.08808929082
0.00349380780984	-0.31526970024	-0.124194815508	0.0534899294077
-0.647785745612	-0.80254747601	-0.292302326748	1.25953233214
0.270652166727	0.0359272115086	-0.0306284805662	0.0828140809159
-0.0455528452667	0.920503987749	-0.643869182001	-0.217973140099
-0.844598240093	0.911083975454	0.475966361283	0.604035566615
0.512240147046	0.849596440352	-0.036602982316	0.667829388614
0.905525720875	0.915355180703	0.589336117698	2.53562341916
-0.308029591824	-0.159663594492	0.60982766681	0.418585847184
0.734506523071	0.797209995454	-0.215468009593	0.999708986562
-0.126528161291	-0.704030672109	-0.458872379141	0.638713171871
-0.958744255714	0.130604995462	-0.294481900249	0.842232541026
0.526549428612	-0.204965531383	0.383919198995	0.238033566064
0.0993026907571	-0.802533552766	-0.1959033605	0.125764429735
-0.396217898747	-0.179798425997	0.298022471055	0.263461399881
-0.522280774773	0.935231449921	-0.633551404525	-0.406806015037
-0.925566188141	-0.0472475456319	-0.945137094411	1.83834303457
-0.343830284411	0.269602478799	-0.541412392838	0.172683023471
-0.982803127201	-0.7054063719	0.355863582386	1.53478802581
-0.252561263324	0.183230048872	-0.576633262737	0.244359757892
0.863961250914	0.65593182146	-0.807223701222	1.43525511121
-0.253053310309	0.972262807664	0.9570054924	1.66432201536
-0.32947439865	-0.815254041787	0.881247723703	0.435315496497
0.991327600795	0.149540299373	-0.286797944915	1.17033904896
-0.244279944858	0.0541760918845	0.724213913515	0.610159430773
0.899703232055	-0.840614120027	0.335499834999	-0.116303094211
-0.684681760718	0.352033195228	0.695633868453	0.95655109788
0.37721370735	0.0682625663554	0.337180858877	0.304747519087
-0.460576377258	-0.0201624538548	-0.921339144227	1.08885922591
0.660296989938	0.59796474977	0.541480118287	1.44781318122
-0.559921578466	-0.246031611303	-0.840074680058	1.36368097741
-0.544882352442	0.534224078076	0.123294738001	0.0868761157683
0.0323119353433	-0.985320597949	-0.990019863629	1.9248327401
0.482516779144	-0.0234773157777	0.286981803737	0.297115236611
-0.934081069238	0.678674847787	-0.66793951518	0.231399563567
-0.0289930693225	-0.158013476182	-0.332763965434	0.168734941355
0.439404195814	-0.336198688386	0.0390490096569	0.0337455323208
-0.721847318353	0.533701489225	0.031355437349	0.153530169275
-0.500421240886	0.0297626021433	0.137133255532	0.258414552331
-0.639025183557	-0.416514763385	-0.229459937558	0.822741922889
-0.146114546477	0.173014048599	-0.625673475614	0.279286588417
0.109183218668	-0.651515754057	0.896754781037	0.160705658139
0.234688808207	-0.120193610885	-0.495415899777	0.331853481041
0.889859518458	0.38335508111	0.821268694577	2.12230192618
0.840085415514	0.472424047715	-0.953826175725	1.56179400853
0.874496350279	-0.673590988506	0.688699617526	0.18609631265
-0.750227202178	-0.809947915472	-0.985443624216	2.93974295918
-0.145771459522	0.326140890143	-0.699071976802	0.234412956807
-0.139209219292	0.687372135504	0.642757386819	0.778641244288
0.152830073821	0.591638069763	0.0169775525803	0.12410992507
0.864690459173	0.114809540445	0.924160518677	1.80713941316
-0.411382578161	0.278820658723	-0.725280948871	0.378342807056
0.937656289168	-0.112161416596	-0.953430437851	1.7899981673
0.579319578163	-0.113890472389	0.873362442633	0.932926488266
-0.871664933422	-0.11062727401	-0.466101517301	1.12504383629
0.630169117231	-0.753890256836	-0.726028509007	0.996497973689
-0.434193418039	0.517765514668	0.977880503557	1.42627662716
-0.248352297828	-0.980738983643	-0.0309824253566	0.33659322703
-0.656839477413	0.138656996083	0.843003605233	1.16790613627
-0.067161066673	0.674257279157	-0.915048515345	0.179562433978
-0.953912537802	0.295799049689	-0.961253900269	1.26745377818
-0.373264026756	-0.819688588597	-0.825220503791	1.80269900685
-0.727680623716	-0.467838911475	-0.774964244221	1.8330844093
-0.691418964441	-0.890249671448	0.206461734903	0.952419646631
0.768177421852	0.0441819928093	0.948306891206	1.56522020893
0.574143962157	0.583191456379	-0.764717672139	0.803293447892
-0.925736833878	-0.100532130502	-0.725353517881	1.54911404222
0.939643501385	-0.555220146205	0.405593347916	0.30053327342
0.477590655142	0.289857466999	-0.297688831997	0.36885736134
0.207864796011	0.901480833169	0.95761533898	2.010892914
0.787135497733	0.167916852654	0.355276468195	0.937633882398
-0.0346616761272	0.645103179655	0.0731147982042	0.031353436828
-0.0908029272619	-0.260579865557	0.896614768263	0.602184873074
0.154926183717	0.242654103273	-0.38532829705	0.116572000706
-0.162897017864	0.884658643877	-0.643611451371	-0.272713549903
-0.499536772949	-0.425698770651	0.531243249551	0.518258969611
-0.692509026753	0.452830319125	0.857126306785	1.28877795337
0.988770797506	-0.699437643757	0.787117419303	0.35509845183
-0.60875495215	-0.508702942749	-0.719553690802	1.56405462126
-0.897009603561	-0.720828637243	0.203159119372	1.34604715563
-0.258639368343	-0.747007919786	-0.641829631867	1.15149707388
0.756784528599	0.991553884887	-0.436214926052	1.08086831922
-0.194304412303	0.954581287727	-0.858072451867	-0.23053672488
0.816434112903	0.140429293191	-0.389352918779	0.8781350663
0.99410058576	0.0271606490552	0.995171781111	2.03263277716
-0.705777589976	-0.278801887866	0.844615346143	1.17278886093
-0.0882971557208	-0.872629085907	0.242068277986	-0.0677917149459
-0.551437477152	0.277848570482	0.613004081506	0.696963488161
0.803678122387	0.46810853573	-0.412738461763	0.999253754316
0.640605550471	-0.822132112794	0.77426736279	-0.153347037139
0.460164935898	0.160023747153	0.336509875453	0.452477553083
0.333025484667	-0.139905685471	0.462405344873	0.213439380954
0.636780715818	0.33599252555	0.455545294785	0.980024570665
0.0261124129863	0.842494784021	-0.643732106218	-0.105268487369
0.616968594411	-0.838203000449	0.444000033594	-0.311520811055
-0.578837934466	0.410021381908	0.521458284001	0.583445212752
-0.338636286802	-0.227229326884	-0.432703681217	0.477178072209
0.175975716663	0.770881426109	0.150770348572	0.305581623608
0.672374379852	-0.359297064426	0.624960635894	0.376534440363
-0.0898671634901	0.652604612937	0.646558037183	0.789412434671
-0.545423154847	0.288766711553	-0.427616418135	0.199360781201
-0.681359795473	-0.278325939027	0.0729249305983	0.638912421494
-0.665446427695	0.221695016713	0.364061022266	0.508543733572
0.623550883024	-0.845123932556	0.596299050777	-0.286536111504
-0.831643941564	0.889486180403	0.0326225460837	-0.0180226130733
-0.109694486804	-0.761132957798	0.297783076355	-0.0424527834944
0.972216177185	-0.12205548615	-0.0336360264101	0.831776820858
-0.82846277021	0.432185463443	-0.926960859043	0.786938421073
-0.63553886534	0.549925865758	-0.448515046789	0.00892611039743
-0.55903607129	-0.0127757873306	-0.264157691066	0.392817563193
0.752966513132	-0.744339227397	0.531310972341	-0.106688192072
-0.671580584128	-0.227893321847	-0.844612955436	1.50992190776
0.00194986498754	0.81352296079	0.231430520399	0.243424189856
-0.303668143442	0.471430321616	0.0813390504408	-0.00598229335012
0.00710852932778	0.539659580708	0.692502217064	0.857161493883
0.996434314968	0.592107717832	-0.478594357158	1.52855093837
-0.421837040584	0.927731717446	0.351264164799	0.235860307024
-0.777811928111	0.749314181004	0.527359018518	0.695431013092
0.0221102946004	-0.0294823787759	0.3676114808	0.124137140943
-0.522475868289	0.766743654763	-0.553966692241	-0.245495373946
-0.246553945351	0.557028279579	-0.940580812012	0.284213480371
0.216007475085	-0.0646152621028	0.797708089174	0.617495927943
-0.594776097765	0.956411209978	0.19956780014	0.0156042672
0.456050223517	-0.769505479772	-0.747782716612	0.991650549699
0.988439848737	0.491715577821	-0.139739738132	1.41385959427
-0.266113964107	-0.598657903187	0.503413914675	0.182180720548
-0.7564253239	-0.520961305936	-0.920800559458	2.29382272748
-0.345368085205	-0.0848225133518	-0.794015623737	0.846385314881
-0.121023970682	0.993267379888	-0.852829904737	-0.225331639337
-0.361090074691	0.776158749663	0.198837922778	0.0439891342157
-0.808669476807	0.492723359322	-0.405204359491	0.220032901256
0.555046585132	0.417066776863	0.0812142152284	0.580035701673
0.157464375825	-0.927664916101	0.820560747871	-0.209164623718
-0.0390611587353	0.190132933281	-0.736541183053	0.396551140151
-0.125854384553	0.823010188432	0.176232432328	0.0883588429082
0.919889311049	-0.456986139148	-0.00255008171751	0.426991534798
-0.762450073219	0.839264850703	-0.563492814469	-0.213962993566
0.972303322508	-0.653469790147	0.870525517652	0.498955452386
-0.440685087605	-0.658834298126	0.337707994009	0.376094876837
0.935679794213	-0.973358548496	0.580098434055	-0.263384825617
-0.588224965732	-0.452416657911	-0.680263209656	1.38265182563
0.45919507805	0.255982459306	-0.513308296091	0.460493491907
-0.319582656029	0.475425461876	-0.969236993109	0.428815745879
-0.0104875337169	-0.330835296698	0.923449430368	0.550828818858
0.812066846457	-0.436483974436	0.689746286253	0.479685137489
-0.997622582763	-0.289118999428	-0.762691449676	2.08588929679
0.329632204368	0.276755777529	-0.968530977113	0.869890717171
0.706821333563	0.994818224047	0.729360543247	2.46030310372
0.820643952254	0.605186775205	-0.791625987442	1.31768948891
0.474460361336	-0.503882549457	0.609934179507	0.0507248519531
-0.121690836694	0.385034522808	-0.820434857712	0.325171098314
-0.287878535106	-0.991914334228	0.910169402813	0.294023161054
-0.526184723396	0.496126099211	-0.793111602957	0.251359037784
-0.27559276928	0.418656670422	0.353528836696	0.233562467345
-0.984079997287	0.281605361556	0.671402208972	1.33114262564
0.780655959424	-0.530270794143	0.154817645662	0.137337898924
0.378170724607	-0.867510802276	-0.678290082984	0.863447318988
-0.226529265387	-0.201826548597	0.365166086804	0.156681187854
0.786188287886	0.127196019592	-0.167226416464	0.724786184696
0.660390961607	-0.783129299254	-0.298085214726	0.24123877174
-0.403081574966	-0.898186973731	0.34343521561	0.333996086402
0.510843676137	0.811061270363	0.863177277872	2.12045145495
0.154672830136	-0.902812987329	-0.238021707472	0.155826466548
0.0903573103427	-0.186924165482	-0.21802926639	0.0795661783746
-0.810630871344	0.187321527964	0.567281591394	0.933346254561
-0.0411355185533	-0.996515383071	0.230257645033	-0.133752394333
-0.264302880481	-0.196281270608	-0.676851466196	0.712714890927
-0.606876515507	-0.668497772566	-0.888946574627	2.15847952152
0.703741418385	0.658357310873	-0.329125357385	0.850206707354
-0.856096452074	0.507046935991	0.696228886726	1.13657543879
-0.84484730049	-0.670354710021	0.994772930212	1.60283679179
0.869794319251	0.890967247223	0.408268745792	2.06193785743
-0.315914939378	0.593613770976	0.256081991233	0.12986257318
-0.888869950422	-0.102010728795	0.332297110736	0.957287559571
-0.781086732756	-0.224114980824	-0.626014192449	1.31734265011
0.575963413439	-0.267987564443	0.223583207067	0.167454752615
-0.710997195208	0.694866801962	0.662579747201	0.910885255739
0.219554351105	0.452837942597	-0.658709556783	0.283236253466
-0.95280654679	-0.685536483252	-0.155157851652	1.69146429181
0.552139487251	0.021910889449	-0.60686133226	0.671939685678
-0.40998170745	0.00840545342423	0.997232650838	1.16749407079
0.341992133219	0.517591979605	-0.8161417967	0.537629988554
-0.281497231509	0.713083271616	0.73824300199	0.949941189646
0.163172053853	0.934488280886	-0.711792287189	0.0205942005511
-0.848728350799	-0.0859915829842	-0.266722105375	0.887399845413
0.636413264611	0.612055119476	0.186168084501	0.943145524969
0.994609424797	0.543248014118	0.0125680555728	1.53655302999
-0.0795077444918	0.299204277849	-0.686590838325	0.248508487474
-0.679243103541	0.994574679203	-0.208582981304	-0.378131289726
-0.749559289128	0.409394679728	0.0851775059697	0.297099968108
0.875493850878	-0.848676997871	0.614784086212	-0.120315650057
-0.629954548684	-0.0734442603274	-0.296380097932	0.552717858795
-0.391043115278	-0.441863260031	-0.277118309114	0.524945260462
-0.115113951608	-0.832506737503	0.929840806901	0.199589551778
0.00611555003825	0.437205723072	0.128251622215	0.0752319752552
0.409613436363	-0.844213929462	-0.466569584518	0.433553518087
-0.836528130592	0.56899891491	0.358543534115	0.556360062388
-0.505374663412	-0.774432758045	0.477144611576	0.504932807678
-0.0919522831946	-0.534439458834	-0.606823280064	0.750142949487
0.923731905841	-0.0969693695486	0.692119777224	1.1756223009
0.40331154274	-0.0046456347127	-0.91935497179	1.01027111393
0.56392980279	0.574407534927	0.589426133946	1.32793633037
-0.493221367592	0.579107109883	0.992996953908	1.5187338633
0.0644234164028	0.259189965061	-0.392860584889	0.0733621975158
-0.397981881253	-0.981294489202	-0.392379283898	1.08792813608
-0.038377061369	-0.957872654669	-0.162942936522	0.220862120219
-0.243181619276	0.62765439823	0.672886046345	0.781618804908
0.783619380861	-0.430637107862	0.679881489143	0.44606039133
-0.233087760774	0.255091562113	-0.592191181254	0.194498604876
-0.745659630555	-0.504276557153	0.550887907041	0.957704584927
-0.954915498103	-0.917095333079	0.548249385775	1.58539259126
-0.350517560867	-0.661234001698	-0.559988606329	1.0385074362
0.597244919925	-0.431111978313	-0.608992871493	0.732638494547
-0.175719163564	0.44689858222	0.560176444758	0.516488287596
-0.655427204971	-0.703382550657	0.514404786511	0.793389813799
0.179535074576	-0.792539365266	-0.694343291496	0.92235122692
0.667970989754	-0.452313017442	0.0447214490414	0.125825183657
0.616392672677	-0.21439106432	-0.16896576956	0.312565028249
-0.0912368026848	-0.660676404151	-0.14544698526	0.185850373626
0.430676752667	-0.641563806167	0.361737740242	-0.192047800129
-0.997789230742	-0.175149152543	0.459882118336	1.30128888664
0.921955706136	-0.615064573786	-0.252033066614	0.501477307997
0.393118591048	-0.477962561566	-0.486813187487	0.436311815458
-0.271464874387	-0.453354993292	-0.71102497072	1.02466636415
0.128788338035	-0.310086413672	-0.075702188309	0.00585596354441
0.358976570394	0.564917829128	-0.323947975887	0.253594746739
0.538842474316	0.349476807321	-0.852620427218	0.907654687848
0.302225045412	0.115677941652	0.108316757477	0.150563128745
-0.286657866063	-0.337547835878	0.942037948748	0.74838610047
0.422029486009	-0.144927938455	0.403614624365	0.221354753248
0.928903440738	-0.950004199755	0.786870306452	-0.147965784269
-0.798552857609	0.985520937347	-0.412001978485	-0.385594840107
-0.926348854344	0.585256747798	-0.0872320898728	0.272526550405
-0.0719485358623	-0.0900343127705	-0.625580669843	0.459329328967
0.906812082661	-0.406589339115	-0.480936836285	0.880452058787
0.482472753508	-0.668732908028	-0.825259758471	1.14306657749
0.286265516209	-0.306704569897	-0.154493041708	0.0654008255907
-0.147081302286	0.0568873893048	-0.943636723654	0.850035074747
0.640501011468	0.604209694194	0.269187991806	1.0323466351
0.794965436057	-0.607871486177	-0.809676408096	1.29648831079
0.936126485735	-0.343687875276	0.0536107984099	0.539046210731
0.256262630129	-0.783040961893	0.349895478263	-0.286549246945
0.372994259559	-0.796741679922	0.0994054574158	-0.227374381469
0.825700056252	0.374991070497	-0.40815368721	1.00494617519
-0.775842501783	0.47182423298	-0.571402462383	0.292769539736
-0.776525283934	0.106975267716	0.794035842653	1.23535763271
-0.678051207964	0.861017482079	-0.7518208398	-0.206156814482
0.503412145912	-0.444731661161	-0.910435623522	1.26333304056
0.278536373503	0.962071047465	-0.470316298077	0.114274018683
-0.447255659058	-0.563250263302	-0.952419500185	1.89550793087
-0.504342874085	-0.684796462936	-0.639300159102	1.44622913206
-0.956239200082	0.128887170712	-0.550980616119	1.02371174936
-0.39122636178	-0.227437500062	0.357836061699	0.28869891958
0.125830770291	-0.812762916028	-0.647939358824	0.860009294365
-0.656863068421	0.204202037493	-0.192485703688	0.295081086973
0.170487170716	0.605126040697	0.398897942145	0.532735202604
-0.096895429231	0.772429290758	0.0369810475782	-0.0355233012404
-0.191005565186	0.742973900416	-0.728769150406	-0.115781007433
-0.569468762853	-0.276855515696	0.77838726154	0.872341162102
-0.664492909634	0.581167954588	-0.222576175977	-0.0244451449971
-0.127174179998	-0.461724277346	-0.0604469789189	0.106456353334
-0.581255983989	-0.696282252965	0.203233361856	0.642372761305
0.558357717436	-0.378797056146	-0.352954429095	0.358534008692
0.472288057361	-0.987494061931	0.123334462624	-0.349906302841
0.401922214388	0.619462522167	-0.577604753092	0.386339968686
0.0471065465183	0.299185054946	0.916162704024	1.12976889062
0.498245621085	-0.022369803501	-0.198436490428	0.280919068323
0.931580778053	-0.826033456417	0.810828732452	0.085997428951
0.831676081087	0.257461024208	0.313161819759	1.08450656771
-0.565699916122	-0.397884153853	-0.292678082849	0.747211859087
