0.859923466975	-0.486932885868	-0.689354786092	1.13162289014
0.445450381313	0.186627425696	0.767773643806	1.01432328694
-0.226047817444	0.00887812980325	-0.240281805994	0.104692827135
0.656738205567	0.419371092879	0.830041886641	1.74378719637
-0.0557085249825	-0.717911165189	0.214266627324	-0.0648170046617
-0.114881010274	0.581092762839	0.333557196129	0.251529198617
0.301926270918	0.195908759135	0.764590903533	0.884698779079
-0.825811906993	0.387872275163	0.994622248443	1.73671557404
0.417667951919	0.848203422629	0.963491984915	2.27426790868
0.278577033083	0.905401998579	-0.140077604403	0.222624558146
-0.653117199353	0.391139225586	-0.867414199005	0.584229995094
-0.679952346164	-0.561914588582	-0.504917804205	1.38307300513
0.632247167274	0.599280545056	0.378599152669	1.14885433251
-0.38319897197	0.985084267717	-0.193726481324	-0.383948786001
-0.783203825851	0.704442336814	-0.907800414773	0.246294847062
0.744666967825	0.115219656925	0.180509320412	0.693711002251
0.626087486926	-0.0874950998186	-0.291618974852	0.447762811929
0.55483406467	-0.710757945985	0.125976832481	-0.160180753223
0.83775151375	-0.431662692624	-0.625298392499	1.00111759208
0.864924096558	-0.628307533044	0.512804993256	0.145425088291
0.416748645294	0.110119849592	-0.135049466248	0.222938462915
-0.413565536486	0.187925314106	-0.799521519216	0.582301346678
-0.706020790517	-0.0424992556204	0.277718310575	0.593795353249
-0.347437021266	-0.302309149866	-0.720330191173	0.962383866308
-0.920993938906	0.648351132914	-0.154359900842	0.174849934205
0.126902080692	-0.266194488277	0.0467953731524	-0.0279433598087
-0.314755735664	-0.233220075709	0.0969603901444	0.159266737361
0.922992796521	-0.0804851119131	0.386981625466	0.89623704292
0.434968701318	-0.722463163607	0.921427618528	0.0582802509725
-0.808571667661	-0.531699747281	0.80200703999	1.30049384481
0.817459051686	-0.655644317834	-0.884967932376	1.49566935655
0.673719599004	-0.491169288816	0.757881523208	0.325123996237
-0.596222037042	0.377650139228	-0.308200590197	0.108912990154
-0.141575629626	0.868417961763	-0.959193115619	-0.0158322581636
-0.658425602009	0.982555987524	-0.439920214179	-0.452132189843
-0.595820434615	-0.399446759132	-0.574763804198	1.15294150141
0.258120735792	-0.406046691603	-0.353019411491	0.22978231244
0.881100345561	-0.821743553399	-0.405621810883	0.55014545176
-0.920552645432	0.592432779775	-0.630463592136	0.326028652923
-0.0718359276664	-0.865466475369	0.344880348642	-0.112207937258
0.869198736981	-0.124213366045	-0.0983641086445	0.669433978389
0.0219799911722	-0.00895770377814	-0.219928447577	0.0506248057014
0.123235776878	0.141719202678	-0.105265093142	0.0288145875077
0.471712842657	0.489164211852	-0.147557292064	0.402851454792
0.813640192374	0.402501498858	0.429168857626	1.34642877642
-0.559211831999	0.624117147639	0.698091524786	0.886726847752
0.156410857128	-0.66457683467	0.257316484976	-0.184277477764
0.658460659866	-0.667110469356	0.601615634795	-0.0450982757356
-0.705534473148	0.786733769314	0.676893495926	0.933430873661
-0.49167837996	-0.750573533711	0.0829485574949	0.555409879691
0.321898977931	0.100856931914	0.70619121738	0.706015010327
-0.166078285126	-0.137124983727	-0.748246044673	0.712830849004
0.530594033787	-0.302803495101	-0.178162625406	0.206554487541
-0.082725204859	-0.740479885905	-0.425193991353	0.563737338262
-0.524698552144	0.0919886323836	-0.518957331422	0.44862080505
0.678608990415	-0.967305751959	-0.0850442506385	-0.106415900507
-0.352521335345	-0.775229205739	0.0698370653391	0.348293609681
0.407378361508	-0.0174804339542	-0.691908911565	0.649668788816
0.851514034654	-0.785440118846	0.57542207958	-0.0645861502684
-0.818274610267	-0.880453055333	0.109522155604	1.30559170456
-0.879316973119	0.357742751284	0.685390054041	1.17358191581
-0.136769748849	-0.233859972221	0.318864433601	0.0777958332978
0.959794494346	-0.49841877542	-0.104347942012	0.505723341327
-0.360101919757	-0.133243989759	-0.0911051411602	0.198094168363
-0.0286127933992	-0.897715782443	-0.606773040349	0.939388105337
-0.380011113706	0.572598257002	0.601232413648	0.63255979252
-0.273960149405	-0.391389137511	0.701064840793	0.399381937669
-0.285476463224	0.475121834541	0.587268817954	0.569769612825
0.868027428298	-0.957275427721	-0.869071617512	1.50975666932
0.223879292439	-0.338761217572	-0.159545642989	0.053783004361
0.468469869947	0.405960547167	0.724271869531	1.22823984923
0.667097523151	0.875558247527	-0.103491370103	0.949199584738
-0.655416835473	-0.84522895058	0.848261274641	0.986120715333
-0.47091858926	-0.263668734583	-0.816214650184	1.22734746537
0.526477648653	0.0754845523635	0.442298822261	0.545934620952
-0.71845861737	-0.0475094216396	0.0386541937747	0.549974046563
-0.100997520528	-0.1105641706	0.010383286361	0.0203269994338
0.126259258566	0.654432184669	-0.915209815882	0.33723577064
0.768395351329	0.908555696427	-0.54007630709	1.08955440167
-0.194908536633	-0.284330746038	-0.733476981725	0.839946367419
0.31201639218	-0.364793864531	0.411369444418	0.00269233391018
-0.322535062235	-0.279171676065	-0.599296476802	0.720534389281
0.550109075136	-0.0688609270041	0.465003183055	0.448946383687
-0.156004191361	-0.321799965605	-0.536879359309	0.535546656948
0.20027264933	-0.0185000604054	-0.82488527961	0.732100229977
0.736548336037	0.309122094931	0.706159512802	1.48713758145
0.646455641251	-0.712063525051	0.251923560304	-0.15833268475
0.818927683365	0.804654909788	0.0494535080304	1.37183538926
0.0991761552689	-0.447412941038	-0.58327107556	0.566631389388
0.820985554516	-0.667464824489	-0.239385900671	0.343125579287
0.415394362964	-0.776458011021	0.559801116111	-0.271268575658
-0.191450874646	0.10775333083	0.0943086444883	0.0350801589642
0.527177727642	0.0628085832173	0.259402999854	0.394610293935
-0.0690723322619	-0.407800970634	-0.895077995136	1.19911704381
-0.678727542997	0.928202367019	0.514428541316	0.572805079484
-0.114159140842	-0.493533564792	0.516217240184	0.0810833814786
0.849031480229	-0.865897524944	-0.662379006739	0.997978488169
0.841346265767	0.653882651313	-0.751626549526	1.3314721748
0.527922362336	0.661898070174	0.927772557569	2.10298559748
0.0658812732683	0.866593724304	0.519821209232	0.782120527379
-0.395439184036	0.900946211223	0.765535542408	1.07585372682
0.57656586633	-0.616829719857	0.378864719429	-0.113371306712
0.378024608768	0.107225702985	0.835159759275	0.97047897506
0.192530510051	0.864405022194	-0.851405983129	0.192424877479
0.362277004304	-0.248662791562	0.553290604565	0.209707523463
0.794664289632	-0.392064965016	-0.759838193681	1.1951913217
-0.0205127854999	0.195677283443	-0.0862368619987	-0.0130309102947
-0.235534690746	-0.88587617401	-0.908655031588	1.89474097054
0.379878733834	0.941516131182	0.341534796428	0.940176345586
-0.402915704775	-0.172346631965	-0.779291482635	0.973385707097
0.656009113639	-0.113196918588	-0.84149067902	1.15945046171
-0.371244887083	-0.0298334899603	-0.514955141555	0.429440003656
-0.15077295986	0.647463223159	-0.86344391797	0.111599756203
-0.684934866094	-0.415301272309	-0.729910267973	1.58949175438
0.21764595336	0.91124511272	0.787872068018	1.58438553931
-0.587927246136	-0.356111248986	-0.387089345817	0.842710984737
0.217156055958	-0.0745299100429	-0.532448203078	0.354156536963
0.740235542405	-0.0339371562373	-0.385428329251	0.684462507402
-0.0546094963925	0.270016058768	0.536508131814	0.42094354286
0.00648315689988	0.63877750445	-0.0822430661356	-0.0415877725082
-0.451085334595	-0.22308185487	0.139455187676	0.292444759665
0.259185389188	0.497721955854	-0.190192349642	0.137689546414
-0.13142534997	0.823351901128	0.719425698385	1.01897716284
0.498442858305	0.740349877409	0.0315135326725	0.641791534829
-0.010789795896	-0.216921643072	-0.779698634354	0.779520429228
-0.792706697847	0.445857394054	0.370615356071	0.577547105271
0.592181421545	-0.709689965677	0.0173232326294	-0.0815804066891
-0.422732522462	-0.965584121395	0.880768866718	0.51218396109
0.963899593345	-0.87411103207	-0.103411755826	0.187634505557
-0.186053382926	0.708415528492	0.361151335392	0.289088256887
-0.989345293229	-0.41227643905	0.11606498207	1.35230808627
0.233244887298	0.162827122346	0.445812098421	0.363720499443
-0.242713360421	-0.940489284638	0.28889768436	0.0989357855721
0.827060045913	-0.320510218791	0.100500971286	0.39683598021
-0.0547792923899	0.486444162827	0.761274819422	0.926210746749
-0.555748258139	0.504926113705	-0.716541185723	0.179875232864
0.122376760673	-0.0118956374947	-0.325924718643	0.123624326496
-0.905856143817	0.657267120121	0.933930981833	1.71125510005
-0.687189698676	0.966149815082	0.359478063419	0.284835624241
-0.683134827007	-0.905028298264	-0.594263681587	1.97590431356
0.450818882413	-0.520133286757	0.288721680159	-0.0980617901671
0.457468243819	0.656403956923	-0.69909780098	0.539408332007
0.283002449375	0.415569817588	0.334386135107	0.448472535137
0.348707164644	0.228828447285	-0.409403374351	0.27531879018
0.554622241444	0.609472801053	0.47583417469	1.16205915081
-0.980100756257	-0.758301915896	0.633753347409	1.62487670146
0.217466188521	0.553768746204	0.400218305269	0.549520602698
0.40221238819	0.735318274896	0.457687542852	1.00355282597
0.314053224248	-0.74898498058	0.972535743653	0.0808193872062
-0.999234233014	0.156370975058	0.0416300959555	0.850460624685
-0.552889516869	-0.0539889177762	-0.290253912304	0.435454552743
-0.614953037959	-0.472650168798	0.229486545759	0.613022116183
-0.66929998592	-0.862971275041	0.141320687392	0.923564976283
-0.343009574453	-0.0898863904783	-0.608295863515	0.573188837797
0.872062790697	0.0992840180165	0.413688187623	1.05928595079
0.802108434428	-0.873588843555	0.0183275609698	-0.0730098923587
-0.822324395943	-0.493576197812	0.886483523635	1.43040303154
0.800936434745	0.0815738344351	-0.277299144509	0.761109089666
0.90032195882	0.390167619665	0.349959482245	1.42087060252
0.880129023002	0.252269078171	-0.0917449122255	0.981929158921
0.442363187372	0.303251022057	-0.0809261908043	0.311840376518
0.825106040003	-0.897881285464	0.250094291255	-0.222055123793
-0.160392958628	-0.540241441477	-0.0948644982468	0.172625830655
-0.0899885938641	-0.731226683267	0.356448325784	-0.059689110016
-0.414814014625	-0.103652260955	0.326467093746	0.287808788125
-0.42420402078	-0.704091482866	-0.077981039329	0.539614317386
-0.65393433992	0.58858148616	-0.0637561428988	0.00927563570359
-0.353421711693	-0.830580875466	0.234947989068	0.278509472122
0.809257776699	-0.349574660524	0.959724727133	0.957578242769
0.720040303616	-0.130890044492	-0.702739971223	1.01003706471
-0.236869309338	-0.969635947233	0.201168700373	0.131192509506
0.6759342363	-0.247898839023	0.95330112432	0.961784571039
-0.349201983719	-0.598576434437	-0.766682335312	1.37768588564
0.464761768139	-0.75218964441	0.0988711905401	-0.198179861324
0.0350645313981	-0.824224812226	-0.674948491486	0.984193224371
0.24193278817	0.376343342512	-0.305212727436	0.127871299123
0.947736396578	0.0134735622811	0.427588901011	1.09956707672
-0.257011263956	0.692498140116	0.407977774109	0.337044681468
-0.594424254001	0.115853306894	0.551663666741	0.652719039509
-0.53009320467	0.13075397127	0.0156831232384	0.213983604983
-0.37628394747	-0.561790300918	-0.00963897011356	0.358490270868
-0.935777512317	0.365086005751	-0.987020351415	1.14790213473
-0.95743341395	0.959716297555	-0.140243214625	-0.117111248492
-0.266065244217	-0.338632176418	-0.55656183543	0.659119789199
0.27187859624	0.607789273652	-0.385168926922	0.153416425562
-0.161737498074	0.861225912795	0.209611297649	0.111326071123
0.824797016425	0.0685515654104	0.524724331961	1.04813754384
0.668530137192	-0.601179866365	-0.162553316173	0.169173047288
0.965789578852	0.0817689585045	0.305049696099	1.12972003165
0.625974006205	0.735147430683	0.309585512127	1.17546082192
0.637424272134	-0.194001667916	-0.883833822837	1.23527579292
0.0964170375044	0.137510411759	0.656534767464	0.543872858747
-0.85426654803	-0.640035980106	0.329830438906	1.17421743262
-0.960636633623	0.471695174023	0.130112643271	0.547997883639
0.221906548881	-0.806213097783	0.964479942662	0.0229837477191
-0.246330591041	-0.853094896562	-0.312406651353	0.634932565897
-0.926894386589	0.82731863883	0.721043149645	1.20873186239
-0.213316201689	-0.0112316306612	-0.608648349649	0.425188617691
-0.786002816464	0.988934367688	0.977423262628	1.76245891971
0.395367150315	-0.0940229483434	0.762178812131	0.628395840977
0.0544251210861	-0.24545847334	-0.471231101225	0.32732940413
0.957131607869	0.22314781608	-0.240707749625	1.13390955487
-0.540837535437	0.675138721205	0.687965429967	0.865133411135
-0.759515831624	0.923096798277	-0.176176716291	-0.255832261301
-0.312038642386	-0.529073672614	-0.92668260782	1.61148357117
-0.583947481252	-0.228078337113	-0.636953677007	1.02516575347
0.233730181759	-0.491090021922	0.297572544755	-0.117738250354
-0.150154427782	-0.41066070822	-0.0483500266992	0.106402057126
0.630809810541	0.488185430081	0.00742029589192	0.709550716866
-0.0998908800868	0.388426648453	-0.628849688156	0.122367861704
0.71507980819	-0.00212763587452	0.200795084884	0.549709149916
-0.499423207225	-0.0427139214822	0.863866373659	0.980121854658
-0.184259546616	0.555989075398	0.177092322819	0.0613283731885
-0.855392568989	-0.614304251165	0.846243355547	1.4534446646
0.0752467098121	0.201817402176	-0.88659701299	0.627971720339
0.964404578425	-0.394315449597	0.805480015741	0.880981407163
-0.0806970591182	0.540404063243	0.924143161608	1.31635429941
-0.448268799117	0.362714259905	-0.70500428958	0.279667369752
-0.465448884009	0.23756694284	0.72930896637	0.811218665156
-0.807923840997	0.516216912162	-0.68711457356	0.353103256125
-0.223098234215	-0.0679785592731	-0.644897436381	0.524670620703
0.770906826158	-0.0283486562364	0.0630801968449	0.57463403443
-0.378117699355	-0.791529359055	-0.555278848825	1.19011836604
-0.585808836528	0.10809320556	0.762810737249	0.944184916656
0.940607708466	0.754891938591	0.815621406617	2.87574434145
0.726029020206	-0.455146322506	0.272249350145	0.146875117733
-0.657564068348	-0.994556275455	-0.791892439093	2.50105020455
-0.817494305636	-0.818273982739	-0.903016021994	2.89158371386
-0.574725263211	-0.0127761691629	-0.2148970051	0.386578198649
0.989289705061	0.125057774284	-0.526916875944	1.31415883159
-0.170610399356	0.75690966053	-0.00509361866286	-0.103858215313
-0.830586698956	-0.0423005260636	0.19382606284	0.754378117002
-0.757356018264	0.93829221368	-0.275630174997	-0.319682770206
-0.949168328796	0.401039654421	-0.877607426103	0.938505793291
-0.86788919969	0.967076458733	0.598675243316	0.851293230326
0.901882613933	0.145094310408	-0.249423089668	0.970272291717
-0.878240305471	0.393135827331	-0.461483944394	0.457579863721
-0.203386227202	-0.800430741469	-0.938904679392	1.83723271174
0.484398917745	-0.423471741274	-0.974928244331	1.39285270118
0.233371251191	-0.237192452092	0.035640252392	-0.00807512970281
-0.06790295632	0.991226997169	-0.933476159271	-0.116605462371
-0.00765188968812	-0.35252447393	0.382985426094	0.0144221305465
0.843952875455	-0.254611630946	-0.0543420475924	0.51416541343
0.25819673829	-0.532089507682	0.313318658201	-0.139263208711
-0.880940794673	0.330888584124	-0.697761092333	0.740552793548
0.276393578909	-0.831039880406	-0.517836304596	0.545196382699
-0.0673439565057	0.104677571765	0.275928074776	0.102505589936
-0.063445152652	0.257953153047	-0.802378876962	0.424495111167
0.632676652129	0.373232733578	0.160363093485	0.721984459993
-0.602846618978	-0.024738116619	-0.585377366692	0.735485130975
-0.480651944282	-0.975871730988	-0.32365172713	1.12067394808
0.928265893729	-0.0168941358679	0.338629944241	0.954944698179
-0.509171337565	0.909521861621	0.689897403826	0.899588187033
-0.859422473885	0.844981660107	0.92387575775	1.64661524718
0.260509027942	-0.903535608884	0.0902116514554	-0.24088552691
-0.556803994081	-0.424096124238	-0.945749026966	1.84169882252
0.768328638907	0.973880010176	-0.477354375206	1.10157011579
-0.0059101097796	-0.592367570706	0.440133416143	-0.0634674517312
0.589365278861	-0.145169887228	0.572680012745	0.506619844988
-0.103786628012	0.530355184273	0.942905013773	1.34487231526
-0.0655974994463	0.0350442245384	0.0208238289983	0.00316760522717
0.228775916212	0.259967039555	-0.237681897642	0.106515842678
0.642341618272	-0.00462437052	0.741633415449	0.956222864128
0.680966173492	-0.911928703823	-0.774546459521	1.14897569634
0.208511156886	-0.952064570096	0.149544097936	-0.275051382479
-0.809381633447	-0.762255228484	0.390039551197	1.12687517478
0.511779442215	-0.350371564499	0.775645558238	0.412467117905
-0.529891618359	0.795231992136	-0.743900624656	-0.17878707641
0.763239617885	-0.295236181555	0.31567791974	0.363651769299
0.281279248265	-0.476011528271	-0.557687450107	0.521706798097
0.252733335301	-0.662633725198	-0.60561624647	0.664477294747
-0.245218913754	0.561882503378	0.154890424857	0.0333693619074
-0.900204419474	-0.509175453024	0.60754624947	1.32849479838
-0.361661498771	0.967116821396	-0.604578094105	-0.438152852204
0.64759853626	0.728483040238	-0.407730498868	0.760367821009
0.886131382265	-0.149542307416	0.412325309622	0.761066777806
-0.175449208656	0.84446311617	0.217873671868	0.114077256117
0.758914781555	0.790397993672	-0.35228133531	1.02145604494
-0.28988854437	-0.879568834559	-0.582416366762	1.19049640649
0.2363971748	0.513598116465	-0.835784297528	0.446574918982
0.00836260340772	-0.381925230681	-0.305989076284	0.207370307251
0.260968150557	-0.0770243304272	0.618199881412	0.382558139988
0.0631367775035	0.0835748929049	0.282423608281	0.112629519422
0.859240888613	-0.830297247375	0.0187695878018	0.00963752035628
-0.372124270847	-0.796752329634	0.272260900321	0.292168843909
0.498296647021	0.731634499215	0.764071181963	1.75569617392
-0.349070068679	0.574664339086	0.0663080145577	-0.0362466033082
-0.00945674871431	-0.805486636572	0.147515309712	-0.0893541292521
0.132297975263	0.737399582718	-0.382051042461	-0.0207020542305
-0.282982667038	0.101989210189	-0.0694517054146	0.048958225939
0.745158471521	0.600389569476	0.174355595191	1.1377276759
-0.5593687544	0.00143754462313	-0.453733180661	0.517310823392
-0.331399447276	-0.166077040727	0.583246787164	0.408176347469
0.892615031448	0.0558409997315	0.770768742647	1.48373106189
0.724467443985	0.373311196392	0.444798846378	1.15919928889
-0.742707748159	-0.964968365432	0.386607791035	1.04470557682
0.933627407917	-0.696454112456	-0.547465366051	0.902434321707
-0.07077796173	0.682529892855	-0.975978310936	0.243100736655
0.703288207544	-0.0785450188586	-0.349112277159	0.588674929802
-0.648845014295	0.622805495835	0.388440069067	0.409703908801
-0.879311112638	-0.549903970758	-0.726521361565	2.18407497555
0.787068710924	-0.754654961949	-0.617591868771	0.873000332221
-0.716402799377	0.860750486235	-0.539260752556	-0.276777882672
0.821787739297	0.677681178856	0.147417492223	1.35387914932
0.579685793318	0.704061937452	-0.00411504553964	0.741290008396
-0.110889802907	0.856588454888	0.100684265442	0.0136919241278
0.277737967439	-0.731780121875	0.639070841094	-0.185352543151
-0.281804519187	0.216076925228	-0.684511880709	0.339171625378
0.865499762941	0.723816075766	-0.5965706203	1.29964158134
-0.45683266371	0.963730452599	0.162100464305	-0.0490697527672
0.120318792323	0.342729410554	-0.268358611303	0.0357553561489
-0.768694401003	0.503434117093	-0.168914293148	0.147398915444
0.113791718628	0.414228698239	0.0147765232158	0.0664235563208
0.94286121741	-0.340839606208	-0.171262985017	0.655327047654
-0.0409758050844	0.806004668753	-0.600759328803	-0.15465072627
0.451881350058	0.935676881754	0.21820528157	0.878794869422
-0.775686477894	-0.764686281286	0.62115244203	1.10568992545
0.257460450265	-0.243720869072	0.965864202588	0.701029793741
-0.643668524724	0.827391347722	-0.739207575133	-0.183442711138
0.228105972589	-0.223943465783	0.237600370246	0.00419437822003
0.512170293557	-0.596599257777	0.261507214147	-0.130870994202
-0.663310937422	-0.232495413889	0.989787180533	1.34375583318
-0.989979889314	0.275730472133	-0.0320851339132	0.699275165659
-0.45695168779	0.971007073733	-0.518241720163	-0.469540371888
0.43384310108	-0.378545300582	0.688670545271	0.237564690613
0.618627269828	0.945576678694	0.643849741803	1.99101100858
-0.410542137657	-0.0496809879641	0.740630277046	0.700678949189
0.139667010661	0.0190471946375	0.316901541877	0.128629811196
0.399364695663	0.00568291702907	-0.791212044	0.783281822744
-0.347496381239	-0.535047199699	-0.29910394462	0.556178598337
-0.880553921889	0.671540634977	0.785734231132	1.32907821599
-0.484366070272	-0.372556680827	-0.712450532013	1.1880782715
-0.642864658212	0.236322153114	-0.593646560944	0.473476214438
0.514345147366	0.900164060786	-0.507932218723	0.528318757324
-0.0826744307161	0.329321788174	-0.761674281014	0.308920344263
-0.993823263322	-0.215045453673	0.876417877768	1.78104046959
-0.434204781938	-0.758583553258	-0.904756098428	2.0228310926
-0.0835147605147	0.0226909868774	-0.780953021794	0.597246710369
0.000538313676661	0.98358162409	0.427873023724	0.604453133232
-0.523122102263	-0.470728273628	0.0213115885339	0.510327314498
0.175142253225	0.419784261803	-0.159455715621	0.0626858957172
-0.35757305872	-0.390940562413	-0.358781067186	0.536634231362
0.0734504143023	0.157083462471	-0.33763632504	0.0778940137528
-0.125006516314	-0.733656742548	0.7296837534	0.104439477043
0.156130080956	-0.309444631718	-0.0317264214363	-0.0131128766079
-0.723798794882	0.500827220509	0.72710632948	1.0542248132
0.553843630373	0.327953181142	0.190081697522	0.586846496453
0.836535762713	-0.773518563009	0.053021077156	0.0145145884307
-0.917728485231	0.853497819588	0.460478455622	0.664004077418
-0.624357923843	-0.657659744998	0.21498260225	0.705270005943
-0.528158085063	0.333657538479	-0.779220715531	0.449919093865
0.10020856167	0.366927038181	-0.309432719158	0.0290203630947
0.731438622498	-0.199089842024	-0.593340460562	0.859561419378
0.186660037409	0.624793162051	-0.147147283649	0.0811815910136
-0.979583764668	-0.570063981729	-0.795385245591	2.60406794234
-0.117551059285	-0.968187292654	-0.895948453584	1.79779923249
-0.616620744543	-0.854978327331	0.46839594727	0.726344895262
-0.288506587388	0.305431470184	-0.270361645765	-0.014364475624
0.971722045739	-0.602348574161	0.906055194302	0.634103306167
0.401867505208	-0.803745732973	0.12274475748	-0.24509110037
0.662809491519	0.763507108463	-0.179396139024	0.840588927701
0.360850192905	0.500841386333	-0.464375197357	0.294007578891
-0.703392321953	0.543942173081	0.761817523234	1.10690662824
0.252889761399	0.900518939691	0.354267709082	0.736215642662
-0.811502484598	0.16849821859	-0.893785398688	1.1700506509
0.956381934943	-0.0106282594342	-0.993809849971	1.90272221698
0.864397521325	0.0608697826435	-0.988842254838	1.71741715595
0.958337513562	-0.103714704748	-0.722496189774	1.41595132087
-0.673458555605	-0.419037137683	-0.578297461465	1.31250663852
0.917054203627	0.801567369833	-0.489527120612	1.42331697367
0.404662540154	-0.991163886856	0.588272886793	-0.47434497643
0.331882006169	-0.668070003131	-0.682121544132	0.80941999621
0.423080612829	0.28853500365	-0.886662542199	0.831408055007
-0.796019593491	-0.865943413856	-0.566954063293	2.13534216446
0.263434066072	-0.110018688336	-0.369952714522	0.217981560135
0.676199154219	-0.13932355614	-0.641354762893	0.863726583542
-0.225497011234	0.270026885758	-0.987663003726	0.698741290238
-0.799240095114	-0.606100549071	0.344867299836	1.03311378483
-0.11740800301	0.841754875331	-0.968499039032	0.0377074809814
-0.658658357122	0.218357281525	0.837791074085	1.17483964833
0.637406805285	0.404619106146	0.775289963147	1.57896606608
0.0311331603889	0.451218032283	0.0127744293414	0.0209443559612
0.416756676715	0.917680042381	-0.237679903361	0.394513045009
-0.496726620309	0.350591724975	-0.314151911544	0.0611414556229
-0.994436974174	0.315649222991	0.698758203964	1.38383714914
-0.701019234238	0.524736127678	-0.75201843827	0.294498336628
-0.392861203572	-0.646170422446	-0.116561361983	0.497100270768
0.76529546647	-0.0813754125154	0.513118131364	0.744935933845
0.18228877984	-0.989423325273	0.898124569797	-0.229129226939
0.281483068271	0.842625028463	0.381708585597	0.783756048258
0.732849441037	0.358117517388	-0.518641919992	0.882769210044
0.473363579058	0.665299829054	0.480654457212	1.08980982166
0.527403830833	0.841890418323	-0.521550740277	0.555097636318
-0.0220602457945	0.386516282629	0.723070220679	0.794268968055
0.423351650689	0.374773526262	0.496858139231	0.770964898529
0.581942808363	0.0972285158378	0.83630335268	1.17595469924
0.365785392528	-0.789082658443	-0.203704178182	0.047398870096
0.184233230496	0.0220357363322	-0.194141847181	0.0714145963811
0.858775653498	0.980527847838	0.592346108597	2.51123483375
-0.433518312858	0.667964958061	-0.446271272678	-0.200572437204
-0.586775561753	0.682957207579	0.147065805108	0.0656309633593
-0.940165646084	-0.887788196542	-0.254279805505	2.0089842349
0.781187511477	-0.79922332985	0.0677751878464	-0.0636633912958
-0.60373236541	0.415487916258	0.169902353603	0.213108451188
-0.638016794044	-0.341480515922	-0.154145457419	0.701334225849
0.522720774236	0.062720945506	0.572292791396	0.66943633308
-0.825015999976	0.455007839361	0.58887338922	0.919976529647
-0.749553924871	-0.310069226324	0.2601816038	0.781264850225
0.408018722432	-0.233365716003	0.736224174369	0.441478249887
0.372156343131	0.370159149294	0.970022988469	1.57626490148
0.489726116877	-0.647364680826	-0.144664401018	0.0373786909216
0.625270035566	-0.928502118755	0.492585138305	-0.404328161545
-0.849261784753	-0.657409935328	-0.0802862288231	1.33878555707
0.869621717278	-0.166397971139	-0.0707480294747	0.62831625399
0.0231372585721	-0.781797368361	-0.876374756605	1.4356268773
-0.881495328642	0.452123480133	-0.882128399205	0.757808829623
0.444145575937	0.316193343236	-0.776681062532	0.695353258268
-0.36941344387	-0.48616418707	-0.565711204264	0.91111957351
-0.28728806443	-0.709673629631	0.930072601108	0.491402240081
-0.800955185728	-0.893891691186	0.573091666463	1.17364857431
-0.211404860716	-0.233197948394	-0.166592486848	0.160593277759
-0.947106577459	-0.0931167023095	-0.0935030253191	1.00265181941
0.256943622183	0.186759625337	0.540854096318	0.507539581486
0.334616681055	0.626628305563	-0.695239358046	0.369349711186
-0.759821441716	-0.465168155642	0.699239916576	1.09444568054
0.850637289964	-0.157258544342	0.396994039698	0.684987379855
0.635250244724	-0.623442907204	-0.828949537201	1.21146065867
0.216445006889	0.855233434661	0.575429994002	1.05520609584
-0.275058659161	-0.711420231831	-0.196737727914	0.450008494635
-0.662757681462	-0.693587113816	-0.187817717312	1.06447137519
-0.816010961965	0.570422593679	-0.199972821335	0.126322914514
-0.715199885995	0.412669996347	0.222619573105	0.357797235336
0.890668406079	0.926365556924	-0.0159138725863	1.60388593152
-0.687714225537	-0.155681678578	0.197960794877	0.588384968489
-0.138934159971	-0.989268279239	0.431640165778	-0.0839488331683
-0.77060061301	0.901555897577	0.975463313901	1.73004915772
0.111985182751	-0.0119240153007	-0.540635887312	0.309939081365
0.475959322328	-0.603867310168	-0.101106334501	0.0103983019194
-0.0394963507849	-0.631397786208	-0.693510859447	0.94533640371
-0.397424659409	-0.965695115845	0.201454013278	0.387777975189
0.743712097664	0.634187831843	-0.384498611323	0.928755688392
0.920127920862	0.838473164508	0.415994034751	2.13998883199
0.23257626173	0.342429347	0.151586475551	0.20861877236
-0.480485407468	0.978688983903	0.115663189491	-0.112803285625
0.984706805415	0.602719089849	-0.0782627038389	1.52210370734
0.884308336911	-0.710987146305	-0.299484832356	0.455890404946
-0.800233120011	-0.457172562233	-0.21439573254	1.15019904873
-0.446553007326	-0.522856856406	-0.553571175106	1.0287724203
-0.721797904036	0.396998761919	0.856893241236	1.30889092276
-0.836455702333	0.806373695108	-0.0551699749013	-0.016281623908
-0.167363775399	-0.647118520306	-0.505836615795	0.719521756213
0.57123693071	0.741073934141	-0.917018168753	0.910984490401
0.425882413825	0.424195433777	-0.832186740946	0.701558161923
0.108129627158	-0.90752393689	0.735273083854	-0.213089624572
0.745850786601	0.24339888817	-0.202191221126	0.729500819553
0.463364161857	-0.135814312345	0.671811253118	0.511863637933
0.401323281287	0.198420770239	-0.354417699296	0.295979323385
0.916276516113	-0.891290796671	0.517241078332	-0.170580051701
-0.195395911041	-0.310430757771	-0.0635572624606	0.12260611754
-0.291271313993	-0.771247256233	0.800952993149	0.333274078989
0.398871422651	0.781456754038	-0.990094322904	0.677370051509
0.162814210211	-0.99713480241	-0.625648857511	0.879453494535
-0.943590139339	-0.635731374961	-0.615786016569	2.26089911694
-0.892388928684	0.175032868201	0.736932050177	1.31221678329
-0.277768008139	0.981839792079	0.0145151388677	-0.181106386828
-0.739514511421	0.769730846602	-0.90194155699	0.0969009156306
-0.519432618536	-0.318319331114	-0.434566768997	0.762334968838
-0.266858117848	0.807839321762	-0.245133237418	-0.282303190037
0.590157788344	0.594724971341	-0.479961607469	0.6441857803
-0.0167308116867	0.244803008323	0.566412981521	0.455667434492
0.194588054176	0.275558395343	0.845487607271	1.03931538518
-0.268024022061	0.692538145178	-0.566264516089	-0.18528425817
0.871638874963	0.736225693431	-0.581280844899	1.31141079102
0.422678144412	0.862552004712	-0.430492674947	0.357240317967
0.502838084589	0.0123405672414	0.6652118586	0.709767355001
-0.3642236177	0.824390144347	-0.899057253556	-0.100473510943
0.410403547063	-0.0878840801852	0.463882194579	0.306781963666
-0.643680508219	0.991287972425	-0.768726067213	-0.394837287325
-0.00582461987564	0.885028232742	-0.544109554529	-0.190618136971
-0.889901676035	0.393463396921	-0.999634635903	1.04773102241
0.38369489977	-0.307307667391	0.665126473003	0.267304151623
0.292386270395	-0.90853553847	0.232924607352	-0.337519997353
0.0208836770816	-0.546757064344	-0.594865644055	0.668129957694
-0.766888308012	0.410710641292	0.0444279618534	0.29336936868
-0.160864662435	0.494102880761	0.463829732742	0.390711374605
-0.996041114407	-0.986524275594	-0.51139603065	2.74074713928
-0.722086246863	0.889329007599	0.677742448698	0.94130714866
0.125841015102	0.707390547418	0.949777830352	1.67879649201
-0.623833784851	-0.00167330675144	-0.601206847154	0.752668132946
0.75665563563	-0.219727906193	0.877490932043	0.983450483021
-0.481676083232	-0.535150275767	-0.0286929781833	0.505959280113
-0.926143546231	0.691070883858	-0.676079293585	0.20757552539
0.845309649179	0.286959890457	-0.366970607314	0.986479948682
0.3030622258	-0.589820564534	-0.725521855388	0.867404052569
0.332012318506	-0.819042322561	-0.0771534364219	-0.0925553783159
-0.561886480904	-0.393660135376	0.717813349388	0.769590229826
-0.959754496543	0.139543857582	0.637087216919	1.28198257868
-0.163691480536	-0.989454691136	-0.19510792091	0.41987775254
0.327065999529	-0.264380396467	0.918732739565	0.621677250236
-0.447609348108	-0.954082094883	0.00100698990744	0.626450456033
-0.474551151239	-0.418717480617	-0.822162801422	1.44410726652
0.226500693721	0.0913490317006	-0.579727079441	0.355119162586
0.240046146718	-0.0707481827019	-0.552333507414	0.384788219216
0.888938116002	-0.209478919633	-0.357158030128	0.806376114694
0.582013296008	0.229388708461	-0.663223452172	0.759976131405
-0.0214660581745	-0.960158415157	0.945826018551	0.00751565443227
-0.935983878854	0.0947082891147	-0.576684468883	1.06536856691
-0.305185343651	-0.600832142527	0.364039330363	0.190301361098
-0.861239631773	0.183561611116	0.540104582513	0.974498596359
0.832739964767	-0.730510899991	0.574523275842	-0.00448829301773
0.798042693899	-0.322787547026	-0.916679816081	1.51546861215
0.588521391319	-0.26705435044	-0.504061098537	0.577879530472
