0.184131002999	-0.578976557044	-0.405800852387	0.326920204263
-0.556437227614	0.582397550865	0.0596386362827	0.0238448723479
0.143702188247	0.997453156953	-0.334112949785	-0.0576440330932
0.462862617876	0.443740039077	-0.397858790788	0.401378221207
-0.935530051509	0.976924718647	0.738013803771	1.22692234708
-0.647690114199	-0.781481520064	-0.795883168314	2.18105834478
-0.893048736197	-0.23417168981	-0.305493103632	1.17152664953
0.266328635804	-0.906392670421	0.97840018302	-0.100015217662
-0.461611763053	0.150387592067	-0.34635138796	0.211537070971
0.84862541657	-0.208759696713	-0.344941043995	0.734000424623
-0.40961489755	0.0595866044938	-0.365799941216	0.255389623972
-0.315176341062	0.288335943705	0.688727909525	0.68139060334
0.838105644306	0.141084397497	-0.297846813443	0.867355886941
0.240415023052	-0.539268856125	0.317236106358	-0.142285756188
-0.162798851035	0.75237449629	-0.719544230705	-0.119605065841
-0.716142620132	0.440496441229	0.139420345263	0.278254175386
-0.593641059991	0.687392568742	-0.172711688912	-0.144546149037
-0.60965264974	0.57526094351	0.190892566972	0.167220005142
0.781210807544	-0.199549763058	-0.408238671724	0.702522637585
0.840403779821	0.742278636938	0.799908022946	2.56369976742
0.378811611156	-0.0697364445442	-0.705657211267	0.664243386626
0.274959279817	-0.55416309189	0.381690938929	-0.142600737093
-0.407905930831	0.152865608974	0.681575635312	0.672767281091
0.0467851065294	-0.242514974365	-0.376754895261	0.224155712151
0.448074136093	0.397648275016	-0.614947925678	0.512574308157
0.61390847073	0.0991528905576	0.787897586753	1.13665934025
0.533153839089	-0.971451944936	0.365503052103	-0.455156487547
-0.577226427077	0.448825274184	0.238738823939	0.238264782886
-0.576215762909	0.126750361058	0.804365704878	1.00794688013
0.21006642343	-0.426075079341	-0.0168202003115	-0.0379265784564
-0.799172686092	0.813802637168	-0.812807729528	-0.0125005259191
-0.704565047723	-0.704740834411	0.0204995276594	0.978921042509
0.697486634588	-0.554478983197	-0.0533460224503	0.132170971886
0.959119169513	0.321669839652	0.900349781101	2.32867438884
-0.141956407723	0.617845418029	0.592600068522	0.649754583894
-0.847066466562	0.184638918302	-0.585438893277	0.795764056432
0.838403563075	-0.735767981225	0.157148504644	-0.00487914798125
0.905929917887	-0.0883592491461	-0.0247109125822	0.743455795682
0.615748653815	-0.227180055	0.424195347944	0.322833562376
0.264060397442	-0.805509439901	0.365140744462	-0.303771802637
0.89008175927	0.186342333939	-0.61799729625	1.22486705023
0.534116712572	0.850524472283	0.0682736508765	0.802289700034
-0.511531583605	-0.226319865129	0.126707420374	0.364812684124
-0.548292092925	0.295472345219	-0.972891800698	0.797674902471
0.549118317345	-0.973563963595	-0.00836530917787	-0.224856737116
-0.45579609505	0.775536195926	0.925948865381	1.42975187257
0.888744160283	-0.365949429745	-0.365607698027	0.732093681252
0.594988817969	-0.193675299669	-0.370595598462	0.447893367076
-0.234556492654	0.00619631729643	0.569935295352	0.38192110261
-0.316887294546	-0.266814142116	0.208849547203	0.172861689685
0.227501783695	-0.67053267841	-0.193449148542	0.06634623
0.222745850179	0.0687975066358	0.374283377049	0.23077788233
0.214356118157	-0.24240112992	-0.244920680537	0.113343569602
0.449389239442	0.562820864177	-0.579070884536	0.464286242285
-0.967152382586	0.950307058481	0.538307752899	0.817624889389
-0.895734521798	0.138586008032	0.733474321248	1.31783792001
-0.834604616668	-0.371609431462	0.194056751622	0.972256516968
0.253588338194	0.532099257753	-0.640393657308	0.268592258393
-0.841717691259	0.906814250445	-0.028245737177	-0.0796087408244
-0.255032899592	-0.309093706982	-0.558318304081	0.628162847167
-0.632147124492	-0.702838377027	0.00143897784897	0.842897947824
0.250185233488	-0.361242079705	-0.929011976184	1.17087668724
-0.00740635792897	0.200134291112	-0.539861251087	0.181978009584
-0.0421101965396	-0.723052503102	-0.299026313661	0.337849612514
-0.887698574677	-0.170532765437	-0.759179926384	1.64520966523
-0.448858298501	0.932312485602	0.13388739919	-0.0742516942339
0.535260928324	-0.453755770326	0.0692286887732	0.0170062208794
-0.0584257008229	-0.411421127343	-0.167460436454	0.124390889544
-0.578848353999	-0.528367646955	-0.939464370599	2.01988604219
-0.38693501567	0.235734136129	-0.888686342572	0.638774622913
-0.3644631909	0.283428907687	-0.963873207699	0.685396043545
-0.646729799184	0.805082379082	0.473491610629	0.502982725498
0.710634213684	0.0194344045093	-0.138944963176	0.535417128599
-0.917368567569	0.435941083929	0.933351608406	1.71967797782
-0.774284268668	-0.537765557248	-0.227687465491	1.19018359861
-0.233176221056	0.699164817779	0.784772679871	1.05589614675
0.219269279232	-0.599849923423	-0.361504464724	0.264084259955
0.182331646144	-0.343682288065	-0.843541148596	0.972052493254
-0.60487922501	0.443083218311	0.117010431926	0.163403843075
0.0272178525736	0.309856269468	0.368535472157	0.259185854567
-0.936439902626	0.418766610505	0.664562727908	1.20471022762
0.308122683072	-0.483631631764	-0.234932206649	0.114735500002
0.703093178962	0.328466578454	0.412437938283	1.03085976048
0.0974976373036	0.0368976259629	-0.0102872575232	0.0128294729204
0.950046833789	0.421437270764	-0.48121394211	1.33173949879
-0.420102092186	-0.450748252693	0.16826891966	0.318313559669
-0.284393231005	-0.474140351979	0.251741914518	0.159734808059
-0.257095347138	-0.810642732564	-0.420630784255	0.792422037266
0.961121558818	0.985141103836	-0.928790690339	1.81825726475
-0.960916900223	-0.0614870211941	0.216977390907	1.01618310168
0.60032045597	-0.459331836326	0.609629421178	0.176264182089
0.293507504356	0.178346460259	-0.876465902372	0.750370566369
0.037532385954	-0.10505262473	0.461015826261	0.161570473811
0.167586033612	0.0789132634416	0.568301565763	0.409123040303
0.159657967738	0.806878360865	-0.0923666711956	0.0883181596644
0.591514980616	-0.650839462648	-0.153554923799	0.0884273988757
0.0795639457022	-0.914367073268	-0.706588602373	1.07892857465
0.100551591231	0.512738837602	-0.66021737874	0.159035224356
-0.422215278931	-0.262339651223	0.0613770827773	0.27669505458
-0.421338725819	0.974388920277	0.666650253983	0.860977718069
0.85779646548	0.669785632804	-0.260299403189	1.20376550346
0.481281788987	0.369432597325	-0.515445396097	0.484694966659
-0.999919413364	0.135499997151	-0.408642656842	0.975967497714
0.0767316974632	-0.235360212937	0.574239148132	0.182425715808
-0.52663935263	0.987301199717	-0.177180178067	-0.386140043803
-0.00795671477121	0.124481112374	-0.189813007246	0.011473692039
-0.400098137649	0.116015870257	-0.781912757326	0.634334057184
-0.519042471801	-0.68940191788	0.962781647286	0.890438949266
-0.841372590172	0.42620353759	0.65291013592	1.05387611638
0.544719767272	-0.624094048121	0.00826260165329	-0.0483251097191
-0.786286577119	-0.598012057489	-0.0884010074615	1.14913504159
-0.27037078434	0.0126508611763	0.313269359416	0.171780756491
-0.0515343349809	0.717217575684	0.59240827962	0.741527656769
0.191576340378	0.703183311529	0.450210516037	0.690684809932
0.978441956111	-0.944908735947	0.39987082089	-0.185134448978
0.874999060061	0.197068960102	-0.227987435376	0.945107533847
-0.557188073062	-0.389564172309	0.469555190678	0.565079257148
0.141939430294	-0.490840977643	-0.921151410319	1.25113589267
0.233384603662	0.18419307984	-0.924481326159	0.78183886186
0.889616326202	0.623891458896	-0.523333152368	1.29381573991
-0.37450216161	-0.938644747319	0.207035434146	0.340307304128
-0.229104467158	-0.939157940346	0.473095165182	0.0471620907706
-0.824911608965	0.902288949921	-0.530815787735	-0.261013286034
0.395988998303	-0.653889515153	-0.659553211033	0.764159600234
-0.611828771489	0.255410526992	-0.484581462954	0.329118924082
0.108174612483	-0.144500237498	-0.778198272402	0.714112875942
0.435134972271	0.149636941463	0.604718153282	0.71062693028
0.0249045911573	-0.205633977896	0.32323180254	0.0335103653475
0.732689758065	0.944385987567	0.287594896445	1.58308763708
0.0460758793022	-0.8525597032	-0.832754277006	1.36629297378
0.22846128046	-0.198733350799	0.61752746781	0.265408551487
-0.438336194537	-0.736974527567	0.606436539405	0.436018223524
-0.854219069146	-0.208321766942	0.207383387606	0.907448039648
-0.596844797993	-0.0453974160387	0.618723974167	0.738049811037
-0.229370960061	-0.555248927876	0.262434583958	0.103124406456
0.883939042518	0.866879108	-0.221047390154	1.40485710388
-0.506681851938	-0.265139442451	0.806784682892	0.828058926355
-0.215833541633	0.605859992563	0.929909778723	1.34394653795
0.109546816393	0.247646449251	0.637736430866	0.603770303004
-0.704484845116	0.697038785493	-0.367144100671	-0.115873251215
-0.625911121513	0.0964377049766	-0.40415062246	0.455765667096
0.975379175135	0.946197925853	0.718028532626	3.06922836966
-0.0472841872487	0.824825079605	0.194607161982	0.161623426221
0.491213329678	-0.649929951829	0.492653208935	-0.155446612519
0.868466645298	0.872148501288	-0.748407465339	1.41905748204
-0.922327179896	0.529500910941	0.753804582575	1.32967590669
-0.419400016542	0.0962212096238	-0.383933731612	0.246003739166
0.296732483492	-0.81748995365	-0.385983871388	0.309995828686
-0.244912957931	-0.196561658979	-0.65867412971	0.671444543091
0.133058760673	-0.629608410765	-0.672836463242	0.810262121541
-0.640401347593	0.391956127306	0.537882448309	0.659248503459
0.867503719079	0.0892523363044	0.341178914967	0.976843503574
0.399636668437	-0.886558804296	0.663545642544	-0.342571351874
0.535886878743	0.588967683632	-0.0646521013202	0.568896696319
-0.281639729677	-0.153813506184	-0.30629702067	0.263571415189
-0.239695349367	0.111183217468	0.436083126863	0.269457379016
-0.0181403706139	-0.240725661513	0.80409081543	0.457692671759
0.453757905523	0.608098845448	0.532747996936	1.08960976538
0.807713786206	0.524076986684	0.0695755240737	1.11700945216
0.105460118	0.881979587475	0.408892849504	0.63196401696
-0.910518913672	0.105736225923	-0.242266117089	0.765846425191
0.394235540964	-0.406172300098	0.0634923027493	-0.0264634368323
0.382395643997	0.998868024222	0.58120275799	1.44653070638
-0.675103549855	-0.764106922979	-0.848233938129	2.33925833742
0.269434602511	0.990973093748	0.983822571145	2.28244599516
-0.120395228091	-0.0384677949192	-0.208331594982	0.070542460429
0.419206560553	0.704247282397	0.418592800857	0.940971996808
-0.176065535057	0.443041735901	0.703875235497	0.760281145689
-0.0172527684025	0.554638815102	0.0565831146981	0.0253134435535
-0.832919791296	-0.482563679195	-0.0706710595455	1.13478990286
-0.302285399693	-0.74977170548	0.768799294137	0.332649899266
-0.255174659463	-0.992909690163	-0.783301902377	1.70978941836
-0.726456953827	-0.168856593305	-0.852551146111	1.52120909105
-0.599178663893	0.238275326587	-0.00612260799677	0.214824199351
0.076321055499	0.574554682092	0.649248050274	0.844227061201
-0.00613489570949	-0.354016887185	0.922970989178	0.527337623941
0.479172885964	0.0203673458379	0.339436364575	0.361496597951
0.263849733628	-0.182864825011	0.376832311623	0.0944610629261
0.718449505459	-0.487009824702	0.708607380133	0.323303387381
-0.230008222118	-0.55171476304	0.510901099053	0.158950968217
0.163912764659	0.213388492371	-0.627153252181	0.321338406902
0.375639523223	-0.0338646658453	0.154365581957	0.146985338517
0.0982881306626	0.648976686025	0.615122100788	0.851022363289
0.367164077719	0.861307300433	-0.0630783353774	0.400699606198
-0.473112968749	-0.436225017925	-0.0317730845701	0.445089337762
-0.228232622869	0.194357263447	-0.386005738404	0.0817088732218
0.471463951611	0.239510385371	0.903736171344	1.36839203648
-0.205708686944	-0.043468568697	-0.525641000808	0.350405249759
0.699175010285	-0.587072748788	-0.987521970882	1.63332598074
-0.272705981134	-0.12593543996	-0.278183241772	0.221130944804
-0.431215777567	0.943600747235	0.103041589861	-0.113100792679
-0.0393189665227	0.157497261445	0.62637936623	0.486357496823
0.731401666536	0.0725812565038	-0.761898769253	1.11322461437
-0.622626229001	-0.374557278067	0.316884779486	0.602597069632
-0.872639384018	-0.644170255773	0.00459974022865	1.32068597151
-0.0989823603453	0.943831672259	0.199772495368	0.144835479251
0.0484592384412	0.877719784371	-0.0531678811572	0.00104225250769
0.545527584254	-0.730153213816	0.613159201145	-0.172454329034
0.663039542394	-0.824940254059	0.492165647607	-0.271126803467
0.921362220682	0.391080914148	0.28923108041	1.40600289443
-0.589074833764	0.0436345386737	0.965215884436	1.29506360456
-0.678553760319	0.138442971692	-0.178726934213	0.373694035731
0.0773799052881	0.883563743596	0.821128570516	1.47412929159
-0.541698540122	-0.943783847605	0.953477038962	0.813925876201
0.610230415247	-0.264083372295	0.687753531008	0.502610101395
-0.964563387238	-0.88272731389	0.491418973186	1.5895326329
-0.805351743996	0.9088330515	0.819195394583	1.33225409327
0.0242121933543	-0.690670546593	0.20572382993	-0.115901514375
-0.0747382045613	0.615444628914	0.379196743209	0.33675334162
0.265770560771	0.320176557104	-0.233135536127	0.13543513901
0.439395043092	-0.452335017756	-0.253455780353	0.173200996775
-0.34484670827	0.247143457687	0.578323877723	0.511080114699
-0.646687936632	-0.0254953123363	0.0324000534651	0.434916512295
0.791549685857	0.928199664425	0.212138184969	1.60317625959
-0.335283956266	-0.583975046407	0.361109934554	0.227733989293
-0.561905137632	0.542879217845	0.994246438449	1.53897247129
-0.239804351535	-0.852821777059	-0.857782121774	1.72934194209
-0.335297226171	-0.984594508117	-0.372758276099	0.948520521256
-0.303214573177	0.859448764983	0.187028970187	0.0270633400779
0.808849469221	-0.0725177536991	0.141660487347	0.605376310615
0.465203315601	0.686256931218	0.621794525494	1.34900235945
-0.401867901282	0.350311265635	-0.0564708338438	0.00412554276421
-0.487657782592	-0.714304910513	0.429766218947	0.463861344059
0.931779004001	-0.931024019298	-0.633490309249	0.991808144709
-0.278264059686	-0.313586992022	-0.465308152524	0.527117137097
0.715066986509	0.835146741103	0.743652963958	2.28258573881
0.853524093372	0.997494291169	0.149834111552	1.75179772036
0.687522165175	0.0787591124132	-0.963070972767	1.37849044668
0.310848719072	0.801629241674	-0.389001031189	0.185299549717
-0.432657576285	-0.769008077358	-0.452674833768	1.07293485792
-0.624053701085	-0.617304300764	-0.563714500395	1.44043147888
-0.0419007428642	0.100037455309	0.720281224815	0.588424172219
-0.7928022851	-0.364369923831	-0.834619986082	1.91810971342
-0.281628672243	-0.985921683104	0.345663735657	0.135664569679
-0.0467447463602	-0.371975684088	-0.310179634375	0.231163667585
0.542647136729	0.879849535187	-0.16178371326	0.655742390986
0.460305476746	-0.854347997476	0.150177581853	-0.287130540593
-0.215925773386	-0.338856291311	0.822531622965	0.517630001914
0.0436413588375	-0.416799730438	-0.786000628895	0.929116700473
-0.0850247262939	0.884111064895	-0.531748932077	-0.255310285055
-0.0793844264796	0.529542129786	-0.568252960371	-0.0137379670241
-0.624062481211	0.173010996797	-0.128669922423	0.275778945918
-0.433392090921	-0.153075255137	0.226456654393	0.270788015535
0.428866955929	0.68313843765	-0.299877594378	0.36197102842
-0.803066477883	-0.546639972329	0.945784866403	1.46140920547
-0.0371496557622	-0.493757559236	0.516563363212	0.0315036630812
0.0386015088121	0.717072123682	-0.368465476913	-0.0992793719731
0.0917941591187	-0.0300522378733	0.669505839727	0.433785468419
-0.760606985762	-0.867827275544	0.110299153284	1.15504376453
-0.0448373925796	0.196073453336	0.342457242637	0.17764270659
-0.559047782813	-0.147221872605	0.818678399647	0.94454543992
-0.655882893619	-0.878279419227	-0.141614525815	1.15066261444
0.0115932792835	-0.848038517019	-0.295131393462	0.327688185397
-0.877599308287	-0.453743111206	0.758785729581	1.39984717218
0.0254647492433	-0.23011258228	0.153490061785	-0.0169721011563
-0.402821568546	-0.162236232172	-0.166094177514	0.282151238954
0.98120379987	0.165495798884	0.990408731136	2.2699639425
0.368621187182	0.820927406219	-0.441103682315	0.270951171465
-0.0401702620202	-0.241214053094	0.210595516051	0.00485515505717
0.509125574606	-0.705095187317	0.348997632162	-0.224050345244
0.0169539692464	-0.598150638505	-0.673401462262	0.846411453542
0.943422668182	-0.243628983867	0.14481173403	0.645891327533
0.659649979821	-0.549255359215	0.151634359072	0.0125288037449
0.123435015307	0.407651428296	-0.594335669523	0.176507766795
0.608785997173	0.576544467316	-0.245535004005	0.640338178903
-0.276856816707	0.597592524544	-0.709187644526	-0.00965598679587
0.469566182596	0.0774071807585	0.105283949141	0.276074637841
-0.507955710974	-0.277225561001	0.48443474734	0.49921664108
-0.975208186336	-0.390080692409	0.255444037505	1.29704876054
0.579913577274	0.24042509791	-0.24915250268	0.477899990442
-0.310375924757	-0.933808286991	0.39066104764	0.173978355741
0.590429894636	0.484315150298	0.592842465212	1.27314637984
-0.702009898403	0.814167445864	0.364562141092	0.350984473491
0.615713735586	-0.18814948754	-0.0347505330895	0.27100307491
-0.724165953959	0.723360535938	-0.686388436348	-0.0247939653158
-0.727082786458	0.843137428124	-0.129311532017	-0.176687252462
-0.195994990247	0.302620228709	-0.28779373648	-0.0251649841699
0.387682306713	0.891905163642	0.190454839299	0.702214122573
-0.539438208127	-0.834587326688	-0.190263937288	0.936194109039
0.0966132576253	0.407624374605	-0.649463054841	0.205781328312
-0.115946541018	0.851433324302	0.544172218467	0.674172615826
0.00232862788816	0.938225964266	-0.545573984448	-0.212030503477
-0.615932649967	0.936385008971	0.068317677681	-0.128738116358
0.468847356649	0.451429913125	0.0265750803354	0.444172586419
0.176128916926	0.459612451619	-0.682827466373	0.264389781667
0.392671725189	0.00525737210214	0.762567472944	0.741773756886
-0.786460768231	-0.812956038878	0.445658363165	1.09418928989
-0.425251650439	0.963451062486	-0.326830974967	-0.436937352126
-0.464002351697	-0.0538463452558	-0.58941367733	0.619429268601
-0.911228518003	-0.326885950406	-0.688489523398	1.8272805882
-0.197646195144	0.252927772002	-0.259176793934	-0.0093065918579
0.495484327621	0.308663618131	0.597907075557	0.940487736457
-0.744070734848	0.250516285631	-0.925722299096	0.992292684865
-0.348710962076	-0.288519927446	-0.555724388895	0.691376553326
-0.993635247577	-0.969681855909	0.0770242253005	1.88206481374
0.792873616826	-0.854333140599	-0.0837425781003	0.0298272442347
-0.0420866671267	0.547247666373	-0.01429280953	-0.0288779650776
-0.470098755614	0.458329569085	-0.624162025948	0.109039002185
0.437766468257	0.0168863610272	0.981535329605	1.17901792656
0.979021979078	-0.641503453735	0.718079313174	0.385425595209
0.406383595942	0.973544819458	0.725009510984	1.79224831609
0.574255541166	-0.872918721483	0.764446901389	-0.254429932998
0.483368687283	-0.742472591626	-0.635506925263	0.750472811741
-0.629745690156	-0.719295558752	-0.744841593593	1.94010316213
-0.227625781634	0.524405447354	0.672103291318	0.73662275797
-0.814239882562	-0.861392097956	0.371101414861	1.18241882084
0.281866483947	-0.863739638519	0.238636853881	-0.313183102061
0.42525394313	0.953880435138	0.067308150904	0.655216647915
0.0221721355849	-0.256001377922	0.278101002485	0.000961434080831
0.0146200026832	0.524958160476	-0.121387167967	-0.041099705661
0.708563716948	-0.0716793646066	0.480940782544	0.648103650569
0.936966039076	-0.577169811621	-0.00989842166097	0.342927895029
0.722127347912	-0.407580552815	0.521766090395	0.28672098446
-0.852496242846	-0.339473893668	0.853977991872	1.45552523956
-0.516230464752	0.928326904766	-0.0266903129645	-0.236801699566
-0.842978766543	-0.105167002772	-0.425503811309	1.02506920506
0.823392302374	-0.974508990967	-0.890305462609	1.53582617662
-0.842279299162	0.55037510255	-0.807573871649	0.45357186789
0.401427796958	0.642563313919	0.931643806114	1.8856873646
0.0151647062639	0.932484321783	-0.0513429013508	-0.0308695378737
-0.727568629681	-0.336997473436	0.917087625562	1.30653840107
0.538271786566	-0.956024065271	-0.22905333853	0.0465816703568
0.320727522776	-0.219262731444	0.695636178551	0.363925155482
-0.92275786242	-0.854203051055	0.526429935519	1.46715507404
-0.0287570844264	-0.319596690739	0.154249348203	-0.0154870808906
-0.521598133594	0.881013848509	0.048929733099	-0.141968674839
-0.884339592915	0.558429053583	-0.326097089126	0.212452816359
0.554909243761	0.270137820343	-0.858785932402	0.963348960182
-0.98944451235	0.170213115435	-0.263710986883	0.835240425974
-0.420338173226	0.81929699407	-0.414328069618	-0.33548761467
0.309350947014	0.149264078015	-0.353622674765	0.214138825902
0.562772229518	-0.699697959717	-0.342991539616	0.280575678255
0.523169644744	-0.613301671296	0.593980507244	-0.0586307351359
-0.401241550815	0.1381496789	-0.993621160785	0.955577957543
-0.828194216263	0.321253292433	0.695861914608	1.12761727645
0.439327565676	0.369850551752	-0.225531839347	0.322945787867
-0.553277871226	0.16429120578	-0.961072493842	0.980982293757
-0.786818186984	-0.482023599081	0.791370710389	1.24315603691
-0.790916930678	-0.961777564732	-0.487757571278	2.09325748815
-0.460319770231	-0.0992358352954	0.623451561071	0.584397620341
-0.459908969856	0.393235395499	0.403722137239	0.352413173304
-0.658103699348	-0.73583041666	-0.741649270928	2.0131249315
0.112857540379	-0.45826417742	-0.315476097581	0.205114819012
0.959803362132	-0.655658548547	0.948680591596	0.569903539805
0.718432838242	-0.694116594551	-0.577260865595	0.751386041112
-0.282860313748	-0.859197169086	0.805574127721	0.279845403139
0.950093769797	-0.0410805169344	0.70328931027	1.32937219373
-0.856231058391	0.758751244954	0.537838289412	0.780820741064
0.0914682821119	0.807152937128	0.195822255263	0.27860020334
-0.0813462984741	-0.463940027663	-0.95245567515	1.39341114964
0.76031954254	0.853580932295	-0.321588661712	1.05599738839
-0.644843720761	0.32828123817	0.87147430558	1.24968945848
0.0179119227206	-0.512852908697	-0.75065613289	0.939595466338
-0.500369489737	-0.610288268215	0.323001138373	0.46294518564
-0.772551494069	0.922038838468	-0.671669049811	-0.283652309309
0.181954271968	0.0498812127731	0.438810809165	0.256626798422
0.812401490603	0.397270598171	0.299255922551	1.1911790946
0.836134162204	0.292076171508	0.727925035894	1.68581961768
0.297045457874	-0.805707858335	-0.425007630387	0.371967617894
-0.701472323718	-0.486647858849	-0.0525264595736	0.86175434336
-0.154778789379	0.657689255797	0.18995478591	0.0831741693117
-0.272487555896	-0.762704797428	-0.682104995638	1.26758901184
-0.816927641099	-0.40413147787	-0.0967416205944	1.04597222096
-0.29899947293	-0.901007926601	-0.892052763286	1.95830632313
-0.547393975944	-0.0350489742248	-0.91307151649	1.18452757653
-0.199865254199	-0.989606841286	0.662120991588	0.0208988871936
-0.589852407137	0.67606666108	-0.618466821999	-0.0864772746421
0.972920514439	-0.0659337070666	0.475149436305	1.07686469429
0.124201779823	0.0472892959912	0.148714549101	0.0504481202851
0.114901617939	0.907625651099	-0.278554464241	-0.0577405498254
-0.919438202715	0.888797683508	-0.382948621184	-0.165542137034
0.350440183904	0.343285801084	-0.625675894903	0.41979413642
-0.392234532911	-0.990987961843	-0.456628362744	1.20357030132
-0.451143656176	-0.912364336427	-0.944125134416	2.36789635221
0.650793528682	0.71446779758	0.0696454677984	0.943113171264
-0.338505140154	-0.439824723329	-0.439828764292	0.650365565989
-0.154328100359	-0.51030899311	0.757782830212	0.290103604746
0.909623848964	-0.492086855	0.0701957395584	0.350186648673
0.307983645047	-0.415126406477	-0.349815805471	0.234590657806
-0.302764759986	0.944193870352	-0.6013754003	-0.400364725306
0.076042224634	0.19790033257	-0.586344819775	0.248593614314
0.336287990977	0.649766618756	-0.216812305079	0.237728500958
-0.651025894234	-0.966035055785	0.888339640684	0.983728633883
-0.324041105439	-0.251563787523	-0.0444331057062	0.199671707057
0.550955972356	0.564389017794	0.552778473048	1.23205212329
0.672049116142	0.100543082689	0.662261514789	1.02439603258
0.143554024494	-0.807610372334	0.226770138044	-0.227045181335
0.781299810727	-0.570268654593	0.887256670692	0.446128334158
-0.88982673976	-0.85070586978	0.012693168796	1.53813542073
-0.958440023778	-0.524061933473	0.283941689133	1.35270906339
0.816567781151	0.0111951233371	-0.989882708609	1.64471043603
-0.774935171655	-0.978460614193	0.562574668234	1.12480116621
-0.584726918113	-0.593418286662	-0.212715833071	0.860370705523
-0.991259804024	0.0822929094018	-0.152071150653	0.911633603265
0.873164346062	-0.690909178383	-0.444995907545	0.6646118289
-0.683092000481	-0.522761909379	0.292513929318	0.75635841821
-0.121926833102	0.729167851655	-0.626034294287	-0.138604118126
-0.68328689329	-0.831588770698	-0.882397720024	2.54751245773
0.272307461534	0.588267908449	-0.733141057501	0.340553548158
0.786276527298	-0.764832190923	-0.0148898879891	0.0284711527524
-0.492609122425	0.986509856947	-0.0410096476321	-0.282074637818
0.0732171809487	-0.925427707039	-0.973671443133	1.78670215791
0.303855108981	-0.491735103504	-0.879645502512	1.1492404861
0.950042325904	0.428417872909	-0.350849420422	1.28238068685
0.826638307621	-0.031111751242	-0.910533208376	1.51501173246
-0.660070329935	-0.417243507797	0.333078718424	0.683069400134
-0.211053587828	0.0654000074797	-0.234289473352	0.0703097347263
-0.822907565436	-0.190011746367	0.67984471243	1.16654931681
0.404833171103	-0.645992117012	0.0247192242266	-0.112986524755
0.503065859932	0.23614387859	-0.0485580104361	0.362762386236
-0.510708178189	-0.563916417245	-0.12038033355	0.631195440479
0.99857385628	-0.877825804451	0.857897185555	0.103479141691
-0.154773112306	0.74345306401	-0.298545005435	-0.223936907043
0.257156873047	-0.656748233612	-0.769509378528	0.994760943959
-0.353917942585	-0.882266997761	0.310267194303	0.26003525658
-0.312548807453	-0.194764769682	-0.190907848565	0.232188183338
0.345130113287	0.403079180918	0.0800041009725	0.296878202134
-0.519672235027	0.886122548168	-0.590151440018	-0.365101828935
0.605699749742	0.329330088884	0.471477446786	0.943910031542
-0.495936721249	0.319631842748	0.700267109742	0.801637755072
-0.426663356177	0.310099392175	-0.316390904549	0.0517241493811
0.285962167811	-0.818588808162	0.237050433306	-0.290164992452
0.638669024688	-0.452751774866	-0.963308278027	1.48284195975
-0.769084588452	0.891693016711	0.839962042954	1.36022826902
-0.296759800794	0.905745848247	-0.56492600445	-0.373260570722
-0.731577147238	0.405090467823	-0.903852068531	0.689656898041
-0.771564867019	-0.928579623815	-0.597973120996	2.22460926716
0.466397161485	0.143304630343	-0.49612023444	0.459402145279
0.433819579365	-0.211364134046	0.295126940414	0.12122618848
0.521334478884	-0.508384067867	0.994665947547	0.490439522405
-0.851620640985	0.883260192133	0.440748799893	0.556610479455
-0.461839621377	-0.946038264119	0.747282514867	0.501687093437
-0.728845927581	0.266636571422	0.931286291206	1.45248854681
0.558221324611	-0.706350723881	-0.125939842498	0.0221295533681
-0.672615122452	-0.932992563224	0.307295116465	0.887682240337
-0.143373563299	0.111410321225	-0.130414517681	0.0070611070255
0.695452998554	0.771909898509	-0.471663893781	0.878866727046
-0.174921773151	-0.629152210719	-0.017343244432	0.151862375706
-0.74777343533	-0.778719215905	0.751736021383	1.12118641453
-0.363538861387	0.784272506435	-0.270044392251	-0.291817448841
-0.0495583356592	0.0438880502629	-0.0168799896728	-0.000174885876891
-0.845883638527	-0.710152185858	-0.872912851459	2.69810306058
-0.568993118234	0.776226542003	-0.145078449076	-0.209480378452
-0.79003859838	-0.829567564838	0.332962857599	1.1142004607
0.422879328166	-0.860245149665	-0.818494899068	1.18908720199
-0.669055735807	0.915757717976	0.847028958446	1.32807398629
-0.00329742031549	0.787396998851	0.456172405078	0.564696539992
-0.0657175462851	-0.683679121891	-0.750221550926	1.12499169686
0.639043548204	-0.580241077922	-0.559088709113	0.674563759139
-0.776696726441	0.0320473700424	0.521499945149	0.86704161197
-0.751553667096	0.623072032188	-0.888227276874	0.332078964806
0.925457308951	-0.172384559617	0.435710612841	0.81167063607
0.335912567046	0.511087531345	0.384672606327	0.629092364141
-0.60210496887	-0.502266837024	-0.912595958571	1.956145821
0.755260192257	-0.79639776551	0.789325462661	-0.0366519202033
0.585094309377	0.795106624954	-0.557846685469	0.675193041638
-0.866114020147	0.683289609571	-0.358897725329	0.041923275855
-0.108335907894	0.862997384509	-0.778534115874	-0.147514472392
-0.167182408302	0.143601975196	0.591976407993	0.439387282673
0.441743735178	0.87431665628	0.155558051424	0.741566735783
-0.994724390259	-0.457770074318	-0.977138047207	2.84693499042
-0.177114142902	-0.484711638299	-0.132635504707	0.19910085588
-0.867681599928	-0.394217156335	-0.411268301331	1.4261969677
-0.582342063935	0.73493121146	0.572686160592	0.659995293219
-0.945603279898	0.734025489748	0.411265628562	0.671087523979
0.239912289712	-0.60093257457	0.998631842037	0.310541948874
-0.0744601304168	0.663507464026	0.532220830578	0.592530964818
-0.785743686899	0.0729780653718	0.673193750819	1.06236929105
0.737487959279	0.35263479348	0.420297230167	1.12881359294
-0.455885382588	0.476581316442	-0.356484195981	-0.0522476991501
-0.00432238535451	-0.526421568818	0.97512606502	0.439837529633
0.628843490254	0.265683063244	0.114958616252	0.606275240789
-0.624848885486	-0.4068418853	0.943391479271	1.15082714345
0.528340647005	-0.722607029223	-0.272707024415	0.168790307854
0.910019772214	0.315328535106	0.987760169195	2.40223030655
-0.323820379981	-0.317431582649	-0.505694469557	0.623900746551
0.505488884536	0.299278580867	-0.778770951109	0.78021573762
-0.320555991349	-0.449735370276	0.393037082765	0.224636981532
0.952945065984	-0.6320782637	-0.939045914899	1.78112617779
-0.11195257964	-0.782904663822	0.598563428896	-0.0101583448486
-0.644768767084	-0.890242924531	0.768420116976	0.89611649983
-0.458422882828	-0.983356459749	-0.205709997841	0.905547501049
0.492922733375	0.847922129898	0.980514240846	2.45374081503
0.172727375588	-0.671427520793	-0.641012566065	0.755151420596
-0.365626080277	-0.8107152655	0.771150630965	0.399590782438
0.930476729041	0.328340917527	-0.350389991525	1.17902630109
-0.445403505636	-0.488222865782	-0.704991326708	1.25704611539
0.942345613111	-0.27196030672	0.227811790766	0.621677100093
-0.536407884331	-0.559491874277	0.376190617453	0.518893057969
-0.0410758112119	0.850126062002	0.788283057454	1.25829775468
-0.312339803382	-0.973987831969	0.786370953297	0.254234856975
-0.276575085175	-0.121376444496	-0.795820902098	0.839988297982
0.320952966085	-0.817713495686	0.0340913036729	-0.186151467522
0.497877124181	0.354237453507	-0.542543036632	0.526412238296
-0.845943907348	0.219925414087	0.934755939938	1.60892178467
-0.01079439632	0.256828340105	0.919558663528	1.07910107296
-0.120663880053	-0.547590754178	-0.206063537546	0.235934866469
-0.148413621905	-0.915832657993	0.411293468018	-0.0495650281977
0.320417747466	-0.999416642493	-0.954788982652	1.64829070425
0.0989053337628	0.799368453957	-0.417464013758	-0.0705872916927
-0.745250071051	-0.0623642017516	-0.169871134466	0.641324674214
-0.370251311441	0.545154684852	0.560838877165	0.555525984092
0.59410503415	-0.740402440903	0.917594939674	0.0756749143852
0.131411336376	-0.657492188475	0.566484524623	-0.12068742101
0.398040761581	0.51921271465	-0.562513105658	0.389461309664
0.402473658822	-0.498150250472	0.697785969623	0.100795695953
-0.0689282573449	-0.698166528349	0.898174490296	0.232516556073
-0.899964319923	0.287083293825	-0.646585324986	0.784019793498
0.437763719414	0.70527534538	-0.0940873459286	0.442875975708
-0.777120016706	-0.448951802264	-0.434923614916	1.33722324402
0.334058099054	-0.5768292979	0.105293948401	-0.130749503951
-0.387809103186	-0.333585346724	0.764818794253	0.609578780044
