0.0174819865209	0.602369593195	0.853988444276	1.25454917169
-0.686344545764	-0.860271189436	0.46308031227	0.87757999882
-0.370785834182	-0.278263224021	0.505892284012	0.355813981537
-0.952660338994	-0.738829116885	-0.0886471132547	1.68476829753
0.13335189842	0.336139789821	-0.909494007815	0.58406983354
-0.516616956705	-0.748883165357	-0.634616244355	1.53177002123
0.836274958748	-0.500395526187	-0.424414048447	0.673389734222
-0.702688045917	0.602109332894	-0.473222291333	0.00968323818405
0.171835540002	0.24261597858	-0.462405773435	0.172849570584
0.469572169191	0.225539822433	0.799271219633	1.14550721722
0.980941541911	-0.560488833255	0.348737713189	0.338593926952
-0.619200115856	0.849316003091	-0.793474643297	-0.18679648708
-0.0475091860931	0.68020530974	-0.785080066328	0.0522762029793
-0.589050696567	-0.385073252034	-0.908997052807	1.75011448369
-0.155727056744	-0.781527163593	-0.119227756017	0.25335082894
0.471810551955	0.776831413459	0.667427297445	1.55306014313
-0.177486341476	0.71308461491	-0.985013152055	0.172791807454
-0.351638240715	0.0238204580334	-0.201076702992	0.150915369698
0.240990012588	-0.218792574178	-0.328116102256	0.184798904163
0.849781572508	-0.690367887397	0.166141052	0.0483712140931
0.645699763912	0.217932953262	0.46653644095	0.876977356701
0.102654350009	-0.229991140352	0.44384791134	0.0818482056838
-0.274335613483	0.807272060567	-0.560582506231	-0.284493295789
-0.200868426834	-0.0586166948789	0.158054316452	0.0678389134927
-0.419249355441	-0.766424810961	-0.278171519711	0.787670078814
0.523503826312	-0.0915536287827	0.345013734793	0.313574798979
0.305373008743	0.908743437875	-0.387392769076	0.168790913022
-0.574634265111	0.887572748298	0.613043203244	0.740117234462
0.626872994881	-0.462230758074	-0.294263000864	0.325817895711
0.866520766663	0.812449042464	0.463117077607	2.04559866003
-0.876206692615	-0.861155069425	-0.550266843916	2.29894668508
0.187354598002	-0.848977034984	0.393771729452	-0.303204986125
-0.127705336785	-0.204228329556	0.370828946972	0.104170032172
0.442232545899	-0.743547989154	0.408598233449	-0.270111374064
0.916645938755	0.187470555019	0.809102573657	1.81841378318
0.617320258074	0.661983338919	0.0943545743995	0.861103968564
0.328706315767	-0.014260545313	-0.163818200705	0.132532850471
-0.257889455718	0.53226459538	0.541717719409	0.511036794823
-0.522348893316	0.100321442106	-0.675430745708	0.608892077883
-0.39912602941	-0.168624564538	0.181509267843	0.228942733321
0.380733685518	0.41385645809	0.440256447159	0.67855594699
0.987694493297	0.450983836279	0.159144090693	1.51807291789
-0.244445246848	-0.58142571702	-0.270500133407	0.43232628782
0.0505963794113	0.193831050891	0.901566247099	0.999940374034
-0.583027393101	-0.282397984133	0.339167191578	0.523820954269
-0.0395536993529	-0.397886272938	-0.104994822065	0.0701022802385
0.474902265835	0.603924543795	-0.327345072044	0.421800369231
-0.557930521102	0.952033201135	0.00469063329402	-0.215394272968
-0.896488323154	-0.230204150921	0.091655626761	0.997367894974
-0.400942300361	-0.0851901586974	-0.438930072251	0.424963197254
0.332285465942	0.369427612008	0.629712876475	0.862340688069
-0.818688654296	0.154259317759	-0.829560518695	1.10416397393
0.0954057708421	-0.363270118526	0.0147630965797	-0.0307008473956
0.356794659634	-0.17845388101	0.0993457563968	0.0557719809312
-0.45178246244	-0.191268078892	-0.107542585213	0.322653828344
-0.901160500302	-0.266375268045	-0.715738673031	1.75507404607
0.383801288805	-0.678357975072	-0.0513917797733	-0.0755480971249
-0.752730920482	-0.930564528055	0.42902316478	1.05189566948
0.533069777076	-0.39175204319	-0.525766057588	0.557732087512
0.4544719874	-0.569187105932	0.801985676298	0.134566310991
0.745677735033	0.888209677986	-0.265811211309	1.0529129751
-0.687608268855	-0.633853516262	0.265972582095	0.810801808457
-0.318318587628	0.266770346657	0.705399728833	0.702177270891
-0.923248128168	0.354870545626	-0.176467048301	0.493271200595
-0.592090880304	0.269648886721	0.527756750377	0.611751171594
-0.278031664148	0.859522593197	0.906808456808	1.44005104298
0.820548881361	0.837147201661	-0.686402205191	1.25674896856
-0.350685808621	-0.578675366334	0.784983355245	0.487862112489
0.359058608964	0.791615011593	0.726051464721	1.51506323765
-0.776157246698	-0.0556441679629	0.377307610625	0.766974760779
-0.180285790543	-0.847275139811	0.989024965249	0.325448750837
-0.444305388932	-0.130972308407	-0.0942903550356	0.276839077572
-0.933165044082	-0.91184907517	-0.869793513591	3.27136384917
0.204208284814	-0.406296712831	0.9978838211	0.549067072847
-0.454018312415	0.0179064560496	0.363838821623	0.33689652104
-0.596985480492	0.898113766886	-0.220116780028	-0.329007728358
-0.637142236316	-0.502806904328	0.182029124247	0.667918846371
0.512660067377	-0.258405544087	-0.875013348369	1.12210280123
0.979874340549	-0.309741010647	0.414301673794	0.699966112473
0.274714664962	-0.972065382083	0.978210265159	-0.185561480912
0.462902852646	-0.0687514447826	-0.355842468842	0.333542357554
-0.782706716921	-0.742470144052	0.584060183383	1.1012452229
-0.116838177736	0.126682836308	0.645127256322	0.496765495493
0.741851530946	0.797226070606	-0.2712816712	0.999087999328
0.61668083437	-0.453361860294	0.57332764592	0.169495382666
-0.391992215837	-0.480077905757	0.343050314931	0.294837341142
-0.900361439497	-0.63611657808	-0.771242866501	2.4688014919
-0.638730278245	-0.750020521178	0.635263750872	0.814136368186
0.53891797249	0.939620687849	0.40923722535	1.34881392687
-0.123053981675	-0.559036304434	-0.717889533834	1.00062562034
0.959555189183	0.417661659791	0.50016580138	1.78058148171
-0.337290605304	-0.184404093021	-0.248561557928	0.283581337311
-0.39276181932	0.473198290979	-0.54906226175	0.010061668428
0.139172848949	0.400068307647	-0.505585943214	0.128395961337
0.804554290484	-0.500299228046	-0.520584535675	0.776246016001
-0.753379556252	0.771485087959	0.341489694467	0.366429080958
0.514356712984	-0.874150936999	-0.141108092256	-0.0418013096511
0.216653213164	0.0505535464448	0.141942873433	0.0852146980117
0.104428691536	0.158225219911	0.88284697799	0.946536048087
0.55604858057	-0.541548597741	0.339825183762	-0.060488001354
0.300017140741	0.289345818372	0.663042084983	0.808292251005
-0.329953409855	-0.191979563378	0.199967670491	0.173810927405
-0.483686631236	0.243513287453	-0.949599027603	0.786666967818
-0.127219726169	-0.607493458905	-0.813416498687	1.24926161287
0.999267309525	0.981211222913	0.186008899986	2.19614078578
0.131942589791	-0.354768277206	-0.67075363773	0.658472356745
0.626765198102	-0.750729231261	-0.63623230695	0.804733397306
-0.936082706681	0.810129797118	-0.814874515506	0.121768690597
0.19295328071	-0.930305287672	-0.748165687551	1.11349990243
0.195207947323	0.197393566113	-0.904566497279	0.716323876869
-0.0172891878737	0.306580398856	-0.763421554217	0.34376077476
0.749283156362	-0.431248143211	0.549927224539	0.303563136294
0.867892444874	0.542827792456	0.414297625602	1.62088822392
0.0628568791898	-0.606553910613	0.0967878837341	-0.0835142735613
0.595670188884	0.624281172402	0.261782530689	0.958644656354
-0.100625746346	-0.268771800128	-0.398112985289	0.302666396578
-0.581578335659	-0.475584255131	0.257254228938	0.55865653753
0.867043992841	-0.646590046328	-0.519994132426	0.797760197955
0.0969499639728	0.470597371327	-0.0073726090026	0.0516085186573
0.317522043546	-0.646683801105	0.792141053987	0.0107065476903
0.446467376993	0.429729160903	0.41647543972	0.743616603143
-0.583108257803	0.0135608020251	-0.903038953784	1.13534124425
-0.966967670147	0.224359421928	0.168563906371	0.784310858735
-0.646940642798	-0.285779898432	-0.61236879333	1.1534130571
0.097715274534	0.0562131125603	0.315538674541	0.132343220764
-0.0648267748819	0.529018105267	-0.844439318448	0.236262047406
0.936495251636	0.920120349217	0.675846756109	2.81734088531
-0.210455869748	-0.771698395986	0.0669287206517	0.159530797497
-0.775044753865	-0.716370016272	-0.754628623056	2.26597087115
-0.537024340701	0.435816092519	-0.679553378512	0.219983788919
-0.138187184677	0.489578569322	-0.357679039089	-0.0957354833936
-0.262987277301	-0.867816792421	-0.586975758269	1.15131504402
-0.770662278157	-0.228751283769	0.476079194475	0.887958004955
0.615593786405	0.910541897716	-0.326228257461	0.748860023685
-0.10609395098	-0.966537579136	-0.4714539045	0.791746416574
-0.639752876167	-0.12677257636	-0.00386972598208	0.490892412821
-0.237067932313	0.977131132161	0.872223738593	1.43760596678
0.0448797127054	0.0867587162449	-0.448037412633	0.167774267241
-0.896418155247	-0.786538380194	0.734356695468	1.4703128233
0.73859349101	0.686870406126	-0.892417214639	1.23627186643
0.842096631911	-0.130539286603	-0.620086908866	1.06465352116
-0.391640218603	0.0466358579568	-0.531630508285	0.392955535692
0.638266455714	-0.24017502482	-0.697391828111	0.907939868188
-0.990066829268	-0.752718495251	-0.322322948537	2.0719844683
-0.651240199839	-0.456814887141	0.154658503024	0.674878962231
-0.153033118422	-0.202794255529	-0.163286153266	0.114229234394
-0.750128408578	0.400248752152	-0.947747726866	0.781345578615
0.464464965977	-0.0662979936083	-0.647074703212	0.646540035349
0.367149962286	-0.868940760017	0.869611513346	-0.183649177645
0.701494786731	-0.611866002779	0.288169740402	-0.030405343215
0.778089877556	-0.252279318652	0.460622259518	0.505095269572
0.372850768293	0.0748147895169	-0.438019799831	0.326003433083
-0.809174635837	0.729158326589	0.205482197383	0.256799156525
0.0418566359891	-0.773408725786	0.192519266394	-0.142452722108
0.238748032336	-0.381803228263	0.406918192756	-0.0239344105801
0.0837358870115	0.982362436821	0.892775099625	1.7633467897
-0.936052130259	-0.919350124972	0.429604594629	1.52635630346
0.960188772425	-0.162707165458	0.514428823298	0.946668643795
0.298472369517	0.759079278429	-0.826915487525	0.371744758166
0.246831469009	-0.615055579721	0.648741527346	-0.0690358250593
0.881440365437	0.864402614542	-0.674235363424	1.4106389886
0.0517949908064	-0.0410769568636	-0.449302936281	0.220884266353
0.230916035399	0.645170413637	0.821888388227	1.40806100358
0.632746945392	0.526372642656	-0.972037636697	1.16663252625
0.498797487644	-0.588900347736	-0.570929489847	0.617237977237
-0.974395347321	0.954486137729	0.218162193124	0.275226972818
-0.49573687971	0.11771216627	0.750053263427	0.838271084327
-0.0621664644994	0.325359454224	-0.589610484026	0.139443399934
-0.294389870478	0.251647065314	-0.366402081569	0.0546295257024
0.727808705713	0.0663751307107	0.575805668012	0.94778525388
-0.885518581047	-0.742976860305	0.667790151438	1.39185402877
0.505535914461	0.519873849639	-0.00807630101359	0.51424803173
-0.783549596454	0.157934611581	-0.601146206058	0.756635337434
-0.0871265542554	0.447416535794	0.897298399493	1.17521973458
0.092019433714	-0.17945756484	-0.329176953569	0.159384753939
0.0541246715646	0.925926182766	-0.262643978504	-0.121162146391
-0.292685361431	-0.284189488007	0.463243995078	0.251788749
-0.00730657364164	-0.0290424630745	0.706857978706	0.479384892229
-0.401155996303	0.302026013454	0.060322512547	0.0616243605395
0.0160558280733	-0.640059711275	-0.249758667308	0.212220953316
-0.935344721828	0.69587633974	-0.643833384129	0.190478495
-0.717644148288	-0.927415304301	-0.350274679378	1.62810973911
-0.876378534102	0.395893033051	-0.696606948345	0.630566581926
-0.947677590183	-0.342325629945	-0.421400959892	1.54434226103
-0.00388439947942	-0.781484430379	-0.534603868905	0.706636582892
0.800660105146	-0.701204227059	0.552912411219	-0.00236203165393
0.136117271248	0.994147424726	-0.583866544606	-0.0857007335894
0.358924703358	0.446843367896	-0.893522289252	0.68832763832
0.239288101571	-0.454225659031	0.816007880533	0.243785143701
0.673566702445	0.890174455816	-0.417387337699	0.855948618918
-0.879792997187	0.880629397113	0.22345488722	0.24597717044
0.0688132109346	0.792561108443	0.437334848806	0.597150295244
0.057452592688	-0.813058709668	0.982481836052	0.123043613808
-0.792417617155	-0.0238508872364	-0.271609477945	0.72707537875
-0.375478304477	-0.0618657302198	0.150117408509	0.177461309862
0.0650923228991	-0.200938104435	0.74833235283	0.400790308352
0.99416794847	0.0130547149661	0.67768859598	1.46945735354
-0.733374470992	0.332250822952	-0.815820754446	0.688680229523
-0.955748402594	-0.336161094059	0.332074829994	1.23338349228
0.79047759994	-0.314217433203	-0.704314580812	1.09383994204
-0.340568676173	-0.478191116565	0.599608637445	0.351646932974
0.617675774875	-0.133829061264	-0.072327844346	0.31377127833
0.634362133561	-0.869818790135	-0.927714174443	1.51823202324
-0.400780842905	-0.804711224489	0.699328823038	0.40944117611
0.910522307789	-0.608113854305	0.0263795344207	0.260003762446
-0.361924043748	-0.0352661455549	-0.358396461203	0.28483996462
0.665695752104	0.200723499666	-0.295900162981	0.604934405631
-0.691063799234	0.116516326462	-0.95978199324	1.20640016187
-0.052497284171	0.234387714286	0.979054136592	1.17847651002
-0.952637361453	0.607081947631	-0.95701487914	0.664080019816
-0.569953712444	-0.132187267755	-0.0816032023244	0.417633845308
-0.0858316045799	-0.308825942389	-0.714518645242	0.765072878886
0.77905640224	0.146116117688	0.672938629243	1.2719351535
-0.707468644078	-0.392179776514	-0.891107316952	1.92151329582
0.563822412532	0.299944630312	-0.285619048848	0.48291955901
0.313411961229	-0.463284767009	0.271062039138	-0.0990762145799
-0.411699069243	-0.321843229479	-0.147330354126	0.371122191853
0.725721467813	0.16013350812	-0.843490193242	1.21928863579
-0.252463649929	0.880187487042	-0.600993140749	-0.326271338123
-0.901720378222	0.910687950455	-0.0886723029843	-0.0809762631762
-0.527711209637	-0.477417330815	-0.249542209718	0.711824688043
-0.0128348639132	-0.738890940351	-0.752860228691	1.13272842467
0.0396797874663	0.549957399806	-0.867190748255	0.298498503087
0.875843273326	-0.189605816827	0.329174035764	0.646978694071
-0.564170266241	0.764228507768	-0.483487603694	-0.248601658356
-0.142589239061	0.898170207298	-0.706064548886	-0.243376710355
0.570451100657	-0.754255668436	-0.32172785334	0.241322350695
-0.396462531407	-0.744859986025	0.157075239623	0.360165184525
0.110901632901	-0.789251829481	0.685321838665	-0.146455636878
0.10913504733	0.317062345876	0.115393700573	0.0964157762142
0.721316091251	-0.0596474310991	-0.0869892398952	0.490028064195
-0.590241854377	-0.774708327385	-0.464190904773	1.38073648191
-0.702085236249	-0.82538484912	-0.0581784230319	1.12381851357
0.492713808795	-0.846605044074	0.614144821336	-0.317131340394
0.643141484822	0.0246340604241	0.791677816456	1.07573015993
-0.848717287898	-0.701703560608	-0.958222212772	2.90644672525
0.609713975064	0.730078998461	0.151256798238	0.950198530431
0.327532173495	0.0922947329759	-0.714316941473	0.58182782067
-0.197503153979	0.114642194449	-0.924761938776	0.765533206253
-0.384264208154	0.977416437963	0.587077468474	0.690551950132
0.794097140599	0.450443332281	-0.34110757161	0.95099077506
-0.766625396391	-0.994731717091	0.477680773717	1.10331580063
0.0413935411037	0.768145564467	0.663698660347	0.983822784076
-0.452541234926	-0.818302679654	-0.756684647967	1.76687800605
-0.663180328776	-0.352082191335	-0.181201487392	0.769933927668
-0.270636075063	0.783594383541	0.970546346332	1.56364985305
0.265688164654	0.0809617430249	-0.998206998209	1.00770141055
-0.248407530394	0.378351141111	-0.436497589046	-0.00689818709362
0.166365980997	0.989488912768	-0.355202027323	-0.0330050543228
-0.223573103927	-0.0644611850073	-0.89682228181	0.926497152192
0.415482401075	0.209151326544	-0.611867963109	0.505933729069
-0.00807131144156	0.376357059865	-0.918094635226	0.494393812664
-0.759193959628	-0.145781681933	-0.0476555855481	0.696270406932
0.187567252671	-0.647299794155	0.178845784323	-0.170011794577
-0.404345864309	-0.169801000644	-0.435514891549	0.495777995491
-0.73454934609	-0.249595493873	0.956080872259	1.39836010546
-0.0804319492153	-0.212691075332	0.442921968349	0.125550776534
-0.15045244812	-0.0580849013437	-0.13476210939	0.0573634247074
-0.199418214464	-0.0416716906821	0.53220350324	0.309140467504
-0.565205649491	0.898080568439	0.0951575834454	-0.0936286424444
-0.830823325435	-0.591623695668	0.49502798195	1.1339845831
-0.802216399195	-0.335605275143	0.647642757558	1.11486802209
0.0907621714776	-0.894078005932	-0.0179914669541	-0.0565012217361
0.276624178053	-0.749620817004	-0.492162013493	0.480316031706
0.845686502216	0.481851808703	0.191799130208	1.25188689487
-0.804615723185	-0.847098579328	-0.849834682912	2.77110803885
-0.638197023156	-0.605950245809	0.502993835775	0.742224643821
0.461833934905	0.572947150923	-0.779962238766	0.639360972006
0.545508889747	0.852014231083	-0.571599455045	0.602076352869
-0.866621389795	-0.736734954819	0.418211374427	1.25629271936
0.661882601111	0.0998809624033	-0.210668371653	0.527537451956
-0.600792452716	0.578022225004	-0.0478950033353	-0.011710264094
-0.432600597537	-0.371554831115	0.30419135928	0.327386732884
0.773607906262	0.334505317573	-0.72101687068	1.13592650149
-0.330768914907	0.30199507236	0.361263844374	0.249128958752
-0.0733776130507	-0.514721634838	-0.521465313458	0.583488870841
-0.877590694487	-0.232022628596	-0.825355807835	1.8464997604
0.168677744859	-0.257063528365	-0.482295086033	0.341680311901
0.485348573038	0.625222024226	-0.295001840115	0.441598292683
-0.367556820956	-0.543994891181	0.9733718141	0.752990443844
0.481127237764	-0.814079567944	-0.339389722952	0.231283188144
0.257984089822	0.077479353564	-0.766429979744	0.614576645577
-0.573827358863	0.163782099856	-0.431484467895	0.350804601817
0.788430727957	0.0515191200421	0.0491461037975	0.667189573645
0.504353091207	0.619705261068	0.111258384309	0.64824813884
0.285414075547	0.915438121933	0.690850877371	1.45244628429
-0.568307249635	0.0222952188727	0.559547052761	0.635870723735
-0.158218633059	-0.693768141223	-0.752253702452	1.22257546854
-0.258994562735	-0.462880805403	-0.110803684408	0.250528150479
-0.00702890610495	-0.356095582401	0.137202730313	-0.0274803290184
0.682953613229	0.303895220445	0.637987015423	1.27488061321
-0.809975713558	-0.722880225699	0.466258036098	1.12192392504
0.474453541674	-0.16859493406	-0.0968466968167	0.170822844782
0.461247692483	0.22368273381	0.427546323353	0.594353167689
0.125536465201	0.0104566779265	-0.522212244868	0.284317121916
0.358496606468	-0.767754617635	-0.262094052999	0.123199603889
-0.935069127954	-0.176371525223	0.890334547444	1.67493978662
-0.969913744829	0.752196148164	0.698938209786	1.2254205398
-0.802283477919	-0.313683876566	0.342143183163	0.905059328151
0.865923068194	-0.98881672584	0.0609990296033	-0.163012432209
-0.613100774758	0.301807704609	0.320856706438	0.390640074629
0.864895033146	0.17816139142	-0.66814926891	1.22951936302
0.131735438714	-0.701008208337	0.0437793216197	-0.103766432863
0.0893362052572	-0.758885754094	-0.34457592894	0.320411318557
-0.64573089618	-0.00201062225371	-0.779628936843	1.02765552964
-0.934801603101	0.155196930439	-0.538426912057	0.9351170334
-0.491987184701	-0.195967767879	0.91958406276	1.00389103265
0.0815131862723	-0.85700418109	0.0801331968487	-0.125465897419
0.977523430992	0.89637900963	-0.525663090128	1.6369118673
-0.099114177662	0.633245284454	-0.190844385697	-0.137369693168
-0.486287800112	0.219833709916	0.789086309381	0.92569834784
0.17368320371	-0.358672466083	-0.701064296367	0.710814079959
-0.238508527666	-0.617270801058	-0.517342407958	0.791094197354
-0.395588858014	0.292236536886	-0.529067770447	0.1661847994
-0.790582103039	-0.346303446892	-0.444079427935	1.24979414388
-0.71523243888	0.878792004599	0.368930287996	0.343339437654
-0.91292905035	0.634152115595	-0.803846732925	0.39091202604
-0.748577020037	-0.434255123677	-0.123061066635	0.954024886178
-0.939364547749	0.708370005675	-0.676687413848	0.195548872421
0.576989106681	0.228785481456	0.353517491104	0.670777445716
0.00696610493837	-0.494123732129	-0.173983403265	0.112845962009
-0.250644478952	0.335585795412	0.864843132492	1.01689264234
-0.276525067334	-0.935819957757	0.230100299802	0.172857484823
0.270511839087	0.238319664908	0.551722071287	0.573528409028
-0.226000605297	-0.262290767816	0.957071219076	0.775308519363
0.692959239281	0.0230843190073	0.336544598819	0.617220169317
-0.49505025621	0.398267128672	-0.574297569939	0.149006366739
-0.193502346131	0.182405345698	0.696523444108	0.614341803421
0.676573985901	0.0587326533594	0.840508437517	1.25330906803
0.00655041494392	0.928098974896	-0.58572586331	-0.194414445027
0.4129084562	-0.146320121174	0.919204671509	0.820515667061
-0.798166109087	-0.628193509078	0.316518550908	1.03982100047
-0.851387621423	0.912674369143	0.391308095976	0.458080117246
0.716473336319	-0.443502628631	0.495670111987	0.221434095971
0.675975684181	0.78384116798	0.0824229161701	1.05820070741
0.741261001436	0.635676867788	0.420155521506	1.464284152
-0.780819670435	0.845468833078	-0.602589397512	-0.196835910615
-0.0957685664156	-0.0656335532616	0.427482224383	0.170141124439
-0.403451288842	-0.955672297688	0.331030704734	0.34156461596
0.896821684535	0.858545819032	0.987846668768	3.39820430984
-0.839427617884	0.282335539696	-0.436351010055	0.534843282191
0.865860838447	-0.933416572608	-0.569849279262	0.798141097604
0.498111338105	0.355365728599	-0.0486031686734	0.410216971296
0.340253121797	-0.670259636651	0.27369766339	-0.220823832364
0.0874526255537	0.872989868508	-0.720971406246	-0.0256077467135
0.910024466697	0.249924602425	0.996316040721	2.29723157639
-0.966952207947	0.0277312758387	-0.529862117556	1.17424186513
0.169272274804	0.410626070027	0.51173758004	0.570168854187
-0.62102005666	0.651329746576	0.678800949034	0.884071053171
0.0530499807075	-0.659476831132	-0.397820551916	0.388443695748
-0.739286019463	-0.187233626272	-0.662708631198	1.24822709089
0.772675002456	0.426335143615	0.158682441446	1.01927718625
0.0364296663351	-0.083470733737	-0.280316209553	0.100261686639
-0.833468769421	0.823242273665	-0.769021888355	-0.0331731982649
-0.579293720238	0.905495920608	-0.461751194994	-0.393866543527
0.990506969049	0.374117450803	-0.378536895578	1.3533429209
0.681860863763	0.75581626332	0.675282489148	1.94669169547
0.43006134474	0.963685705459	-0.549796897646	0.371841948129
0.42142686148	-0.695124515661	-0.0536388727008	-0.0751807193245
-0.515573250698	0.718369208461	-0.834824304	-0.00733662709226
-0.567193682753	0.384238837018	-0.0501944981052	0.0870036447933
0.271488566376	-0.0495914888279	-0.546242664933	0.385712555475
0.573253003475	0.939338701673	0.000234510343385	0.867318077644
0.13015638503	-0.799388843868	0.0127779097216	-0.0971561210898
0.911522992218	-0.405328184244	-0.536777186445	0.967108876223
-0.381481082367	0.654509090126	0.192490868788	0.0588847380384
-0.949505850649	-0.723303104974	-0.618797554988	2.41883049731
-0.115803239956	0.357657402205	-0.0582870341795	-0.0454569064587
-0.962643384791	-0.311982893594	0.581288696243	1.38355497388
0.16155252742	-0.148081377068	-0.557469912442	0.395499913974
-0.448565680651	-0.315061601875	-0.682274453566	1.022993904
-0.157502066338	0.370896569454	-0.516936405917	0.041883232996
0.123624297829	0.686639534161	0.396298844468	0.529335525366
-0.309463837525	-0.841740880138	-0.58606263011	1.1930385102
0.494615743983	0.92034561854	-0.805280630027	0.607202560587
0.103638666986	0.42571924818	0.823921416434	1.08446765511
-0.0909687035041	-0.475516604669	0.75021368628	0.257613944244
0.8018510164	-0.0865476097308	-0.0532885771923	0.581018435113
0.600974274317	0.812920285189	0.74035073648	1.99967960171
0.0865907949712	-0.0340509797108	0.722305174132	0.501679030119
-0.373900048639	0.648064902695	-0.338212089346	-0.207306219659
0.191002851748	0.0695907327866	0.511863487689	0.347399303018
0.245256812437	0.805430045399	-0.675687638196	0.170022768925
0.129840908306	-0.163029739567	-0.476223409285	0.300118045946
0.0970593635519	-0.982577018369	-0.528502496742	0.712661516521
0.684338483448	0.605524020159	0.703752788646	1.80410975488
0.133261746971	0.701019259585	-0.281807123247	-0.00695922177322
0.127227927197	0.136543506279	-0.5278793676	0.240137219728
0.0552268584926	-0.781660784177	-0.305562848529	0.292096486579
-0.44039466433	-0.882689193893	-0.908710738135	2.21054342615
-0.518464304681	-0.355558296504	0.747554524268	0.74618807376
0.0389833615606	0.0727755607086	-0.94134195793	0.821974731426
-0.639686442925	0.138342257828	-0.141329715318	0.321125294962
0.267855181017	0.761446548104	-0.333931268801	0.132943081325
0.545250048606	0.649492526756	0.998069777856	2.29581559066
-0.855179415071	0.423677867262	0.794020842769	1.33588939724
-0.235299115266	-0.0997838306818	0.251466889104	0.116987987554
-0.790760980401	-0.903373113858	0.611093559157	1.16104498396
0.131635299948	0.821843240388	0.0216096716097	0.143738174097
-0.675275638629	-0.329929453069	-0.911046555056	1.80937742736
0.532150822645	0.157467569798	-0.164410490037	0.368122483768
0.0995905771334	-0.109033733793	0.603106968028	0.297038560862
0.594369461784	-0.531238148218	-0.720964710576	0.94031739654
0.712705944953	-0.04852163715	-0.802852000203	1.15689513238
-0.120040061824	-0.645706287213	0.456552322429	0.00556155716158
-0.308470745848	-0.888102264728	-0.714200641613	1.5134735328
0.811322944427	0.764449851424	0.29856325377	1.59583727596
0.248668544578	-0.75999888496	-0.899422247519	1.36536851301
0.00166154511568	0.580346648504	0.0500426569228	0.0325133886107
-0.889023803253	-0.230541290426	0.745657795544	1.37942065523
-0.372232871138	0.539801404612	-0.052602046496	-0.0880021996159
0.466271123559	-0.313340661573	-0.201885009592	0.175323397902
-0.951456709379	0.130675064934	0.442684768735	1.03475586791
0.0848526485156	0.689511771288	0.60635902635	0.851469827067
0.47527027466	0.0147946352989	-0.512269868847	0.487754857001
-0.348787145994	0.632169772028	0.206511370134	0.0743569744149
0.403346711255	-0.067982261877	-0.88294659589	0.974887545627
0.9302557763	0.904522419606	0.952100868881	3.47450566112
0.262566469034	-0.682638448987	0.0258324670041	-0.127263735374
-0.814295799099	-0.133472475202	0.756468382523	1.24304043061
0.14771598354	-0.21405671596	0.538165689874	0.164624743003
-0.471210327583	0.425477789443	-0.77926699286	0.297245892932
0.562571938087	-0.706060535579	0.937212215609	0.135915519799
-0.0420735192648	0.938487570095	3.94226858682e-05	-0.0376782945821
-0.450353490315	-0.154852687351	0.92026070874	0.976931642711
-0.751004116376	-0.806106246887	-0.409900744881	1.66783846417
0.655447360418	0.279315439689	0.0984904577434	0.649898085722
-0.644727015215	-0.252660122019	0.480553973828	0.688085026579
-0.385315969817	-0.46787252294	-0.146869120443	0.419033715986
0.619876652279	-0.495975191724	0.448509999918	0.0555150094081
0.452080212099	-0.226440762325	0.852052475156	0.635061138717
0.970256810301	-0.117185418239	-0.902195177382	1.74737858511
-0.59733673939	0.326872457745	-0.935156324428	0.730398757094
0.850678692953	0.32191028637	-0.995182474487	1.66752514248
-0.159278540178	0.918939912029	-0.341018234534	-0.318079584496
-0.746140805349	-0.593453874574	-0.421031293653	1.42665625609
-0.109187101925	0.0702723956008	-0.265097743958	0.0558967443211
-0.472306737182	0.120713081001	-0.941773443003	0.9393128966
0.978691500389	-0.827425292486	0.852725416683	0.169617010919
0.846070675372	0.821914317951	-0.467171655653	1.24550747294
-0.384162226884	0.292472393622	0.436701872095	0.35365553745
0.364989032098	0.509758460147	0.812720932326	1.39407992536
0.295959167825	0.0862484878815	0.780562328449	0.789717728839
0.171227200429	-0.518450005593	0.645901528803	0.0228671448362
-0.699066819785	0.159887935953	0.942684383856	1.41629977557
-0.197269029458	0.200176717835	0.285196265019	0.137852964987
0.327747077907	-0.0686427439335	-0.765099183828	0.722815956787
0.274222611396	-0.888128976226	-0.710250855081	0.966903635413
0.0155642149384	-0.597788841587	0.869233539242	0.22688696602
0.400512990449	0.424084554338	0.305438594668	0.553086553989
0.532030167922	-0.486465214641	0.164705891992	-0.0287537264985
-0.583192122617	-0.853222551694	0.708648398242	0.735253480598
0.467613306341	0.963244691279	-0.9618351684	0.667732510497
0.208070377037	-0.654307917539	-0.168294458504	0.0455906081402
-0.697324989142	-0.781948235694	-0.307455591848	1.366477484
-0.249983885515	0.60417265219	0.490064647395	0.447705532288
-0.0227953330806	-0.808255315817	0.553274268009	-0.122130376234
0.169933697673	0.118884169502	0.541037727115	0.406122531142
0.58986235454	0.926955435519	-0.593667475149	0.696851491121
-0.745719415161	-0.888690627545	-0.857590803899	2.71640619781
-0.589548242689	-0.779911130212	0.591031223956	0.695728444553
-0.340623889869	0.622826184065	-0.531532150876	-0.144650557002
-0.364260231282	0.465844697924	0.855548083419	1.09351188021
0.0177188928258	0.889677930046	-0.247937820876	-0.143033577181
-0.0282445747528	-0.702080371945	0.0152047404244	0.0101839518697
-0.00522195212952	-0.994681537689	0.746782258613	-0.179905335378
0.349199423379	0.610422019646	0.830975852315	1.53286607974
0.737393238084	0.647527293578	-0.403581323453	0.922778997856
-0.190347521789	0.845668655501	-0.616009555609	-0.266210953844
0.448475435355	0.341397155057	0.276573615079	0.52515286377
0.465627783709	0.581674494497	-0.188585705217	0.413522112135
-0.675120844879	0.803180498868	-0.513290470106	-0.235253530939
-0.468421549024	-0.294783578537	-0.278965041743	0.517557535881
-0.147651280371	0.104382267827	0.388726356872	0.198073044324
0.5911308927	0.506220502824	-0.618567410853	0.718172446058
-0.981177758471	0.659757718172	-0.254497382393	0.212232500024
-0.00547085026641	-0.617381714429	-0.823092582394	1.18905124196
0.422825246355	-0.00367564727068	-0.846578176739	0.897033364588
0.202185628474	-0.230443225828	-0.257367788051	0.119833561549
-0.471688599517	-0.414626402588	0.107339095676	0.385080740437
0.449903880538	0.971158667635	0.1061280907	0.753671941708
-0.889270079158	-0.0244219871329	0.310439080463	0.901309899567
-0.863853939578	-0.126043992654	-0.70915043109	1.44740571418
0.222017526545	0.06663229612	0.173483220467	0.105741332767
-0.0224698400231	-0.201856920302	0.766910212572	0.438385726907
-0.687088267399	0.325948136925	-0.0245181282323	0.240744646929
-0.832225918786	0.41657945696	0.776244476925	1.27183474921
0.460368128834	0.172502121517	-0.770742550606	0.752442647141
0.348645953506	0.332033470831	0.276941171042	0.405966277385
-0.861567211219	-0.984230903866	-0.266329894656	1.92334086022
0.228385128772	-0.820725727653	-0.809015904633	1.18320511701
-0.276587592387	-0.531744476004	0.517773521272	0.216340830218
-0.588601691643	-0.136124061938	0.0966724648497	0.422760921401
-0.299634527786	-0.223596532631	0.2972075073	0.178655826002
-0.390977131762	0.120031901469	-0.411653456006	0.225980409775
-0.280695395456	-0.787030414927	0.22625000238	0.172829148911
-0.0486033349105	0.647287902793	0.776288021272	1.07600687066
-0.748255864185	0.484806096528	-0.326248335512	0.145398627954
0.332799142427	0.864554766264	-0.0971870055653	0.323900179165
-0.350348924756	0.836389187831	-0.899836778079	-0.113191208371
-0.471440306071	-0.146177430752	0.188816542016	0.299220864427
0.798221505364	0.886843437324	-0.217455643187	1.19949292187
0.61386770041	0.572441375507	0.603909178645	1.43864572136
-0.910771520926	-0.628866939965	0.687284249272	1.44240815927
-0.27972699663	0.145380064646	0.906501470229	0.991112621662
0.925374263891	-0.974662500457	-0.27476161045	0.297683715217
0.266076272671	-0.189493122094	0.991242129736	0.815104353105
-0.19712460658	0.0853287171753	0.778188312649	0.694016581099
-0.375725643836	-0.757289854241	-0.981024682277	2.13103244338
0.557959661375	-0.876355317829	-0.0691465706175	-0.11227371956
0.984872991272	0.962295988411	-0.776895374558	1.77367725819
0.852232895014	-0.984190898334	0.247092796031	-0.294590582236
