0.554773691845	0.889242571789	-0.366080573384	0.609582789311
0.995934479161	-0.123265269458	-0.180429765853	0.923916978958
-0.997017898061	0.634936943255	-0.358436964737	0.261893379438
0.635112292124	0.0620501067879	0.560034886221	0.791165707435
-0.486009189558	0.28296609791	0.955835760648	1.28277192518
0.11501758003	-0.520891339495	-0.880987190589	1.18835441015
-0.346574139826	0.822768934673	-0.678990855427	-0.262660802432
-0.310941225036	-0.34261165428	-0.18360362103	0.299831562909
-0.229114629774	-0.563077071859	0.339854829917	0.105639551361
-0.555936023946	-0.46376464753	-0.51969927691	1.07799382731
-0.836793816928	-0.617956332564	-0.535262072772	1.83460000427
-0.0823986949468	-0.868946912436	0.290601528795	-0.089678416166
0.621589751076	0.638845722954	0.210730525999	0.962505422367
0.537459129539	-0.455064997903	-0.934717297356	1.34333702921
0.0239257267329	0.746777798218	0.490027942502	0.62450901433
0.839449032515	-0.377164064355	0.449887142307	0.420781846988
0.914044797704	0.652889615497	0.25256518306	1.66093460568
0.292565537765	-0.82106561535	0.207662347153	-0.282001671833
0.872190046249	0.743870973425	0.213227478563	1.61359202515
0.337932581001	0.883861779164	0.930885672991	2.10220652489
-0.488865880685	0.760519375079	0.155907588471	0.0100757931186
0.276055271719	-0.246776123515	-0.0492986286768	0.0226787424818
0.728500847236	0.131830871391	0.593054212592	1.05664853863
0.526348613901	0.861493665508	0.784044121593	2.02066308892
-0.738038180105	0.0144384990622	-0.139153519812	0.551398725832
0.277376776636	0.186835125413	-0.36597143369	0.194320372632
-0.0740735933864	0.222433920579	0.845462990381	0.891877733208
-0.455484811975	0.42566610604	0.0116533739453	0.0186782151002
0.96427151612	0.526925205239	0.318775530327	1.70750722382
0.108907137132	0.0664684277839	-0.630614257317	0.374858054007
0.306245403963	-0.877270158641	-0.248127777147	0.104368781543
0.614484593511	-0.889476283634	0.570330444418	-0.350996745238
0.750214199066	-0.0110520557567	0.0741278515292	0.559205608547
-0.131431265244	-0.511785885828	-0.578129078645	0.714650378204
-0.900380331263	-0.495070634598	-0.911828601715	2.5392875663
-0.712622406459	-0.20749195445	-0.670765727187	1.24479926257
0.490242150282	-0.925996752232	0.3048496915	-0.402981762896
0.17206329078	-0.101401595669	-0.758881954619	0.665011945961
-0.493246395196	0.00112552222892	0.336903595747	0.356620071904
0.808125208075	-0.765864480414	0.881939962552	0.136523565704
0.781425699368	-0.836875785972	0.109399169739	-0.122915460525
-0.265640188465	-0.716368540478	0.267874649205	0.140720840035
-0.158147463388	-0.0391321643675	-0.184051818402	0.0722766905747
-0.89590912769	0.479996456879	0.966405292691	1.77043026424
0.0953092310043	-0.361880529035	0.654465361058	0.166079932306
0.0152557573453	0.908034938362	0.176103910936	0.205006590172
-0.814906372929	-0.756376440535	-0.56208333376	2.02153264373
-0.595773217928	-0.33946958974	-0.385466707697	0.836631424931
0.697401891482	-0.00667090022463	0.351833556366	0.603156904644
0.613337542091	0.289556492505	-0.241602639011	0.542193030393
0.575837524298	-0.565239805669	-0.0189349857908	0.0171639054343
-0.982531224797	-0.28509411305	0.899191729835	1.7976729741
0.502299924985	0.897706393746	0.284492904132	1.03955038039
0.056715308099	-0.97731228598	0.9643325042	-0.0647287667034
0.131199683937	-0.112338362507	-0.745288863985	0.641654620766
-0.228065132089	0.0721610278526	0.891627166005	0.894896026044
-0.804685743535	0.103521747053	0.378869965341	0.746980403205
0.059870602413	-0.175960509517	0.18015131578	-0.00619539340994
0.792563656135	-0.938775007808	-0.533113923872	0.668802680421
-0.708613799473	0.149914791145	-0.866639600841	1.01704393004
-0.307145779314	0.939441014994	-0.316555772274	-0.391384731967
0.0137231141238	-0.088077958527	0.123620670262	0.00337343383228
-0.832090665246	0.196385690297	0.952120975064	1.6224814616
-0.0955500011383	0.0895692986419	0.174490111608	0.0466472120959
-0.959789318237	-0.957588070335	-0.708787953737	3.02138558884
-0.816370140021	-0.942498129005	0.155893826679	1.31326078029
0.971497087282	-0.527206568221	-0.402814829059	0.806253355342
0.486152184247	-0.718235046467	-0.378904974398	0.302884221122
-0.784992295549	0.116755650306	-0.755024208099	1.00646883052
0.163549979814	-0.372038080437	0.0300088777423	-0.0443621371764
-0.436133733792	0.729578212116	0.876642063722	1.28009922141
0.279491899671	-0.482809907443	-0.363785824209	0.251153789782
0.684240387847	0.016642164422	0.567990889209	0.811638397392
-0.579669873437	0.531417621052	0.624362411967	0.749595986152
0.413233458581	-0.833539740578	0.147792424741	-0.27503287714
0.703829128747	0.558402482837	-0.870871322038	1.16051552655
-0.596240178041	-0.427737034976	-0.73284603307	1.46106505327
-0.36633357481	0.690593868516	-0.0747576214769	-0.16482588561
-0.976446146821	0.0482834953698	0.920585193284	1.79822701364
-0.938659718312	0.49288192115	-0.819343928594	0.685918325229
0.93652143103	0.835498753075	-0.855804199803	1.67691236522
-0.286226625358	0.993841880394	-0.903747323074	-0.283961041503
-0.200522072178	-0.457706998725	0.77680576335	0.379867216704
0.36974827189	-0.365655078035	0.110400436523	-0.0266667724932
-0.0352649529337	0.136593196128	0.93508239811	0.998531648928
0.714803209595	-0.310424365935	-0.69423811268	0.986526278374
0.188598498216	-0.0874863787408	0.826623037088	0.63005698323
-0.381665603014	-0.216287193373	0.575888426283	0.435308202717
-0.223314065482	-0.583867384655	-0.778722513559	1.2413344017
-0.984460959073	0.874528671391	0.0929560594278	0.198157613498
0.828945449335	-0.26029266749	-0.436220307614	0.775215240018
-0.526346762967	0.373846592734	0.349312150614	0.332876106828
0.523568644742	0.202855908704	-0.565339495139	0.585259406706
0.935044950087	-0.217046399509	0.400622881113	0.744905857852
0.413707861272	-0.488770515984	0.0832254896993	-0.0648056937501
0.274885139169	-0.40498783103	-0.532744220729	0.463808034609
-0.94423482127	0.176796180328	-0.243234594712	0.740802408762
0.877536993568	0.479520930018	0.140160837922	1.2777236462
0.791512425265	0.809718237389	0.429783730432	1.80011174481
-0.30980618968	-0.868206607854	-0.995067587649	2.21903941504
0.877310823038	-0.474962723772	0.38528459899	0.31843274177
-0.305444704016	-0.459894142832	0.457386731507	0.232621840877
-0.501369753985	-0.603203175486	0.234733232467	0.467307317115
0.257547016853	-0.557619338989	0.450161637942	-0.125656066119
-0.191210775794	-0.871114403863	0.02343029223	0.183266535293
-0.418964069918	0.391839549645	0.264384257951	0.184859443829
-0.31328301231	-0.61878845396	0.578191649085	0.268529423083
-0.383205318478	0.674797981742	-0.11183969285	-0.174700941509
-0.317624030236	-0.472715655712	-0.0483720686427	0.276236967478
-0.383235575153	-0.526429753555	0.919287518873	0.709765355794
0.0066807122811	0.713759586023	0.0429755730578	0.0373341814632
-0.336706429278	0.0897576139188	0.574093436723	0.464261784969
-0.606123566579	0.838280903274	0.235077127849	0.111605890185
0.735645235671	0.614501321598	-0.835442859689	1.17781291272
0.593898222187	0.0139710534903	-0.719123601753	0.86810432244
0.478452627254	-0.932181558142	0.173985903943	-0.349003155306
-0.157482791941	0.671755954899	0.468275715049	0.452859971901
0.224050272439	0.231872895048	-0.211782251398	0.0978948681422
0.101422538287	-0.490182009233	-0.766642608247	0.924106330528
-0.189728231	0.737642777305	0.026527109806	-0.0836836391039
0.464930258415	0.095404891534	0.0848482501105	0.27581092971
0.722011892294	0.813164075341	0.448082291867	1.67355746822
0.577548526444	-0.940854833049	0.347089728741	-0.415916791018
0.765285346233	-0.218778895545	-0.0656612284017	0.436910066278
0.459914303889	-0.408802054455	0.355145582543	0.00445139564466
0.831135579248	-0.253514142497	-0.495554129326	0.851285602669
0.239974893798	0.331689772886	-0.17387291373	0.109745090538
-0.744587287389	-0.356019972296	-0.740665140955	1.63177460796
-0.694926069125	0.444151393265	0.244762467605	0.342890116285
0.685342477879	-0.883109144692	-0.776536545545	1.15323763365
0.830421912985	0.291401406096	-0.820206019967	1.36531539434
0.960923085221	0.0374558645961	0.866621985759	1.74285912263
-0.746704873859	0.806938744051	0.199205446464	0.155452478234
0.0249575197879	-0.203694817112	0.519217074787	0.159363704026
0.330927758958	-0.717923252837	0.12654060864	-0.202901471252
-0.463492381896	0.89847634162	-0.80920318493	-0.273851874302
-0.710968783702	-0.503903891141	-0.552093033793	1.44674509395
-0.49802926747	0.953420042298	0.0138628571547	-0.213388629337
-0.640602468634	-0.153839601566	0.261549060438	0.537092859125
-0.634678199821	-0.0518207585617	-0.138575386573	0.462090142499
0.186563245389	0.528335370359	0.32628894906	0.412228276902
-0.734297324549	-0.155004798096	0.560300262135	0.880099324117
0.61977467405	-0.131834365983	0.966206120664	1.10858814167
-0.130492414346	-0.572712465302	-0.481927046705	0.600022207885
-0.798100627887	0.355691980668	-0.519524716418	0.438201774709
-0.170034667963	-0.044068145813	0.726006848461	0.531497069204
-0.698346152775	0.0981398810152	0.216070574986	0.48704337465
0.458607735974	-0.229822977674	-0.0269004730282	0.11182844229
0.582790410321	-0.250194460126	-0.954747717137	1.34424952331
0.833223639387	-0.30768697602	0.226240129166	0.419463026131
0.202800069645	-0.597224115008	-0.178318827185	0.0583046840146
0.501246019809	0.412174904561	0.927112623547	1.69951897662
-0.848937378561	0.179255679991	-0.455687415584	0.694484288833
-0.981684979894	-0.551758555329	-0.703025197533	2.38750308176
0.267995135534	-0.00352649287547	-0.74122527623	0.622905145512
-0.391693699301	-0.358823319512	-0.0805571897653	0.329368046552
-0.708608507106	0.531678114799	-0.0417155039485	0.104935343927
0.601588647239	-0.325618567038	0.577474284284	0.311460667286
-0.789662500335	0.624250634773	0.986127069355	1.71865659327
-0.237099055577	0.0692517038484	0.264481982601	0.128062995629
0.745105906209	-0.228617309966	0.316204695057	0.412534245944
0.203607984733	-0.117091407703	-0.0325797824203	0.0224917207038
-0.648986356005	-0.65258250254	-0.657843394632	1.70675545121
0.112319012258	-0.20299410678	-0.148190932524	0.04185790141
-0.520661479589	-0.765305703154	-0.758463088416	1.82527595976
-0.114608715396	0.152821398997	-0.931171326149	0.720397627295
-0.191632681776	0.0913320409035	0.588980147133	0.4199112534
-0.840426314429	-0.961562567441	0.469618736854	1.28341283431
-0.340680117409	0.823661373231	0.0912854313584	-0.0810207972128
0.233136405058	0.834775357635	-0.0230090260298	0.23029115662
-0.0342705120439	0.163502302338	0.0507785220854	0.00645202394973
-0.135063019248	-0.816779834138	0.0110215654269	0.119678052151
-0.26982100624	-0.464985085198	0.635031479304	0.306250932183
0.739024687818	-0.0668235216711	-0.332893543538	0.629836487213
0.938630249685	-0.700781192028	-0.65629276936	1.11389014872
0.0287720006061	-0.444871060507	0.673629860431	0.142126756061
0.643789104306	-0.633799345165	-0.2042903122	0.177644895844
0.866272161559	-0.889169396659	-0.798730596047	1.3283421299
0.438716255993	0.474974018668	-0.808503654317	0.670510705682
-0.90552181876	-0.994853874694	-0.4603232513	2.39068352012
0.986886294092	0.0762690304389	0.959467087444	2.04296813466
0.28934943014	-0.0150712092755	0.31745598947	0.175356106505
-0.475361975973	0.706031856061	0.818048904645	1.13712090689
0.42416041115	0.0872926750507	-0.271398097717	0.266904012817
0.0134993157712	0.793135094348	0.422880435219	0.52511818899
-0.72768216351	-0.536679103471	0.839662305035	1.17445671563
0.542922701901	-0.513116106239	0.729092081427	0.17364905074
0.954944415578	0.43556383084	-0.261781045152	1.28236504547
0.408178294891	0.565356336758	-0.637610977459	0.443446058047
-0.466195740164	-0.672367643295	-0.278701511369	0.795857810096
-0.525978279152	0.296964498688	0.278866712173	0.28103643069
-0.0599780790377	-0.923055622525	-0.398960106415	0.586392008949
0.604766441341	0.840554793282	0.911074798467	2.46994735695
0.979584261745	-0.585308103694	-0.569825129568	1.04445066352
0.406218119601	-0.833920018664	-0.191885397771	0.0230968191818
0.828391358154	-0.839836028284	-0.506791677675	0.672979048474
0.274167432886	0.666694079937	0.957816547152	1.81393674532
-0.560257562812	0.257124583524	-0.451694168384	0.25771849101
0.562189313977	-0.585440732798	0.533970602716	-0.0405552355777
-0.251613991729	-0.274598242646	0.379040882038	0.171990390945
-0.425759975612	0.0837448580876	-0.494812446085	0.349017706819
-0.941717282415	-0.550602222499	0.0485852921067	1.38095242946
-0.702302896875	-0.226159068125	0.961810699792	1.35961913832
0.345593246168	-0.600343592627	-0.559198202885	0.560373689026
0.655612678697	0.886182871955	-0.742285771643	0.904007940823
0.124562223324	0.845702444138	0.281581790266	0.438281037053
0.948149202812	-0.387673715932	-0.648934746072	1.20410563515
0.571807941919	0.661747735883	-0.429000431012	0.605508239261
0.538618712903	0.6130636322	0.444958981046	1.09109432631
0.174655084481	0.500186198725	0.867711253569	1.30480447441
-0.774103645967	0.316728837395	0.552906841927	0.83488302397
0.880115245817	-0.113529347228	-0.0302135637029	0.679026922172
0.276832450137	0.0980393937937	0.141716228277	0.137753953511
0.797041844718	0.384261968463	0.104533537106	0.992644093549
0.0209157323427	0.465387945109	-0.810454746604	0.289832424722
0.176233141434	-0.999807922899	-0.190438162197	0.0815271060648
-0.705525627069	-0.927126149222	0.213146420791	0.999695444619
0.43798564858	0.826109316047	-0.00892459900952	0.546362407032
0.0509039017332	0.766032270499	0.261973038972	0.310894913636
0.437896048817	0.0481186464028	0.674123500865	0.699704319493
-0.890463044362	0.126719936422	-0.380285682476	0.776512435797
0.266747899127	0.752917103426	-0.516558604637	0.149900480915
-0.84206551652	0.213774409094	0.609687712528	1.03111701318
-0.43052034055	-0.976318730926	0.95626726878	0.58649827921
0.114995928063	-0.0624215369965	-0.860127856678	0.799556273554
0.518640943384	0.916422559504	-0.703176733076	0.594333185383
-0.232112526539	-0.892119625031	-0.905160973423	1.88777662113
-0.638424759294	-0.694792319872	0.47596076738	0.747003559202
-0.952786977454	0.501137640417	-0.680097909717	0.552036111779
0.0136530299551	-0.910752371845	-0.0651346077587	0.0513158914458
0.183239300423	-0.320378281268	-0.21077233344	0.0868226035593
0.406623449536	-0.84253148771	0.300662094732	-0.340170016927
0.566086564793	0.192991738787	-0.434968982461	0.534956624742
-0.756609069693	-0.775384830079	0.699122975633	1.10580406467
-0.140480428928	-0.662838631267	0.696066288858	0.135979258449
0.39919850073	-0.479597129002	0.811126152694	0.236816849626
-0.701173731489	-0.690773246251	0.431403491774	0.864103638675
0.284434098398	-0.743480432732	0.683881351985	-0.171327130147
0.477209040088	0.456945783407	0.125539275696	0.518911879037
-0.359291840808	-0.0220197688328	-0.897454516326	0.962188500011
-0.324064460067	-0.553391307747	-0.709493925038	1.18036163031
0.106723684456	-0.801052569889	-0.814894368733	1.24272472358
-0.107077887775	-0.272373737129	-0.700622088895	0.722333246622
-0.220200170786	-0.613583603215	0.663000811311	0.216362978494
-0.623109279837	0.0749566402941	-0.87300763695	1.03826361122
-0.729780392622	0.536051852149	0.252349551054	0.340332030476
-0.469720999011	0.423335706142	-0.605662435447	0.132216597023
-0.383475697946	0.358588280253	-0.766122158063	0.321764453821
0.780110617907	-0.573816725607	0.539076324808	0.142204328207
-0.598358092541	0.70045404324	0.631316732389	0.779679236044
-0.279795077671	-0.247523618069	0.575744550366	0.336512588518
-0.556616052706	-0.798950920256	-0.956832437459	2.43452080748
-0.00139576306686	-0.205269124555	-0.570607852748	0.443009951232
0.134026254952	0.675464817213	0.109497775998	0.194444715018
0.621488271148	0.570095082828	0.16663400533	0.863319197395
0.729258856867	0.577524252124	-0.882082713997	1.22162891086
0.0800297275128	-0.904670174472	-0.385119568922	0.43072751971
-0.522432683165	0.144864056718	-0.182677576598	0.204161872768
0.937335919412	0.558423118537	0.118773583598	1.48246175217
0.112509952587	-0.181664946175	0.398417678402	0.0785774953114
-0.983404017862	-0.857429065215	0.922400190496	1.87021202845
0.409971204605	0.960117304101	-0.0844477346398	0.487748524896
0.700536182497	-0.717991055976	0.895323214456	0.146541827723
0.914380051727	0.596165636004	-0.71782635448	1.46854411411
-0.0235901844087	-0.991967882914	-0.175368747109	0.228671564348
-0.0159300582717	-0.0634611962131	-0.574954992462	0.368325282257
0.533683189076	-0.100291425888	0.532913830843	0.461844361431
0.0547600632319	0.46504638501	0.836409305195	1.11701428356
-0.187911189754	-0.913948483011	0.0667564183829	0.150496254135
-0.392787101154	-0.844397426193	-0.831336408408	1.8790486716
0.254970885267	0.709744582744	0.77845453648	1.40446971245
0.155354425482	0.923573570121	0.501518276219	0.882325845123
0.428409469004	0.343860718557	-0.770333253821	0.659373836737
-0.287380676269	-0.112939667389	0.733217216797	0.569842509504
-0.570210218998	0.804461611223	-0.611997028838	-0.251360290237
-0.843245742178	-0.0238396524329	-0.777046233336	1.35349142798
0.586893312041	-0.402559021544	0.0223973824118	0.0996699366627
0.206478714233	0.804500062097	0.65989602758	1.17509476023
0.49862312463	-0.0612942410352	0.82236469774	0.843939770516
-0.987826056617	-0.0841835980816	-0.353106311422	1.21336889682
0.916173660353	-0.475619503491	0.808242331413	0.672463964396
-0.323057141598	0.0815587110954	0.72396917056	0.661195145004
-0.0122339637216	0.465931128715	-0.0531161482239	-0.0274776563499
-0.291969583544	-0.762793216248	0.779676563553	0.3211222056
0.571233603372	0.7752269653	-0.203315161516	0.652865181681
0.337625147833	-0.781933082074	-0.511481976379	0.511548958395
-0.537743222693	0.00260326802295	0.758993435003	0.865814781533
-0.757310809008	-0.215871734709	0.770411450341	1.16422540609
-0.0781149531051	0.862841113872	-0.425127369081	-0.247382939982
-0.571416640385	-0.181328319878	0.781800683682	0.899580700814
0.102467144648	0.15750874936	0.412695888442	0.261960097128
0.0393205643935	0.127630527551	0.274756479816	0.117123048829
-0.705863723149	0.0127291440287	-0.286980512107	0.567963352718
0.383154537773	-0.731740320346	-0.0267537095323	-0.113269695439
-0.196542394885	0.765554165818	-0.872187752763	-0.0188304276102
0.927623940351	0.555810281749	0.624516324481	2.11320233217
0.46661898333	0.810037628412	0.877031005211	2.07532370984
-0.895016601428	-0.724003594097	-0.163518299664	1.59417602402
0.802927719266	0.492304301801	-0.275426121388	0.98024377655
-0.698358265371	-0.283591715835	-0.313323290847	0.872780259806
0.925300387459	0.681604028751	-0.259543958787	1.37732613753
-0.768300556163	-0.982132252278	-0.079424233297	1.42917181022
0.311042915813	0.642260789505	-0.577145582029	0.25893740984
0.726063533616	0.249713377398	0.254004505603	0.836422643867
0.913263447363	0.288942384898	0.667095990794	1.73570001028
-0.5296920505	0.943249796301	0.989958061471	1.69473645293
0.748820661505	0.956477369658	0.805928563867	2.69733568271
-0.092559089298	0.982663161799	-0.255391479086	-0.268126213076
0.491169270541	-0.992218695914	0.0921420003225	-0.329034947941
0.802507400706	-0.720107931816	0.00823485066349	0.0602640150839
-0.770718585502	-0.799035554253	-0.646925835447	2.14526847023
0.596453704541	0.315423615165	-0.664132221238	0.775481226542
0.760567042253	0.65119343448	0.0305114249118	1.09453827679
-0.365958644628	-0.0312343328669	0.658431730773	0.55832287194
0.287623592684	0.712933147387	-0.342677624245	0.16090544123
0.186521633602	0.655666259703	0.1999404434	0.328156645254
-0.321345378712	-0.132507673062	-0.61955296395	0.611784977533
0.140266670437	-0.479056722323	0.955772589462	0.408111006217
-0.468810736997	0.434096513705	0.0649332312758	0.0486780144501
0.0464774748821	-0.583407998533	0.982944977569	0.367767691971
-0.791970379406	-0.622038395548	-0.965234777731	2.65194433459
-0.766165530794	0.230368097979	-0.28738332401	0.426894749687
-0.801147186399	0.0208794807369	0.992050575691	1.62998712264
0.992637183526	0.381793529655	0.924898701773	2.57286898055
-0.983330128183	-0.59615075509	-0.524704799845	2.14126942902
0.179599869901	0.23385593945	0.146029787158	0.12973124137
-0.949238707008	-0.649454333096	0.218384672086	1.42340230773
0.967348492875	-0.272580785826	0.540681231904	0.817039373772
0.328189498314	0.389457689366	0.275619301208	0.418832325882
0.185998540372	0.105406002918	0.037871137315	0.0596268879614
-0.710501312782	-0.213799086898	-0.0175695814979	0.660781698053
0.745103869577	-0.467219453137	-0.491314621708	0.677994560362
0.7853279416	0.917688869834	-0.988874404249	1.40782023997
0.108331136782	-0.32000277077	-0.587365401878	0.510026042644
-0.671183396375	0.931529317269	-0.703808242392	-0.335011828882
0.85039267529	-0.071829998701	0.004297238805	0.661793793029
0.913139557854	-0.476919729277	0.455418677499	0.388537600829
-0.0309303442666	0.207195599712	0.718321410624	0.659366739388
-0.497962961911	-0.285742851023	-0.982860200319	1.63711591704
0.353522363744	-0.994046891997	0.112462368809	-0.325584829047
-0.880505346592	0.627490683777	-0.117006761631	0.163050692779
0.229664743934	-0.701005988678	0.320781233723	-0.230219432266
0.807398127153	-0.01350446213	0.185032870359	0.672726652021
0.928067912773	0.482543086504	0.926141086409	2.61378309614
0.116952714825	-0.624006644049	-0.562001179241	0.607236461693
0.698265864208	0.0722851234246	-0.0967441373105	0.540415717494
-0.333108443458	0.3961546421	0.807139591893	0.950225195856
-0.617944694021	0.462670633881	0.840882606151	1.19208602732
0.236433437854	-0.748645987186	0.570581100653	-0.222704632897
0.0766425939196	0.548039228989	0.623962576176	0.779162500916
-0.583970819593	0.697406302473	-0.486141956306	-0.168947474452
-0.778075050486	0.300392271859	0.0806416923835	0.402400275829
0.912890162953	-0.290503860345	0.925230381321	1.15543859424
0.328076214934	-0.81952016628	0.159745775868	-0.266627243304
-0.521179991386	0.94769801038	0.172743837434	-0.0287432330518
-0.698227436865	0.516364638976	0.0731848339426	0.170127675507
-0.109617064067	-0.272188938205	0.110625276865	0.0239794282449
-0.10049244301	-0.923645611992	0.697483930789	-0.0548260032727
0.715558056847	-0.44382907412	-0.286093711871	0.403264182092
0.525314325986	0.550517927992	0.455693332451	1.02367385779
0.857887798623	0.47083807236	0.128259717713	1.21673782587
-0.859017286017	-0.989172617776	0.483159986536	1.3431420191
-0.33087261412	-0.281167832113	0.474349006192	0.294142720331
0.80535643005	-0.181819530013	-0.898123646104	1.47209195474
0.781397263328	-0.938484663308	0.834191635842	-0.209748035637
-0.783692965679	-0.159039785924	0.0672071555034	0.732641216073
0.00784758272623	0.0313637806271	0.62959509811	0.416444184523
0.521399056694	0.731714027255	0.035485866267	0.680596732724
-0.776137464801	-0.662180066985	-0.431087456672	1.58762603893
0.0411832027112	0.193646543924	-0.525477831277	0.184041026287
0.486172527749	0.476330908939	-0.965223296659	0.939833050968
0.720095162322	0.458067599021	-0.186334906144	0.797756019047
-0.0177478615579	-0.693334123156	-0.870186988941	1.3731759133
0.480721805116	-0.268997059272	-0.585983137557	0.602784680297
-0.717933414575	-0.559924725322	0.0438525477022	0.894785977932
0.381990719222	-0.264318356736	0.628558567558	0.273896055539
0.342411852833	-0.68780355226	0.683407502462	-0.121270505167
-0.635566373744	0.501337093689	-0.297074779573	0.0246304348339
0.0623612691536	-0.465526148509	-0.941144530544	1.29873854231
0.804946420038	-0.914318219505	0.478146527297	-0.296592418369
-0.875811402332	0.439988003794	0.493163545274	0.841895428059
0.407200798775	0.613177297544	0.908794256706	1.79865778325
0.948890330134	0.290971267237	0.570291795201	1.66766393847
0.468068902957	-0.685115166495	0.795990644358	-0.0133367633971
-0.711468578991	-0.209746604173	-0.498781571289	1.00881645397
0.313601453475	-0.00415830868213	-0.165544770394	0.125135277236
-0.969097859106	-0.897600162291	-0.594379804351	2.6958158168
0.283439620251	-0.955782711753	0.569222927338	-0.410607362609
-0.753519649208	-0.429465647807	0.461959281401	0.906413401651
-0.205815976359	0.895192019152	-0.627731615225	-0.309777954692
-0.122204149709	0.389606918939	-0.0914249428013	-0.0599389981564
-0.728149489616	-0.715379143289	-0.95626179633	2.64963100503
-0.269853992353	-0.363095798001	0.682872242539	0.389170485678
-0.973830326299	-0.253578327591	-0.587942556261	1.69005370952
-0.163227575416	0.937152532591	-0.512071589482	-0.34399776851
-0.43665834346	0.0556664890752	0.730235970835	0.740257517802
0.914179142439	-0.704869250473	0.386287347044	0.0682825792492
0.841087662856	0.695009849584	0.812197045469	2.51614165373
0.621248042962	-0.460247462575	0.37643705635	0.0684719528705
0.676521924535	0.442371515935	-0.871732523492	1.1312438983
-0.957738711659	0.643442321055	0.342290506264	0.63842080872
-0.368899396215	-0.892850230184	0.212662608535	0.320808201441
0.424212489114	0.470790381667	-0.029829803833	0.366517628044
0.591420277855	-0.277649041311	0.102436912946	0.167622482359
-0.116444229101	0.129619171661	0.547540082938	0.369237688395
-0.427289013642	-0.163765367168	0.460488924477	0.389188955157
-0.862450452387	0.155227167174	-0.752129918849	1.05889346045
-0.75554301918	0.815166852275	0.576936305282	0.75810648142
-0.794457239852	0.882166398291	0.557844377906	0.733620739702
-0.464338675779	0.448319450863	-0.898238308332	0.411572699104
0.0567645276386	-0.31286647909	0.157848900098	-0.0390068606412
-0.16553036043	-0.434153627906	0.572815767457	0.178693766617
-0.716696098207	-0.000338912837372	-0.137220099936	0.532772056173
-0.765861673183	-0.940692199268	0.0249760431635	1.28411323789
-0.0495485972196	-0.300083733547	-0.612387180568	0.576109281977
-0.392943349106	-0.851686353253	-0.737426723113	1.6609234122
-0.51060343448	0.212221597942	0.0419151575643	0.163006972672
0.866159331187	0.169176780032	0.666681073766	1.45401664513
0.337835477592	-0.963694866243	-0.067787287984	-0.141516127631
-0.933039349893	0.320790053111	0.870286036956	1.60782957598
0.0586493676032	0.442207464421	-0.513085159498	0.0657412299411
0.389660077929	0.704280362461	-0.583200877124	0.355651255202
-0.0567797418731	0.245203409046	-0.502376997121	0.11849944773
0.872729012702	-0.763692594094	-0.116138541021	0.197341550337
-0.557037874134	-0.354976423758	0.167040682765	0.476633591186
-0.628427833242	-0.10262929654	-0.133182101364	0.490822505544
-0.930796177752	-0.430370412731	0.0189547406294	1.25917038235
0.620185352906	-0.198183930328	0.198709507049	0.261823538279
0.238235410386	0.768779145605	0.295596608187	0.554532388669
-0.837706669888	-0.89284519513	0.130609925477	1.35013934815
-0.161675460178	0.34418378825	-0.0442416729004	-0.0427770588838
0.933564887115	-0.642310136457	-0.745459667933	1.30643162597
0.34568412554	-0.296714674568	0.657304749985	0.253945531207
-0.624787369374	0.750028215244	0.901213311058	1.40987194465
-0.312681169551	-0.65494051438	-0.17124127708	0.444033504884
-0.430732947519	0.0556462140834	-0.677691219972	0.583116653186
0.0309124789834	0.541770829058	0.528611632329	0.583519680853
0.435047594448	0.813913167174	-0.080692264758	0.48419211972
-0.0377870980332	-0.902014995681	0.177122396169	-0.0928823203439
-0.409278205761	-0.434750388915	-0.929740397105	1.61406471408
0.0556080020472	0.0142556053384	0.169687459545	0.0350978070036
-0.818815224284	0.327822615801	0.512353926009	0.832499972574
-0.888225797629	0.991468071763	-0.355027456719	-0.317656344204
-0.00754253115339	0.993412406056	-0.961527798652	-0.0380938906122
-0.978672376916	-0.563602141119	0.659735468911	1.57280403451
0.785195493081	0.608133240719	0.500600709318	1.64906844399
-0.959022231638	0.590858846394	0.436079473227	0.800903592782
0.7668065864	0.443782179877	0.763093362813	1.84924615577
0.808133398512	0.364826052313	-0.588152626008	1.07925781809
0.167204456306	0.475610529749	0.511000614671	0.611640431489
0.9663841619	-0.445972526474	0.363466957352	0.472929513972
-0.25330339438	-0.145229302848	-0.798578539156	0.854654372692
0.0891919447818	0.622297505179	-0.59855131174	0.0492458125019
-0.759018119975	-0.0193318882782	-0.913078147104	1.44214498739
0.587156413408	-0.0753875267792	-0.939201306121	1.253391541
-0.994244256819	0.997904867543	0.122031273589	0.133027692453
-0.769211044978	-0.198963606814	-0.664227596726	1.31808605427
-0.819115028863	0.506423142717	-0.807052760194	0.498754585927
-0.722328443378	-0.347265040329	0.0617404240714	0.754969385243
0.0911451762337	-0.891036480937	0.848713778878	-0.108826094332
-0.641154109953	-0.0853735228493	0.542639579659	0.713946838625
0.170009620292	0.570458965863	0.271340677202	0.354301268388
-0.373746640067	-0.477415384486	-0.491736877659	0.794686854193
-0.270921382292	-0.271665124397	-0.648067264548	0.743046739824
0.214090329378	0.338916904437	-0.738329339083	0.413291419729
0.776224181045	-0.101098350369	-0.484225789765	0.807478039043
-0.252477958067	0.105061307051	-0.475294561978	0.213189307764
-0.592013907753	0.478479589616	0.571820334483	0.66779674925
-0.563022229331	0.815805282043	-0.972504468949	0.0100681816708
-0.344699750777	-0.490952568912	0.700070471821	0.434446415288
-0.559574841668	0.272390451254	-0.547736368245	0.311518132378
0.15628311038	0.193657881346	0.000547265839973	0.0547961484793
-0.745007525657	-0.620778506816	0.393052561706	0.928012606537
-0.94676835564	-0.345450389066	0.727017273808	1.50083753237
-0.3985077562	-0.0633684252886	-0.196368734457	0.235065498078
0.940898884268	0.212353196046	-0.93975973061	1.76868096461
-0.895056473363	-0.435836566434	0.569864127459	1.26760192974
-0.454911543613	-0.504179921355	0.324306914684	0.377967718966
0.0261369614032	-0.454992809586	-0.985955452587	1.40950180723
-0.440787624898	-0.36872447477	-0.907354026282	1.51467788152
-0.323850977639	-0.067837140662	0.867536587071	0.820617108462
-0.822206222436	0.997872782267	0.0499836877675	-0.0920584079438
0.849229482758	-0.379509188499	-0.0243181103388	0.408720639345
-0.258615097946	-0.310010479557	0.76351357091	0.493310924118
0.640745593703	-0.844676713726	0.500581840101	-0.302915611582
-0.113850847408	0.827384413564	0.689892722007	0.965522051936
-0.335873206805	-0.846327899763	0.0792509478565	0.336278101234
0.637941004972	0.835831525626	0.694395717238	2.00276317312
0.168418312214	0.00041910332672	-0.540131249015	0.319950707923
-0.895225119025	0.320754050374	0.901779767212	1.61673719224
0.30643551443	0.0219699988434	-0.110093001152	0.110336838196
0.764531591933	-0.690082663477	-0.732512118777	1.0989864759
-0.075962885019	-0.611101489463	0.749404951758	0.155836691569
-0.40835235176	0.278538097429	-0.706150075153	0.354968186255
-0.107285053576	-0.740905081189	0.338770155754	-0.045233187273
-0.516765600254	-0.0140761635224	0.233453888651	0.325535345712
-0.781208764302	0.660234505951	0.902260312568	1.50428321422
-0.757973685058	0.870843618521	-0.829892841418	-0.119537196168
-0.284846334837	-0.691793260951	0.352433108182	0.158590455883
0.861106849622	-0.921712536244	-0.643487328154	0.954998306893
0.493616987205	-0.835557721564	0.653566118703	-0.287731300615
-0.184600450791	0.859834174185	0.365499753729	0.323210799161
-0.29998299962	0.260009805257	0.0412365645423	0.0244136441206
0.565045791762	0.794899997536	-0.570531362511	0.640422302222
0.353707085115	0.915089290971	-0.211559309153	0.299943950868
0.116337787631	0.456794552499	-0.588853918753	0.144440623797
0.819262431964	-0.53258791141	-0.407535117672	0.617994814173
0.794737609126	0.174544426539	0.0614598395205	0.784829671912
0.581072364095	-0.672976466497	-0.389819273088	0.360895328593
-0.734181626414	0.34242730042	-0.101506558002	0.263163792898
0.542898016428	-0.983685060048	-0.801228112911	1.19082020163
-0.127685845089	0.612045474089	0.855446730266	1.19351553935
