-0.22271761261	-0.250709975079	0.868834116986	0.642488005095
-0.302032495116	0.847360504888	-0.639822139459	-0.297494420436
0.182307167555	0.522933392832	-0.641985697487	0.205000285851
0.619610540357	-0.141043481235	-0.705783187686	0.894201219909
0.113416822395	-0.12289522426	0.967918954484	0.816839475252
-0.300311951657	-0.784882194357	-0.815988888482	1.6321897874
0.250086221574	-0.143970362742	0.45113289077	0.16510923339
0.983373194583	-0.495952052842	-0.676517667917	1.27251336645
0.441014142052	0.35981058344	-0.0096839828354	0.349784409257
0.252485684407	0.493822065922	0.573688409865	0.800850410489
0.0800213775459	0.74797847025	0.239302632706	0.302516655586
0.269674063414	0.971895202756	-0.486563416834	0.0986743369618
-0.996719344023	0.69494084449	0.926690364334	1.80353848382
-0.199717898645	0.211782908121	-0.223085250097	0.000111787446597
0.10451000239	0.201553755534	-0.387266173897	0.103906861777
0.833438843194	-0.107644974578	-0.37803156562	0.788505865132
-0.486095572533	-0.629366833007	0.524924377037	0.487396945524
-0.256562507398	0.738099517048	0.702784432123	0.889086465372
0.250339362008	-0.0120935125445	0.0775722139067	0.0647216417843
-0.0615586237809	0.64411782766	0.644907111503	0.79543980731
0.602549915074	-0.576076535715	-0.275256825307	0.250286850717
-0.484133908304	-0.857979100019	-0.986054939504	2.46808128939
0.122483106842	0.756551263703	0.753046361156	1.24446385894
0.00900189337885	0.561185631527	0.563682451772	0.63920116642
-0.367466618789	0.963186140448	-0.18366369834	-0.362077013028
0.44447096976	0.9815608654	0.733977706195	1.89299681835
-0.515975866286	0.71018973182	0.146170612142	0.0249650481776
0.832127395581	0.864323641816	-0.234841114668	1.26383500514
-0.547553330605	0.6190407821	-0.59568365868	-0.0530566488976
0.640323758512	-0.936161992256	0.790840949247	-0.304358081341
-0.549954611957	-0.148589525567	-0.759527655659	1.07390768381
0.550521184055	0.794819732714	0.486856384865	1.36463087563
0.515758153273	-0.614513334251	-0.36237832296	0.303070570686
0.998454230358	0.556347229827	0.894098094184	2.8492384952
0.345560491813	0.0586215739518	0.482591800241	0.400854489994
-0.531835859639	-0.157648018092	0.559773235494	0.591791184839
0.946056277561	-0.39500852542	-0.451472546314	0.903485150012
-0.939353295982	-0.70471434534	-0.0797484082542	1.60692001363
0.460067054057	0.121280461808	0.387620904338	0.464719646772
0.300704034725	0.867461756387	0.984293682869	2.17394334769
-0.781461040039	0.54088117651	-0.35328862246	0.121729475362
0.642196289959	-0.166576599019	0.758468098065	0.754372020495
-0.0419585526402	-0.229422731034	-0.967437864125	1.16927502371
-0.495460001879	0.318439392105	-0.0790816679764	0.0687778235846
0.263176355603	0.219219335316	0.0391758322168	0.137077985623
-0.738333378873	-0.296813214413	0.9446123533	1.3762023509
0.746611039621	-0.677372676662	-0.665128361013	0.944629640997
0.625806299991	0.0559719569221	0.294606655851	0.529943921094
0.518048418972	0.375765138949	0.113013629082	0.51827736293
-0.633037694791	0.731446046162	-0.605563423934	-0.13852610763
-0.87313967427	-0.524569832398	0.955815906425	1.63258748051
0.852968648637	0.269914048464	0.318530778273	1.14522152536
-0.170034362078	-0.495263858034	-0.402903158626	0.474997886434
-0.940361404202	-0.211220261237	-0.987532592932	2.26671046633
0.376641812305	-0.012924626978	0.767743820217	0.716498870838
0.253220074931	-0.820678939605	-0.369495603445	0.296072284756
-0.186355912587	-0.802993393544	-0.094840568859	0.269522176546
-0.262346421041	0.223134346989	0.644625922245	0.569667911132
0.785159674042	-0.703998707329	-0.515625183835	0.69259311126
0.418858077888	0.402895046868	0.88351091896	1.48075165136
0.133914508572	-0.959943789046	0.798813651674	-0.23933025859
-0.832950547248	-0.662143427298	-0.246683375514	1.46953180776
-0.594437515549	-0.120015059593	-0.0308405807104	0.429349889296
0.999431591874	0.0371646527754	0.0139941846768	1.03672296114
0.110775737696	-0.0223004784639	-0.519978197963	0.291774001071
-0.89475929439	-0.851026705581	-0.556412758571	2.34517552426
-0.912817709302	-0.465716996453	0.270649902825	1.20555600237
-0.595187220586	-0.0301663247552	-0.731775992138	0.929773533431
0.593465325831	-0.860202210192	0.0273616548943	-0.181086987845
-0.0230941485488	-0.205813606905	-0.601333492349	0.490651013742
-0.723520488587	-0.00245230912666	0.746246568251	1.08031010666
0.566357373885	0.154357411879	-0.641680473059	0.720887825816
0.253605436054	0.121246197923	0.990052008229	1.19530743283
0.22110086697	-0.745278422894	-0.826441715551	1.18303897552
-0.700134786544	-0.54929857084	-0.861101284669	2.08926888445
-0.822689195828	0.44361594497	0.710393748604	1.13166074005
-0.00550990557221	0.238612880449	0.969338756101	1.16962996142
0.449550318892	-0.470943665403	0.568886667969	0.0461010826339
-0.554874099494	0.173080841896	0.542545737812	0.600107340688
0.991572765009	-0.307424257577	0.717508533005	0.972621994062
0.616744897609	-0.0910838478726	0.235971926198	0.358388289223
0.084356343156	-0.737407972873	-0.647293794606	0.841219814094
0.0625814497059	-0.662469198619	-0.91835874215	1.41422531425
0.58813606384	0.25455883062	-0.503196345073	0.620732746767
0.395943688456	0.491562070845	-0.262397440183	0.291270091397
0.313942681093	-0.22049676589	0.9131754568	0.661873841144
0.918670273871	0.26851099393	-0.872327347303	1.61735365822
-0.212446359108	-0.6500930709	-0.481517998466	0.728134458655
-0.490301225584	-0.865562359947	0.305717862979	0.493627114496
-0.571523982123	0.885152653172	-0.0368354321671	-0.210494438437
0.54198415313	0.89569445797	0.977326789739	2.60975286765
0.247488018314	0.727153924103	-0.266744687763	0.118400484904
0.607577595241	-0.968750095226	-0.573403820626	0.664836628336
-0.565454480626	-0.448084882123	-0.385414056554	0.894352581046
-0.0301440900981	-0.335672919163	-0.828320573816	0.97518697891
0.49940340159	-0.190359444504	-0.13323768238	0.197452934621
0.282021847178	-0.33199538797	-0.0031565582204	-0.0130357036532
-0.622024143029	-0.0797440653029	0.646189597442	0.802547978779
0.533658267639	-0.514049234296	-0.332952586319	0.292475969555
-0.189498065839	-0.901316430193	0.482461290526	0.00462584595983
0.990301018679	0.967252868831	0.945456736299	3.74695178967
-0.701996722204	-0.761301575538	0.907230327242	1.15962159779
-0.88695411525	-0.632403400567	-0.935465036597	2.81428650614
0.0779541214308	-0.639495934401	0.983745738418	0.294879778976
0.913642622695	-0.846010758025	-0.710318984671	1.16728191686
-0.279381323761	0.601119074289	-0.139700083392	-0.154347790154
0.653491471101	-0.583855618139	-0.393511386375	0.430111480937
0.667707889775	-0.143144799842	-0.51003776394	0.683402688109
-0.368550355551	-0.784815894321	-0.825349601812	1.75402299256
0.615127366279	0.830243063145	-0.491919882385	0.722659006262
0.697014213949	-0.200063220608	0.280186007031	0.368831189595
0.613745479094	-0.664934094796	-0.719046571075	0.96372977076
-0.338909625615	0.222753351602	-0.226976758799	0.0403250946151
-0.207854172465	0.420719750848	0.468401110328	0.37222019995
0.0997485505947	-0.511139265037	-0.446186222264	0.386109815162
0.852668591235	-0.786113221721	-0.599288514483	0.887005021614
-0.690207000694	0.996910876576	0.343021579436	0.247936585124
0.00618850392103	0.697066479623	0.661009521484	0.902053263854
-0.972472149832	-0.42615012622	-0.021932016106	1.36994855636
-0.0406880328258	0.453948332592	0.739120130873	0.865006170215
-0.203848384043	0.686415075126	0.496131851683	0.488328756329
0.350086201997	-0.119364752681	-0.16156395587	0.126160349381
0.630856694846	0.17084929055	-0.301870835625	0.545313171482
0.910364033578	0.803099225464	0.356712427182	1.97359455358
-0.63648747822	0.965717351237	0.86269851744	1.36782096754
-0.320925037733	-0.0984783016912	0.846460920761	0.767735088982
0.482788964541	0.086190275327	0.268325884122	0.369822759981
0.355020029309	-0.806437161175	-0.994422364722	1.63055286489
0.0969152249575	-0.938340370354	-0.0209695682882	-0.061430591983
-0.76144099224	0.978176183219	0.390635441594	0.369675274645
-0.128945247445	0.0617259319651	-0.212313462307	0.040639371215
0.488953794986	0.296538354192	-0.385258206456	0.418249418432
-0.220374748386	-0.538137690902	0.681219218809	0.264626874622
0.679621741966	-0.75152147231	-0.285831063884	0.24764295906
0.234401266882	-0.89264371232	0.0492081915817	-0.195796799818
-0.507676293033	0.310912421292	-0.332242016665	0.106978940789
0.382853823079	-0.7222719002	0.213721416191	-0.238635638095
0.0764613836591	-0.680988763897	0.705689353461	-0.0287920568735
0.48459614796	0.714606568394	-0.604746260326	0.514691406506
-0.430345542864	0.626672027093	0.565964997334	0.590502582916
0.649784332659	-0.971351652096	-0.478689854779	0.485170752284
-0.85078737266	-0.609672157747	0.75212920835	1.34968663545
-0.937197695485	-0.850217856433	0.598925781373	1.52465643372
0.749768920549	-0.608843638701	0.192086049926	0.0256080774443
0.666584439061	-0.965837698216	-0.928955233065	1.5607002432
0.751963370057	0.505329115448	0.0370481643867	0.965531977172
0.292751501785	0.186454399694	-0.931504723293	0.834306142847
-0.397714543819	-0.0144845271279	-0.711705786044	0.680771413118
-0.871504884199	0.296298732799	0.769188050579	1.32085467219
-0.337383968302	-0.464736851634	-0.792621303085	1.26723156432
0.910211161173	-0.552068979501	-0.165520395151	0.444760687894
-0.480939554078	0.899457343382	0.121750814439	-0.0769488340357
0.525127718182	0.676993586253	-0.435004666365	0.526000908216
0.683350982639	-0.20775220604	0.00106033288072	0.324781729142
-0.63708195291	0.888463922709	0.124177208208	-0.0344039676928
-0.997847587483	-0.112411221815	0.989169899575	1.97513236757
-0.0461788463374	0.492787514489	0.421362234921	0.364564308405
-0.237903903394	0.972140905516	0.488819994753	0.539469050783
0.968866245391	0.221715907023	0.993134686371	2.3600251229
0.625544794144	-0.469499209269	-0.389937217189	0.432739751751
0.220621969021	0.611684202417	0.424302174849	0.623196299359
0.168582266637	0.693738466294	-0.0208937653263	0.131313724443
-0.504730844852	0.922497404708	0.840659687046	1.27135542026
-0.130293748243	0.726738845063	0.757053039926	1.04559608986
-0.0249199030943	0.589694108957	0.815806261565	1.13254188442
-0.938927166202	-0.302399032918	0.342557358213	1.17927142029
0.703294638139	0.139617775423	0.874443410459	1.47955490268
-0.996529696319	-0.556879499175	0.350322894226	1.47565688618
0.528627696969	0.662103619181	0.72278369741	1.63042752855
0.290471455272	0.173767496807	0.41728796317	0.381488493018
0.696057523006	0.830791586463	0.405978466161	1.5648768181
-0.761511704868	0.185722432956	-0.0999194635613	0.429896883424
0.360967846736	-0.714711449077	-0.143948506838	-0.00408724789841
-0.322266555247	0.501545480475	-0.502453537519	-0.0573193451873
0.218351923244	-0.622274317277	0.107506816632	-0.143538246878
-0.108025405876	0.424604067023	0.867028408748	1.08568351179
0.192165096485	0.130309894169	-0.210913109585	0.0789687124989
-0.847489276637	0.349302455249	-0.636789251701	0.605276490874
-0.298544162627	0.658039527897	0.164010261017	0.0274993576555
0.999832750945	-0.176374921197	0.87763177299	1.43876540137
-0.927202544188	-0.44780740639	-0.132104747243	1.35152187294
-0.172438346769	0.198675884063	-0.77292126902	0.439322114115
-0.112661609001	-0.777833974013	-0.8782717584	1.55483555889
0.789962976422	0.438470922357	0.946355956415	2.28095646435
-0.724142646157	-0.928296036057	0.0765779389509	1.13137850351
-0.265030762956	-0.562930099482	0.683538823784	0.301875844616
0.794410656085	-0.184172298524	0.249335778002	0.501027440852
-0.968279913242	0.706429074889	0.339554081463	0.608712756923
0.299388427347	-0.251709169009	-0.412033225603	0.287758537992
-0.263432785585	0.450629693117	0.76090638521	0.872551735107
0.901389749736	0.37323297052	0.285166281583	1.33668512134
0.181611993435	-0.988484112019	-0.82582892802	1.35177453904
0.657783388586	-0.335350886922	0.986815124562	0.854965506349
0.803434070178	0.870900618615	-0.297207306491	1.17471168981
0.454404360472	-0.382377292646	-0.0286617788582	0.0445105246617
0.279312965253	0.375979119309	-0.980224428369	0.775327587913
-0.143686522903	0.707114519407	-0.8072416446	-0.000130224514403
0.273660364545	-0.524520641181	0.087401890249	-0.106855519849
-0.539276839367	0.903356963028	0.95068463841	1.56626889109
0.383660910267	-0.520559292402	-0.718380666913	0.837507956334
-0.13015996866	0.896576671985	-0.563668861502	-0.287406540605
-0.650844502317	0.0400679879407	-0.0935040490369	0.402517024603
-0.733031322891	0.273581016601	-0.330113476952	0.35545359287
-0.226487916442	-0.662281348992	0.752468594938	0.269158569364
-0.647489207524	0.233059713421	-0.391439376991	0.330334661547
-0.75390548247	-0.0238252663892	-0.610337056392	0.973388240812
0.476773167375	-0.733052117059	-0.804120660049	1.11388546157
-0.522172327883	-0.449815686032	0.062341501024	0.4833895216
0.443940150916	-0.593705265639	-0.687651916223	0.814640973842
0.913202109231	-0.308891501196	-0.0940838074261	0.589771173223
0.279318555417	0.786918008599	0.465066613232	0.880075904686
0.611524150574	0.0819805369272	0.834488045788	1.18887694156
0.518321332126	-0.574692291117	0.694411617156	0.0539162202421
0.622904999206	0.434942220128	0.599358566	1.27885535731
0.108535756571	0.0750399182235	-0.721260517752	0.48601792895
-0.151227585397	0.00658331244938	-0.206089864226	0.0629904823074
0.566522410942	-0.993715660646	-0.49661255353	0.498101150279
-0.0947125803504	0.757163423662	-0.302637913798	-0.200299080799
-0.984925055353	0.783799187366	0.953301364429	1.85407423284
-0.891969388668	0.218660701334	-0.096743761623	0.588776034874
-0.29754320788	0.580182487286	0.624236681114	0.667745226485
-0.781269656826	0.759171961134	-0.0143820149859	0.00655267896292
0.895457586377	0.3518083269	0.603875697889	1.6939880817
-0.342422679285	0.98229445126	-0.217998459849	-0.385721955555
-0.937338067057	-0.0380837698675	0.353600575427	1.02586694319
-0.0559993172115	-0.312558832455	-0.365641196633	0.268616874927
-0.507547070095	-0.399672991487	0.56057270574	0.550652872359
0.720586285984	0.836757445052	-0.668561140849	1.00975102212
0.101661656056	-0.150768433739	-0.711127591032	0.607925767472
0.236302356522	-0.16536086926	0.300174354247	0.057231191415
-0.536144131926	-0.948095921994	0.0130561278362	0.783558596195
0.827312113622	0.901501873244	-0.89555426742	1.42494234976
0.51637609391	0.954410311139	0.515356247995	1.51693231816
0.0199017576076	0.301881832538	0.531414138116	0.449229319053
0.382377052334	-0.677078238833	0.78816576218	-0.0251315885058
-0.122279789049	-0.755542286449	0.729644086365	0.0884434296758
0.684199231063	-0.915892072858	0.625498992841	-0.340164643278
0.842019754677	-0.709212561098	-0.228380054098	0.325953732737
0.910298935507	0.728294603314	0.609334156047	2.30667284531
-0.439121661792	0.827213229687	-0.567575081988	-0.317783557188
0.131619245936	-0.78884679539	-0.650773085343	0.850362077038
-0.717097778143	0.711380771014	-0.538545528037	-0.0889799940829
0.0545917145225	0.8523167462	0.994915355655	1.88734927138
0.54739539009	-0.295014551108	0.416984812281	0.189011854265
-0.0504618613485	-0.631621692991	-0.837575942812	1.26498380073
-0.295027401077	-0.431328365643	-0.728634638288	1.05948407791
-0.740897462977	-0.704747268668	0.0443995769481	1.04175535589
-0.897351519958	-0.496854203956	0.0596509649317	1.22501303041
0.608263223769	0.391684666293	-0.258555828995	0.573810290319
-0.317317524678	-0.271504960225	-0.468953256351	0.534083985239
0.770886409298	0.257628937646	0.508152360181	1.18200207659
0.239017367896	0.304305045398	-0.00266924058642	0.129058354612
-0.0710433373842	0.924144012173	-0.523387587968	-0.270358057289
0.904303581867	0.739588472063	-0.247317237717	1.36483031069
0.473254310107	-0.965509898338	-0.666445702583	0.854647718235
0.801710321918	-0.350298239563	-0.351242925845	0.608313097401
-0.678636342564	-0.138909545928	0.0248265110087	0.551984067922
-0.0813732216267	0.79167588984	0.256501494976	0.211059449762
0.698936193625	0.236584703122	0.148653518514	0.711136431741
0.326370010346	0.945017124434	-0.647328547571	0.222240318243
0.343976876076	-0.480710543861	-0.217301408427	0.104645760432
-0.0839296522772	-0.335046579828	-0.891229623421	1.1280582083
-0.71273004223	-0.707837638575	-0.155812319925	1.14704856677
0.174468759107	0.905556917962	-0.0678815967253	0.131568001339
-0.782835221554	-0.699722672239	-0.839047038548	2.4516987061
0.528941869615	0.316975043025	-0.482533417652	0.52732832164
0.219415253617	0.164044177281	0.770694294794	0.804534455834
0.957021890477	0.668524811831	-0.166655283402	1.47204456961
-0.57368960161	-0.51201959863	-0.381411715749	0.963625249072
0.264451972804	0.966257573192	-0.585911226719	0.102614372947
0.381331855684	-0.174656489705	0.000910543214431	0.07865369764
-0.412360612842	-0.902812307703	0.732406360149	0.417519111714
0.331832799552	0.764052943324	0.962886976837	2.02649879295
-0.66212025985	-0.854361234351	0.760902312845	0.93298001147
-0.820996423122	0.293614015877	0.519787886726	0.855775525979
-0.911881353183	0.834403150493	-0.198774670611	-0.055695913409
-0.108969815258	-0.252845229337	0.525010764661	0.182316754382
0.352725569221	-0.638307628469	0.709299088618	-0.0503779164241
0.682473958606	-0.564513994074	-0.944168416926	1.50495488759
-0.931787756286	-0.0109837934329	-0.273986441624	0.956540967675
0.870798887484	-0.797148587471	0.646017478464	-0.033498738644
0.769264517909	-0.906326381591	-0.430832011292	0.470653811332
-0.5667657232	-0.683879859032	-0.513247022343	1.32324485511
-0.6630718765	-0.684418643395	-0.87030882475	2.2465761032
0.895949644586	-0.0190045929584	0.116429908705	0.797041827945
0.349481263431	0.360565070559	0.829354098758	1.23501223016
-0.189468448819	-0.897369587369	0.113779441118	0.116765067928
-0.397889572312	-0.930765515965	-0.197273782575	0.751190584141
-0.990069588451	-0.978934514468	0.299935407621	1.74579520795
0.960321369974	0.0636465719663	0.867393995131	1.79091729394
-0.884367846722	0.165415158095	0.103612290687	0.663693191362
0.282255146572	-0.384901338116	-0.690140248475	0.712957051852
0.1908014985	0.750180729072	0.0552146576736	0.224010449653
-0.10088651995	0.912482220455	-0.730735722447	-0.214687724354
-0.636815321098	0.805616809836	0.765585810709	1.09539505779
0.820800734959	-0.0903006884789	0.117591886976	0.602804198568
-0.242620251303	-0.457651701249	0.76126651068	0.401031943674
-0.0969076805065	0.570897792747	0.204137484967	0.112280469993
0.57862960682	0.0916222810947	0.577017616162	0.773644585961
-0.393999987508	-0.0950194869289	-0.845740824274	0.98831306786
-0.317636049479	-0.490103408297	0.541669636224	0.284499030299
0.358488818459	-0.096716296037	-0.490852555603	0.382252194688
0.424248413606	-0.642864540908	0.797788788604	0.030849282698
-0.888247163608	0.220427420557	-0.708767499312	0.939308568999
0.372945496797	-0.400764517244	-0.484401139062	0.418400273772
-0.912060883064	-0.688050984133	0.280660975614	1.34506096535
0.0526355012136	0.318129508818	0.741788824559	0.80575097678
0.979403871535	-0.526184796859	0.173996334196	0.382605014942
0.671208357833	-0.0982088763253	0.861437874882	1.04207640759
0.541045465291	0.413900197055	0.268261267764	0.699666519583
-0.952559444099	-0.56809703827	-0.543473576913	2.05262495174
-0.436873180772	0.0326366067327	-0.732211237283	0.688836523691
0.877824901421	0.593484561276	0.844186301703	2.50521413294
-0.559111413794	0.591807189057	-0.134119388822	-0.0796653891711
0.156076638448	0.62497589463	-0.333554822167	0.0246991498128
0.152507582635	-0.801813915829	-0.297414464643	0.227902281033
0.33913808507	-0.599316991084	0.799417345881	0.0717271185808
-0.522768775129	0.93197521207	-0.18736766286	-0.353435724058
-0.293713000191	0.672507928969	-0.026241221706	-0.128215822935
-0.650232736264	0.586908967788	0.742469772733	1.0281987186
0.240455448294	-0.312530354836	0.573524256492	0.132355529433
-0.991793678396	-0.292299185577	0.663242272189	1.51958032058
0.000682265310183	-0.483366369057	-0.629004504752	0.69935697196
0.323801208537	-0.199221979432	-0.600085138888	0.519991228054
0.247468487647	-0.452142222983	0.175268433716	-0.0991775351267
-0.0304923952477	-0.973847344776	0.743795564667	-0.140486769373
-0.640161772186	-0.510398451988	-0.454113514673	1.17454259124
-0.705865247359	0.59716448956	0.760296976736	1.10880193615
0.640650556091	0.0303824854157	-0.020311817924	0.429693137632
0.303158841763	-0.229092960854	-0.106190068366	0.0580574544651
0.39982013119	0.408570945542	0.0129853002711	0.328685060785
0.687222093743	-0.466155057458	-0.751072656595	1.06614860441
0.250533009094	0.539947457856	-0.402046364815	0.142598816854
-0.73123846451	-0.0597804474153	0.40771882385	0.720284480167
-0.638243231583	-0.00558277819299	-0.244931640531	0.472276500611
0.968334456246	-0.773254417678	-0.959390154362	1.8511848665
0.980893632901	-0.728817827906	-0.541309414114	0.934791385356
0.486997743486	0.839656209372	0.111635073982	0.752274954225
0.447847205521	-0.3995536421	0.374572032575	0.0122707251664
0.497092633666	0.209700931323	-0.338531954617	0.39495529281
-0.213044976701	0.18547770893	-0.709342381313	0.377472482114
-0.060613611772	0.37652118666	-0.0672824708617	-0.0399546439852
-0.266551645954	-0.358291766829	0.00276023163217	0.165571690752
-0.607392304248	-0.98087713857	-0.605168875266	1.92452831895
0.505544951948	-0.264605741947	-0.0647291955138	0.143123186899
-0.419969693328	0.118901701335	-0.155140159446	0.132061472438
0.194424561594	0.382969516662	-0.942242096413	0.639229758543
-0.429709468366	-0.555941519878	-0.922240682551	1.78678332545
0.881243236822	0.590581861976	-0.743721382201	1.41092904975
0.0864011842937	-0.336412655768	0.275521804528	-0.0383780444352
0.912785595641	0.728152904574	0.476609869422	2.07202685473
0.269558781833	-0.493665553679	0.874657706026	0.272827773567
-0.73571444903	-0.543645002398	0.996666691072	1.39275486135
-0.969098350216	-0.744549344944	-0.322759574294	2.00517732665
-0.901307915913	-0.0265124899467	0.119687131326	0.847403681885
0.579464873092	-0.731273102909	-0.255917557855	0.164671886414
0.290936702003	-0.682009284634	-0.146412414683	0.0075138539386
-0.0500695860258	0.287400291079	0.0679063417655	0.0122445234882
0.505754963502	-0.153549692396	0.461173748383	0.319997703026
0.89587586569	0.119266846823	-0.260184138437	0.946106300482
0.899652351	0.483752511343	0.325732086013	1.50825854328
0.127112462859	-0.652134300208	0.0906174311287	-0.117620035012
-0.539072311486	-0.119751341172	0.683883609672	0.740954401414
0.393294948603	0.254366529873	0.0240933944775	0.261431032693
0.313174662589	-0.132622115597	-0.0195950963889	0.0595271939246
-0.227199149054	-0.593680671069	0.50705019722	0.142577197757
0.655353011787	-0.083930526668	-0.0157264936741	0.376050702126
-0.213819087384	-0.805782544128	0.272298227335	0.0727434565716
-0.50695841719	0.0267930811236	0.303269538324	0.34352179698
-0.763091653212	0.193853515356	-0.856843855371	1.0024600707
-0.32901539494	-0.229393893024	-0.725555577048	0.876594166228
-0.18044432013	-0.761880985123	-0.704038393232	1.20210077279
0.220506354881	-0.793364343173	-0.588131796217	0.686182979064
-0.608309289618	-0.691111379738	0.591626342977	0.731591695811
-0.349134133599	-0.386514449054	0.0306376501435	0.245936801679
0.585754647399	-0.275624414922	-0.141185538157	0.240507762507
0.710854796394	-0.197486706798	0.0443724071408	0.358136118762
-0.80257823315	0.381649514371	-0.0430181906733	0.323260920549
0.0554262615645	-0.53066118219	-0.029273175457	-0.00994943831937
-0.247659413252	0.661980132246	-0.449643936188	-0.198086109154
-0.276185096947	-0.225375849813	-0.988382791245	1.33818181225
0.496044686323	0.837067853415	-0.622312572421	0.52763848025
0.447576953727	-0.429057080135	0.557481818141	0.0798835250431
-0.318972465915	-0.361584418858	0.434611081381	0.2488171045
0.754111398293	-0.751463728521	0.366170140769	-0.13908636931
-0.445010140794	0.0608602946626	-0.3129800839	0.249859049901
0.700839555849	0.928307805228	0.376719674201	1.63340043982
-0.261482670849	-0.521251319634	0.0970780735924	0.163493452801
0.51966925107	-0.692939873814	-0.628946961914	0.741353294572
0.760279787182	-0.0893975027127	-0.25530310553	0.598061376223
0.98306289646	0.756005807948	-0.118184866847	1.6342331347
0.398122222632	-0.405379841695	-0.430126398932	0.356483871134
0.544389568327	0.272218920912	-0.0199212337483	0.439527061748
-0.10681509862	0.26156347914	0.488822785792	0.350276440918
-0.185018646641	0.54468124648	-0.0676899493787	-0.0988318042247
0.836710535131	0.547319493895	-0.998012606263	1.60782991392
-0.132571759975	0.819594750107	-0.872653965591	-0.044777512142
-0.697726319906	-0.0810782065564	0.0528858950512	0.541901440547
0.695736705176	-0.772102062769	0.159525872096	-0.150851933324
-0.406159292668	-0.132502245548	-0.662729568016	0.745806025624
0.572078301775	-0.192484650186	0.972871031907	0.976372596036
-0.524753804641	-0.644703489294	-0.950011961938	2.12867591891
-0.950475771118	-0.64477736603	-0.0465279722674	1.54841449127
-0.665374718419	-0.538626335313	0.234510886465	0.729793478607
0.332578287277	0.409996506324	-0.467953076648	0.274085208426
-0.389277628947	0.898799604809	-0.223980014268	-0.349491608178
0.535928203713	0.545833116097	0.959556789065	2.02425350466
-0.337507392907	-0.444577952211	0.175278667845	0.216757166047
0.651640894278	0.214497149131	0.529936395265	0.958913398206
-0.664171881723	0.845594639088	-0.345396405387	-0.293262566048
-0.859307387378	-0.827667915976	-0.0765608637986	1.51885887695
-0.609048925623	-0.188343677043	-0.905392744053	1.47591212752
-0.575486248495	-0.848547749936	0.588835884433	0.666584317466
-0.384559827341	0.700730413291	-0.780776796372	-0.0590881473996
-0.690537833106	-0.397761246559	-0.378248232898	1.04503590256
-0.93676641648	-0.308683085189	-0.814210653395	2.08096731117
0.239094631885	-0.56417552449	-0.664643416193	0.739001322268
-0.435265853502	-0.00545190692864	-0.686683266592	0.667107034024
0.140410205859	0.613933585121	0.861979286803	1.3781238917
-0.624129882315	-0.988373015104	-0.845707043867	2.55750566849
-0.692315985256	-0.163019584842	0.132074895503	0.588075471326
-0.186214681923	-0.927338400191	0.369300437513	0.0012762692237
-0.615038125481	0.526194656892	0.403984369345	0.430419907674
0.505149484356	0.0831094867544	-0.230367693936	0.331082249526
0.125292433445	-0.840681645463	-0.815167769841	1.26016221983
-0.373914866927	-0.674179810121	0.00673891323146	0.387400355404
0.418629352913	-0.628239684231	0.0118598769474	-0.0950592260307
0.276692802075	0.860782640517	0.554493330839	1.09949235492
0.938879121035	0.636939702822	0.777945948452	2.58020795218
0.329913330419	0.814730233871	-0.304132996684	0.222343702593
-0.691829237337	0.529589158618	0.118428716253	0.188986354956
-0.213958673425	0.23957889642	0.808462564033	0.841820617406
-0.745249891582	0.025535954927	0.753752222129	1.1237569284
0.0759599576857	0.736911415406	-0.140035283074	-0.0218380430474
-0.27452649952	0.893419835387	0.617900842111	0.763943698255
0.631236368471	-0.184550770276	-0.0187023355527	0.285765502641
-0.191051998078	-0.169454819554	0.627965400864	0.356804328822
0.531585374147	0.467094622271	-0.849737398891	0.856029557259
-0.968329321618	0.747851468972	0.485074321002	0.811555809902
-0.986452671569	-0.455199403931	0.583845284225	1.49723083189
-0.0110246977915	-0.874812475083	0.284442695071	-0.158160284192
-0.158072430593	-0.348216927602	-0.211957737218	0.198763743835
0.211161522618	0.250708083579	0.494244697588	0.465718051341
-0.649616543789	0.80070856149	-0.294180868955	-0.247162631073
-0.628066026274	0.647034011076	-0.172653041651	-0.093816464114
0.661005885636	0.657580324948	0.592204882007	1.61172214694
0.877103702653	0.0443648150144	-0.494467611288	1.03078470323
-0.289554343745	-0.709176797351	-0.423191093071	0.768394945443
0.537319450518	0.000981566943119	-0.387606602056	0.439098023046
-0.176069261307	-0.674675579642	-0.510814321516	0.755355235231
-0.767706429791	-0.437643708028	-0.120026411832	0.992290194426
-0.482386959989	0.336630043554	0.0318411849048	0.0820437963337
0.0401043889159	-0.371726805467	-0.0230442417175	-0.0042023149322
0.375785241242	-0.637675603633	-0.098164156396	-0.0261814437242
0.518273932234	0.753579478595	0.294104084745	0.967296483953
0.291537953036	0.399080943494	0.680204597995	0.935476607293
0.519201939661	-0.627462312006	-0.196086924735	0.105278241891
-0.215310413827	0.263510414774	-0.453796084532	0.0759729297282
0.590270618002	-0.218095338154	-0.407649748113	0.47476895924
-0.724173192176	0.476613200888	0.433189084703	0.573392728502
-0.582188924603	0.427285572513	0.115402320808	0.152810458334
0.911365556225	0.0207827338157	0.355756591685	0.983484191912
-0.344851300927	-0.863783552076	-0.419200310334	0.954626534679
0.63832468349	-0.229587437402	0.582514387888	0.466492099772
0.277025986629	-0.883817550405	-0.818206543631	1.22451021952
0.359780794501	0.844050910329	-0.427793534651	0.255043313144
-0.175264206989	-0.559187020154	-0.954770840242	1.57420583036
-0.570439872618	-0.996373421064	-0.828555562987	2.40582783745
0.143518509789	-0.9371416026	-0.356106084769	0.346633766971
-0.749288026053	-0.37621756318	-0.476719651062	1.24993979242
0.689442193237	0.746066242215	-0.429938011347	0.853784541238
-0.119539589098	-0.545451135888	-0.268152497046	0.297662563796
0.730145823229	-0.0518398858909	0.875742016859	1.21678796089
-0.150634126106	-0.441291548945	0.667580164778	0.240229998226
-0.607704100646	-0.388551371781	0.590406015062	0.724604731445
0.584063272965	-0.640643022871	-0.469163532579	0.487634610121
0.54141300371	-0.114669343187	-0.443545090741	0.478637838808
0.6382125813	0.65694672683	0.774456258005	1.93514596457
-0.805182804025	-0.895058004022	0.554751087112	1.18021902923
0.81115236995	-0.680495923348	-0.674801842352	1.02053971554
-0.948045375158	0.133044808119	-0.106289509619	0.769813710776
-0.444316599743	-0.724264315106	-0.445607100309	1.04052290777
-0.271959534553	-0.754891718733	0.53838742074	0.162698798323
-0.0816881806453	0.802625046784	0.832035400622	1.30120333928
-0.374756533568	-0.912799308695	0.481662229178	0.274857517421
-0.49841531724	-0.382068637522	-0.0197092438879	0.446765427891
0.512209570782	0.794783432349	0.293283444038	0.988566326001
-0.938659305696	0.0530674981141	0.0632187418061	0.838620461011
0.305023054648	0.715470415059	0.126284529137	0.417574662156
0.774828512664	-0.953513328616	-0.0887855941013	-0.0459089610953
0.25163137683	0.980575650152	-0.0648332004196	0.250691436963
-0.613567097045	-0.164488070384	0.709175045951	0.863667461347
-0.932478278174	0.501589341325	-0.963660597082	0.847074436135
-0.647767003219	0.999250681496	-0.934032736574	-0.288595224527
-0.609148157344	0.685043827273	-0.704292452713	-0.0326750458642
-0.545567874443	0.146663115211	-0.658616682498	0.554810781678
-0.387406006805	-0.79151524357	0.0934602464821	0.39148078186
-0.235656372672	0.310586788349	-0.291299046694	-0.0232763307179
-0.240295918807	0.504463884414	0.128634887626	0.0179601053828
0.735539007454	-0.453465650619	-0.435938297575	0.595201199948
0.693688873222	-0.844685249369	-0.917936436663	1.51323016363
0.467844051729	-0.383921222955	-0.793160861052	0.972878235526
-0.916976813927	-0.769208983071	-0.330546556899	1.90971368699
-0.249836120375	0.439887954238	0.679071649417	0.712371930843
-0.949213544214	-0.909552367699	0.0743842563357	1.70224242023
-0.967096129096	-0.191065930689	-0.275150719512	1.24833389163
-0.629290533435	0.734802565905	0.72372275197	0.989170233673
-0.302103992274	-0.159906754815	0.36829144767	0.216321591373
0.15251357979	-0.589008388566	0.265461597221	-0.152460633852
0.289830797269	-0.884232324455	-0.6055632561	0.729889594162
-0.462651916154	0.685424526237	-0.494711552757	-0.197414086163
0.302275074574	0.22304682345	-0.613701608071	0.398537185423
