-0.499401411272	0.763867381558	-0.644706946659	-0.20889823894
0.157471380417	-0.496462409175	0.733110741709	0.120108049341
0.048189456358	0.945852572004	0.0563540525845	0.104380749766
0.744058989611	0.876782186205	0.522865204601	1.93782836696
0.451238330789	0.12213780417	-0.828426025823	0.843836834602
-0.598759878297	0.937665024716	0.519229044733	0.553538911733
0.647083783233	-0.907250031629	0.776864094845	-0.269641513042
0.287061056384	0.146039007959	0.811125863375	0.900707344644
0.379782022639	-0.509763712686	0.569637161452	-0.0152585677503
0.945644272116	0.71281782587	-0.196116132748	1.46698164564
0.795625034761	0.382494004024	-0.455288956553	0.970483739165
0.956423520067	0.201451259421	-0.801470756452	1.58831675257
-0.0741695742065	-0.924557040554	-0.149448642363	0.234583818967
-0.783830723554	-0.00159303993006	0.343544436296	0.733114776534
-0.545931949296	-0.586020168828	0.989522653401	1.01724367555
-0.0717811089889	0.426707336929	0.820374131237	0.997596377778
-0.75703596703	0.798710170962	-0.0214037875473	-0.0481861719638
-0.518086257559	0.0183749629851	-0.512617782338	0.512251212459
-0.00513106309002	0.0903952316133	0.416661693231	0.210833701042
0.543900727817	-0.0583474684514	0.346475999873	0.363922392179
0.513980313123	-0.633625959037	0.206726229884	-0.149746878097
-0.542131117327	-0.74920339731	0.0251915358249	0.681833652517
0.700614600529	-0.295889044895	0.916697605596	0.852650354612
-0.364279548922	0.0135000046996	0.220345727856	0.179308722287
0.232992148116	-0.914111718864	-0.493552167512	0.536060050336
-0.293075741213	0.75554839352	0.445409733387	0.399378923748
-0.0589313927713	0.536297002875	0.936626515033	1.35144740122
0.805822904299	0.989813334058	-0.300862281753	1.23968542304
-0.668044682477	0.550369533313	0.255922731871	0.284960776851
0.799823891098	-0.351046229753	0.258922415808	0.335090174874
0.150134951946	0.237661707772	0.791227857855	0.872307919851
-0.131065275958	-0.584378285405	-0.511764304709	0.654736458294
0.556091103565	0.13712918813	-0.750745898731	0.846163865899
0.634332416964	0.558182053321	-0.673573606539	0.834175290867
-0.0799139945601	0.221143233469	0.543749998622	0.404624501265
0.218945111014	-0.42473290759	0.850847695531	0.317502553385
-0.833384773808	0.694320504642	0.86381836957	1.46184302639
-0.960257645396	-0.654091655354	0.720054249907	1.59768790493
0.0337447646685	-0.390140576526	0.538179065624	0.0676447229391
0.707739555452	-0.229826607703	0.154814574407	0.326624941174
-0.970977526707	0.305111354352	-0.58910445199	0.813842687305
0.108852430114	0.239811028439	0.0579241071838	0.0551989066637
-0.804418554898	-0.788521655373	0.265706992123	1.14247515037
0.0225384684079	-0.968158607272	-0.17075103013	0.173157164185
-0.16996898148	0.375615915266	0.826946736514	0.959501660463
0.373981985253	0.82897770138	-0.922073564952	0.535726486592
0.570904292197	0.892316525037	0.83994139976	2.29035419109
0.869056242023	0.555644493963	0.181179530421	1.37164249836
0.0764272448639	0.453505996375	0.846640192676	1.14125735759
0.780178919199	0.480223047665	-0.752578570651	1.18830797446
0.932681458471	-0.0537087566924	-0.785212514259	1.47853302188
-0.415968226054	0.177403038861	0.735204582069	0.770188842253
-0.685047248728	-0.963768958127	0.849544326377	1.03247811833
0.347693049892	-0.604772319488	-0.84369438373	1.13267854722
-0.203342860863	-0.0952168169091	-0.853375102133	0.870214704811
0.555238900751	0.21390679683	0.567428429279	0.870411431734
0.859411829829	0.949646664154	-0.946772787505	1.55200536238
0.178171273345	-0.580156013473	0.312778014481	-0.155252092654
-0.418241103163	-0.764207675387	-0.139113290242	0.620212633247
-0.729625930379	-0.718721109982	-0.202632537559	1.24344778443
-0.00834978016033	0.192838893649	0.308667701791	0.153258444708
0.484731015216	-0.606395139411	-0.191299969864	0.0936246759289
0.14892437882	0.460420458633	0.115942250486	0.157571090997
-0.91658025813	-0.246961255604	-0.956426155652	2.21743037651
-0.441853680783	0.626487245573	0.744458433376	0.939031052195
0.0447325188296	0.753675835781	0.767817664459	1.2039444026
0.458348699937	0.317745531385	-0.833586621074	0.78572001292
-0.789915703201	-0.951890489074	-0.6675367779	2.45690732305
-0.449223425116	-0.238022675039	-0.578317971625	0.780831513942
-0.0791637523039	-0.755603264225	0.933712679587	0.232386308806
0.110990751344	0.878742787971	0.388939443183	0.602902890277
0.306178620967	-0.325750522182	-0.135000940608	0.0562093831392
-0.415682840208	-0.997585939423	0.399604407587	0.348515524516
-0.757265474607	-0.423616881834	-0.861466077835	2.00129681506
0.261158823008	-0.674129023098	0.743714929423	-0.0560987339817
-0.633003598017	0.415744239517	0.604889097442	0.754895933646
-0.509036155186	-0.21773287136	0.975959853693	1.10995080573
0.653833532013	0.526638487301	-0.450204333136	0.737421202426
-0.26304915374	0.541361724773	0.986902767117	1.43503856965
-0.85797057299	-0.225916735021	0.482163663043	1.05349637217
-0.19816383665	0.445924246877	0.065827685511	-0.0154097081956
0.520098177131	0.423356766809	-0.384483922544	0.475743212905
0.223901374837	0.580096313274	0.913847226833	1.5452523489
0.978562061923	-0.77708598778	0.306760663246	0.0528795340462
-0.688353762988	0.351591782374	-0.0511047621644	0.216455058885
0.384388711031	-0.224823712151	0.941941550579	0.736818072922
-0.121182359316	0.63018857765	0.011077731297	-0.0545787985837
-0.167574977413	0.639286704916	-0.793710298124	0.0435205141209
0.575100659075	0.669069952519	0.506865215329	1.31156397079
0.0950583670921	-0.572307463343	-0.0640900337121	-0.00457978274526
0.916704296034	-0.721434237355	0.506569792706	0.070161064492
0.364762284311	0.231769950326	0.0243725210723	0.223835298353
0.960294076537	-0.655452917403	-0.846169305753	1.56336379347
0.0680008258914	0.733336339032	0.687262266923	1.03081540735
-0.931971889863	-0.176459497919	-0.0222783976675	1.03745445712
0.23434984432	-0.107358596826	0.215489949052	0.0530615986623
0.588140889781	0.40742043024	-0.950005998979	1.10098986585
-0.62184161659	-0.218052626464	-0.36635270834	0.73637967104
-0.0614730638069	-0.320900993747	0.363801909981	0.0391131401042
-0.00896625061253	0.390870223082	-0.200763630701	-0.0415907364336
-0.450179079806	-0.373559726366	0.0574649123262	0.352665616987
0.634720289395	-0.88099064498	0.479927342183	-0.348794036325
-0.673478492538	-0.134324236165	0.896678567079	1.22762455304
0.655720814563	-0.485741992593	0.427818362345	0.0866778589672
0.628416503448	-0.14391414871	-0.146689262921	0.347097675931
0.151903719096	0.265231171186	-0.502155096124	0.1823368975
-0.281798356927	0.964182968976	0.192022750109	0.029722939403
-0.715815926954	0.149483817896	-0.157276721657	0.406615185964
-0.919781048462	0.689826821139	-0.904200823728	0.405344690033
-0.707467212539	0.410831825765	0.217379061213	0.346419703077
0.444988673554	0.765736593237	-0.864175801459	0.623827812167
-0.440189097105	-0.830766391461	-0.0920401390208	0.644395990328
0.403313906207	0.921637820784	0.0509178540704	0.583891904476
-0.584018492957	-0.4115341161	-0.0145201745311	0.58760751706
-0.9075493601	-0.740372913279	0.682831352142	1.4562796227
0.926300463805	-0.478806401662	-0.0190737695697	0.424010408972
0.239306794016	0.87003970645	0.0742170243943	0.335554079306
-0.76607094022	-0.00877146848539	-0.608755117935	0.969506722503
0.7700857397	-0.923267613248	0.905076485733	-0.134427538162
-0.277336313176	-0.260095445579	0.2065927079	0.1379960671
-0.52077511558	-0.635035500283	-0.450046117431	1.09025417621
-0.465468337539	0.893527289148	0.126363894868	-0.0703704662206
0.200517654878	-0.697249629889	-0.733343958088	0.949513633491
0.955153761403	0.000820799362179	-0.799871648262	1.55224081707
-0.264526166898	-0.491201124027	-0.655710357022	0.9519513802
-0.290836825482	-0.0106491619682	0.47194715873	0.305391506417
0.738723879721	0.327610362489	0.593155382361	1.33388372593
-0.37154017235	-0.353831615373	-0.333434149521	0.498662634841
-0.453268351123	0.12476315832	-0.146308663028	0.152053301065
-0.764896968306	-0.878388618906	-0.799674763847	2.59884910304
0.155788843657	0.55893381307	-0.42216228274	0.0536060347684
0.785085337993	0.834649208822	-0.405280429462	1.09761508085
0.887660884372	0.848410884038	0.752434470752	2.74557422857
-0.990899923845	0.346775659258	-0.294651255358	0.622904163682
0.620136998705	-0.314209571606	-0.259224291396	0.338364903263
-0.977925213406	0.778423720187	-0.467861711545	0.0497974674264
-0.28926750868	0.0216982747517	0.454465411984	0.293799011762
-0.299780905632	0.925037847582	0.745254222463	1.05735212564
0.0470203535941	0.797775826522	-0.671878558071	-0.0448650600877
-0.222216972081	-0.557465507877	-0.688546473729	1.03119583604
0.862670617808	-0.85435976547	-0.620167090689	0.921622558648
0.959878543124	-0.854778004443	-0.0537442999746	0.149711647212
0.881449176289	0.0207656981075	-0.465349854888	1.00214373072
-0.36953818925	-0.585737202928	-0.197584722475	0.5077831839
0.998455758601	-0.694107046541	0.365779653133	0.183783244105
0.894392415573	-0.719053407756	0.375639366421	0.0278220458384
0.448036061178	-0.676411986954	-0.180857083292	0.0527225333889
-0.3001511182	0.888707131068	-0.314174821882	-0.35715933129
0.206385108419	0.609593964099	-0.955592467738	0.499039493274
0.698818146836	-0.723285362542	-0.96982288372	1.6249169875
-0.809284709003	0.940437134979	0.103806722605	0.00225987956538
-0.0757184131749	-0.475880311981	0.757818475956	0.255424129915
0.325556758954	0.125319578091	0.406367394863	0.362846089059
-0.119184984398	-0.485814476555	-0.087706679208	0.122408487342
0.371271473405	-0.968616288278	-0.372190937954	0.277259209597
-0.121864525065	-0.213956925105	0.00116202482256	0.0406774485755
-0.713929498549	0.400204223362	-0.506968528325	0.278103870962
0.780817736257	0.923832618509	-0.500472521976	1.1191411359
0.951275224789	-0.760965100247	0.625537644913	0.0963223350361
0.609745403598	-0.661330733966	-0.347273942026	0.318808203693
-0.673339453936	0.841523674287	0.565831593131	0.683081001973
0.452484369143	0.949373818765	0.605880374694	1.57661691126
0.170026540061	-0.557927005531	-0.410383379421	0.331425114073
-0.447314037023	-0.44997438162	-0.152343340455	0.493128798713
-0.505440045751	-0.191898990358	0.729280266137	0.744364634133
-0.956622043864	-0.72907888195	-0.627675268629	2.46417969092
0.668815516536	-0.992793652544	-0.101576460784	-0.105519361481
0.867238584101	0.653039189361	0.899714747402	2.71547915969
-0.0828107732356	-0.496904814889	0.00971155416681	0.0432752923682
0.422433544325	-0.41802242685	-0.854262144276	1.08872794985
-0.129261527181	-0.914041656969	-0.746905041124	1.37542842474
-0.0215808823321	0.878948958756	0.944242197913	1.70303126542
-0.5348291496	0.991405012717	0.00510643888627	-0.239101455772
0.680177320911	0.228679670327	-0.805419243472	1.08270106407
0.386625002572	-0.392377116334	0.569530212824	0.0986701297479
0.271817330663	-0.72364531776	-0.0109981752461	-0.114734939492
-0.760805426002	0.484211392711	-0.369967951138	0.168167829317
0.85952076483	-0.48812048295	0.315804682545	0.264808117695
0.305891003871	-0.659060013408	0.669206282203	-0.101241276045
-0.090955637349	0.495842122989	0.555433873649	0.547087590731
0.17412936379	-0.735784224734	-0.591782541889	0.687830232074
-0.839362922572	-0.521109329519	-0.404827034818	1.5167740384
-0.874903001559	0.0514272359532	-0.223303654156	0.758842051288
0.792508108473	-0.696977614612	0.329100332067	-0.0453598448547
0.00122926368544	0.395383855723	-0.618922138063	0.13884033375
-0.627818534821	-0.894719865375	0.422950931763	0.756342717572
0.246622998998	0.903068909298	0.414350537792	0.829413922746
0.859818258976	0.667930628441	-0.868136564171	1.4873924817
-0.440165815764	-0.689029556311	-0.40694073444	0.943028157149
0.176183156196	0.613891499081	0.573813964652	0.820719827381
0.338092633667	0.693812462468	0.102168594615	0.430203777589
-0.908175006318	0.5823835305	-0.953946044066	0.650326265549
-0.479027714873	-0.902790148062	0.389028558339	0.462061122672
0.411308949893	0.367684260764	-0.882955943191	0.775369073806
0.0792876799055	0.318242065608	0.31806419837	0.233905452985
-0.71072209976	-0.26011004025	0.1857174073	0.676175850148
0.524708604677	0.960376976457	0.233924993795	1.05861426408
0.322781133703	0.0771493105964	0.496898051672	0.414333018092
-0.579410338717	0.332906921702	0.776317266206	1.00393651751
-0.728675375145	-0.749100263341	0.451235060995	0.942411495006
0.0432741838801	-0.696150044142	0.661105828012	-0.0514206055498
-0.0733118581708	-0.776311029672	0.450253283637	-0.0845211381552
0.971234309709	-0.916957050629	0.60988061703	-0.134564028544
0.486336093164	-0.072997442849	-0.893544609604	1.06466994527
0.680209199131	-0.333298888334	0.324765973294	0.23320038422
0.731795244337	0.928832281238	0.991610251525	3.11956982878
-0.959551197995	0.573172927062	-0.288772679268	0.288622711213
-0.318999519314	0.665504002579	-0.693647240009	-0.0910132846332
-0.923597707725	-0.385362111183	-0.401383961234	1.52473954328
0.597063965858	0.513370156975	-0.355596931296	0.606896526311
0.466803903771	0.338428806268	-0.285679837322	0.360816455622
-0.194645822545	0.11255640261	-0.549703305976	0.256279460643
-0.393061152584	-0.809484567132	0.0509725978915	0.434010681022
-0.0726362651891	0.786773133698	-0.612165287729	-0.15876109723
-0.0258874878368	0.40128343617	0.00651704788095	-0.00706040276602
0.496575639441	-0.735157175432	0.391838137584	-0.252999271181
0.5171493799	0.476892753631	-0.292920941863	0.460179076571
0.0922753617708	0.943648993914	0.888681732212	1.72394913837
-0.281975226832	-0.48096746332	0.898699857598	0.590546981367
0.0730727733218	-0.179525344707	0.104479625363	-0.0156195332605
0.295280403737	0.565647287503	-0.981529182736	0.662415293001
0.0141470090068	0.66843169986	0.206199950557	0.190005450213
-0.519689608523	-0.392263706158	-0.881703225663	1.59719341427
-0.999257699571	-0.722988957594	0.798387825579	1.781165771
0.249676955478	-0.353023713625	0.0162284312071	-0.0312689630042
0.204080255611	0.149429909572	-0.196274361657	0.0813388098018
0.454282567875	-0.469254381946	0.147693124225	-0.0542938209245
0.907331398712	0.747336008695	-0.419574186071	1.36381129321
0.00960507127634	0.242899588156	0.323218520112	0.185405182415
-0.921233936475	-0.971615973595	0.849784272981	1.64022691068
0.85631128192	-0.491103472915	0.177765902542	0.257030831098
0.312848951146	0.827928914318	0.960996170865	2.07604131553
-0.893118882557	0.364962973299	-0.93646581737	1.00689889349
0.053666211821	0.927318621159	0.258295109886	0.358883968782
-0.956689290111	0.217654010018	0.338850985375	0.895599403535
0.753456004243	-0.618092283974	0.0154747741399	0.0926652379359
-0.198042024583	-0.577992471044	0.360059686064	0.0752186325178
-0.991325245943	-0.925146050898	-0.993768566176	3.80680340731
-0.351321393444	-0.491572245475	0.156708262128	0.243650614871
-0.742371498748	0.44021127813	0.231785926375	0.380074630409
-0.0196985797535	0.0225214930746	0.790508563087	0.64265161406
0.914224873121	0.317921007826	0.825719525532	2.07078473026
-0.0469138391682	0.656154252348	0.0852566255136	0.0346283828069
-0.37119387838	-0.42742575726	0.267034624671	0.253612734013
-0.462763821425	0.440170824505	0.369554388165	0.309692727142
0.829381856392	-0.845253075691	-0.559588208148	0.77296931543
-0.563816396488	-0.147615437339	-0.324803961532	0.554560625154
-0.211271841964	0.853158257037	-0.453287094905	-0.316868962663
-0.943342115668	0.0958951235256	-0.572562103823	1.07235388755
0.025900013266	-0.00853425486924	0.807375474769	0.645414582555
0.0623968077522	0.531700045772	0.76805239364	1.03534771938
-0.811490024865	-0.386712262172	0.972781646063	1.54244674367
0.763423949786	-0.920502719411	-0.152548425028	0.0437745673238
-0.82650880978	-0.881472452085	-0.0769169697339	1.48537797002
-0.45872523856	-0.76932810518	-0.659658111965	1.5059814131
-0.571168374123	0.565590810692	0.816165739732	1.13092808494
-0.556951664488	-0.67844811541	0.988534596548	0.994589178248
0.843537138418	0.47862075784	-0.104944831973	1.07607393109
0.481167443028	0.971242420433	0.583353071125	1.60573039459
0.750140449238	-0.431698152178	0.0791890252642	0.210961593616
0.09506686664	0.726927061762	-0.566026238311	-0.0129297006688
-0.0910587935752	-0.493773533627	0.70218427189	0.19959686866
-0.957875488059	-0.695887921688	-0.880519467234	2.97215682748
-0.936450555796	-0.0333426883513	-0.824656692855	1.61571835467
0.117311561368	0.821533072103	-0.257938522657	-0.0352354156274
-0.814826623051	-0.311375360199	-0.859825389364	1.9246874994
0.606523104706	-0.149922193259	-0.4329417127	0.52928510014
-0.0218795072878	0.326536613418	0.161019535316	0.0718403171358
0.891015624801	0.665760479877	-0.397245532953	1.28044547039
0.206203869858	-0.778044849576	-0.106687272705	-0.0235261657611
-0.500708456001	-0.393724461338	0.266057322018	0.41388334784
-0.854926188951	-0.779705972512	-0.652509942314	2.3320249681
0.205232545979	0.977256917677	0.195148255241	0.47147814715
-0.116145229559	0.0243355791655	-0.208634240214	0.0491142640408
0.400330949835	-0.825290292884	0.950673685274	-0.050925685729
-0.262315026115	0.0965731470134	-0.717328367685	0.488761914521
-0.994192634184	0.0777567992274	0.620680625051	1.34462033388
-0.165693117556	0.956667524554	0.31903127386	0.275928797317
0.705066902984	0.938711486387	0.940428358597	2.92617013818
-0.88993952165	-0.973317482081	-0.299587338227	2.03953221354
0.165611371066	-0.957127511054	0.521404160817	-0.358272040943
-0.39943969413	-0.994187645007	0.0496130280674	0.509806871093
-0.645467552229	-0.197421171171	0.975747651989	1.30350755723
0.783955769476	-0.83528673392	0.264794139207	-0.191304301269
-0.480990527654	0.149356173323	-0.310309487831	0.209458323667
-0.766387196006	0.0370505435065	-0.233770281965	0.604941500781
-0.923138013091	0.221497726046	-0.717864224514	1.00403457198
-0.851353404261	-0.547962169863	0.723944036019	1.31871310012
0.905538844238	0.994133725347	-0.669627100787	1.5029288729
-0.00293953203141	-0.602169689135	-0.030905202298	0.0213440455276
0.773336415421	-0.692997951791	-0.364017923396	0.446901383365
-0.727408979103	-0.186139983759	0.41737272043	0.761033954792
-0.629958691105	0.137753909264	0.87010512704	1.18701199495
-0.490135448686	-0.892272861389	-0.78653811322	1.99801613375
-0.832901223294	0.233043872221	0.878780059497	1.47667062238
0.784076834045	0.120724158261	0.681694466081	1.25643783318
0.0358649985132	0.80063078124	-0.356033009458	-0.128290562789
0.931191684771	-0.663496964872	0.516253832745	0.173260265921
0.384039182852	-0.638577136782	0.392764563422	-0.194299015891
0.509372148167	0.749456851247	0.825640974601	1.94167773563
0.657453270411	0.799656733607	-0.416103253144	0.798383886514
0.877178374989	0.0954010555528	0.957213237154	1.86070197903
-0.959067521946	0.802564641722	0.631291330009	1.05527767295
-0.328658988343	0.996377160518	0.276297190251	0.132184768257
0.562366192863	0.698095663997	-0.666585427561	0.687836871265
0.739487343375	0.645042272017	-0.0811045044624	0.978104233926
0.386147862352	-0.915031820745	0.395651375864	-0.40972099758
-0.272241753219	-0.998962385931	-0.769519018906	1.70695491914
0.946152859236	0.680359443882	-0.810177513697	1.64410494721
0.847992445147	0.404993686056	-0.992465275641	1.64556792622
-0.566805629228	-0.848844590285	0.278186636182	0.643649096774
-0.904433094396	-0.159511982373	0.184745874888	0.966928995598
0.557468800805	-0.106808689017	-0.499040135108	0.553571831135
-0.745338405639	0.523264486846	-0.636056665883	0.237262437903
0.894020866848	-0.0518502927504	0.973328452344	1.64981897763
-0.21338705839	0.251059091113	0.737298046806	0.720675063087
0.340446023264	0.773777992023	-0.238621800209	0.251633201146
0.177366896082	-0.246907038423	-0.126641194931	0.0349724754361
-0.43487448093	-0.117281712863	0.232520066567	0.266913867843
0.682202461301	-0.980734806469	-0.516355635838	0.569371586592
0.61954025219	0.742557296204	-0.554077937133	0.739442004173
0.835828881361	0.73253058335	-0.0273128318538	1.29161864309
0.4983755504	0.73992903642	-0.226238634951	0.500924114803
0.840761383994	-0.0727579966382	-0.870018688357	1.46594092576
0.988198735051	0.145127873465	0.296682252577	1.25102914434
-0.607936051664	0.226237351495	-0.591402326445	0.448007816428
0.286503836637	0.703312517519	-0.916775994779	0.479284374745
0.697664066604	-0.271337455218	-0.405295536973	0.571669089304
-0.872842960202	-0.256311630605	0.945782367912	1.6376639021
0.131961434021	0.927896720792	-0.729208622034	-0.00502467274208
-0.245763108323	-0.0920187701406	-0.681488739164	0.610150981637
-0.169704642135	0.926994164255	0.335553735656	0.295137116916
0.0601790936571	-0.761043739939	-0.498786445526	0.586208820984
-0.906338380254	0.098210860848	0.950807435824	1.72985138377
-0.269459868227	0.0436388556776	-0.342738098368	0.163362405948
-0.805894804492	-0.193452119128	-0.521223013097	1.17787361943
0.172788133277	0.300528097892	0.0706100270468	0.107989501073
0.780681423077	-0.92435872415	0.241844536711	-0.277228527325
0.891702500173	-0.350828573006	0.839650065268	0.892737631015
0.572644387417	-0.318836892693	0.790273090922	0.517904778884
-0.248901733317	0.0204867473269	-0.241489419119	0.110222692763
-0.488089250869	0.564535872569	0.294555365677	0.215737159515
0.275378776351	0.700776536856	-0.231082947164	0.16027427671
0.694930322608	-0.416977051408	0.823931098434	0.528460251403
-0.491528646676	0.986955843166	0.310274014856	0.158980056823
-0.767639998701	-0.073468238705	0.983652861286	1.54097403457
0.143340033093	-0.558375908795	-0.746006915529	0.913587351285
-0.10095256814	-0.139528097966	0.0254807604311	0.0213711279458
0.400414792522	0.673647978052	-0.328187618591	0.316694808746
-0.892547803946	0.655135672504	-0.568011536616	0.162414162247
0.536028756807	-0.884292307933	0.467917770772	-0.381508323586
-0.711210716371	-0.0746337660492	-0.280577942891	0.658565587884
-0.401275943744	0.0637615156362	0.235227088726	0.205766639632
0.858567632545	-0.226737838567	-0.57637700829	1.00536554313
-0.356061174654	-0.457041038852	-0.73395324768	1.16364825382
-0.211303160526	-0.706489380847	-0.295720494197	0.490306464237
-0.273200039616	0.932342967644	0.117140583284	-0.0571407587467
0.963555294782	-0.196567327206	0.48839482977	0.881562360629
0.61690823661	-0.658063433288	0.739181626607	0.0345720982751
0.475028705076	-0.189899282228	-0.900358085549	1.11706669692
0.214106394847	-0.452096698183	-0.241175462506	0.116244988141
-0.847083494492	0.694052458939	0.398286424801	0.564693813037
-0.592540709745	-0.281783427149	-0.933406464229	1.6523387445
-0.681527419688	0.467077485662	0.026226040985	0.159090908696
-0.932431924244	0.178785287434	-0.528911940055	0.887910350864
-0.476989313961	-0.708641794595	-0.0953430157701	0.642187705534
0.713463615433	0.3260960995	-0.0500858740342	0.72786381929
0.174263229995	0.694140949201	0.909758615864	1.61049236551
-0.136601522858	-0.501994586097	-0.859757491683	1.25800975166
0.836584414534	0.0423067132166	-0.534304496981	0.998143247918
0.961242838267	-0.300703551765	-0.561222158901	1.1186704667
-0.00425547508881	0.6955678211	-0.181041680816	-0.096092539728
0.814977190621	0.758856352436	0.959047562132	2.93019000067
0.793856494055	-0.534434516695	0.52554604668	0.201272521151
-0.0545556776007	-0.534689610809	-0.512806702551	0.569309806371
-0.803512872996	0.827697172955	0.0302418640734	0.00651327939981
-0.962316762688	0.423968062162	-0.850929227977	0.88137571389
-0.289416079701	-0.833324252335	-0.663358245169	1.31777578054
-0.829460493131	0.132726573039	-0.894267207837	1.25893407808
-0.0750761701733	0.890116701091	0.472417726953	0.582495295795
-0.774335045776	-0.806516631755	-0.192491385849	1.41640929387
0.857593649903	-0.436229816401	0.961255304177	0.866042482861
-0.759732329498	0.236067049266	0.0420734727556	0.409547780903
0.615663237055	-0.658359937971	0.812011237683	0.0984797929541
0.215604584601	0.623123778785	0.850355848064	1.43381569807
0.453262478056	0.506144700552	0.257196445369	0.631191904574
0.316249237696	0.0938100676238	-0.0764552842171	0.12835407782
-0.0938603875079	0.0962999556539	0.624458792018	0.449855158096
-0.951913615385	-0.665459308939	0.0447847681567	1.51180254241
-0.406275509759	0.366056762633	0.379983070593	0.299822398604
-0.987275752258	-0.208189128386	0.66794457535	1.48734464612
0.850689277259	0.574635984931	0.142774733284	1.3149370411
0.0467108581592	-0.444160020874	-0.960739813396	1.33117801315
-0.159462614786	0.0479691008768	0.440053400799	0.232535008789
0.352431232229	-0.20962475025	-0.99201473813	1.24237354681
0.446541112242	0.939919018084	-0.0457123466144	0.578235163364
-0.891646511322	0.810684772734	0.903433349685	1.62078072885
-0.738499623699	0.169693145865	-0.814007844104	0.944540588276
-0.353273098405	-0.311646264238	0.620656878576	0.426687686772
0.983926271251	-0.087725756853	0.182068046167	0.898971946711
-0.749466661271	-0.214816621911	0.901906576584	1.34238912159
0.445497986411	-0.97162917032	0.744030432739	-0.403730770233
-0.245009857487	0.339435646848	0.826083359014	0.939680606163
-0.224648329419	0.368691439941	-0.586845144431	0.0956633980764
0.473737099999	-0.242675470506	-0.711074573566	0.787649872154
0.799203130552	-0.133605012228	0.138393320151	0.532610769686
-0.319182885096	0.945956299426	0.13801689178	-0.0504487360647
0.542768188307	0.311224802882	-0.810231995603	0.867831822232
0.230607277879	0.386105322388	0.879778653335	1.25591611342
0.915337868149	-0.34595984859	0.512852409251	0.606764514415
-0.562865253443	-0.0490937681881	0.109491977607	0.351063589201
0.549258399596	0.846035677006	0.806272545357	2.09858774764
0.674641463004	0.74508846276	-0.263772453822	0.830850769447
-0.796953775744	0.801379334817	-0.901787107329	0.0870194687136
0.0834276988495	-0.20785144708	0.486668230462	0.125310883595
0.597997943614	0.18436556069	0.797215364932	1.25038316256
-0.445330494181	-0.0437759565397	0.779404782038	0.791166641804
-0.253544365545	-0.419610674171	-0.862268830487	1.27599940876
0.399182239723	0.517809222039	-0.170832998913	0.306771716765
0.485643691341	-0.397354913541	-0.915554220567	1.24491638691
0.636227872329	0.29254450036	0.316785951104	0.783938197157
-0.421961671417	-0.743087234362	0.549968453006	0.385396746137
-0.471527549847	0.770961067451	-0.460469909661	-0.284162988275
-0.358262768713	-0.494417959554	0.682905188235	0.434202664919
-0.73194731497	-0.234731317759	-0.320700612554	0.885685189948
-0.042204686776	-0.49820065522	-0.18777581595	0.151617429787
0.865624979745	0.684076321027	-0.503423525449	1.25051528986
0.573997519894	-0.732926253277	0.70367287858	-0.111809505183
0.548645162382	-0.698112299478	0.268482637282	-0.197352526464
0.123432649351	-0.101016777385	-0.0918510484694	0.0204819624851
-0.733745133487	0.357276612491	-0.617597428793	0.437005412002
0.7106286258	-0.46064361149	0.311314285919	0.131158154832
-0.342835995993	0.818285898373	-0.272929962623	-0.311845315988
0.399139262326	0.347471542272	0.0507572837447	0.318214699309
0.443717280192	-0.549133100569	0.508917743595	-0.0672411298356
-0.534057394439	-0.602963198617	0.702429952152	0.677102682278
-0.839571417329	0.613373770879	-0.80434958427	0.343520394733
0.293089633579	-0.506927075827	-0.746473387863	0.872956552886
0.15683333999	0.844025925207	-0.816119049377	0.134192768447
-0.491098360219	-0.515051522002	0.649252521953	0.58124889496
-0.229712915895	-0.764268395977	0.950546983012	0.4053968944
0.094819120939	0.408830353705	0.679766060387	0.787746496206
-0.233247160831	0.0794590868627	-0.164979493276	0.0499797449375
-0.324386706831	0.849965083282	-0.795259719983	-0.213995610617
0.848909737422	-0.233148716289	0.948918151267	1.20193213574
-0.760236428247	0.854119015707	-0.209035991939	-0.206218532721
-0.207111374691	-0.326290743614	-0.408036721681	0.410106217564
0.414096983245	-0.0138630125175	-0.302711557292	0.261566460896
0.477175312101	0.400683355238	-0.855995600993	0.808637763013
0.714214869862	0.238292652451	-0.817078692811	1.15320877736
-0.511650117388	0.555094269265	0.317433989178	0.25474192034
-0.453955652758	0.388959034023	-0.458105930147	0.0611821856507
0.196499216233	-0.829844171271	-0.562113067056	0.657985565177
-0.511373056724	0.353652902515	-0.545257230416	0.185127482533
0.582879449029	-0.629828223257	0.140376475052	-0.0960729867756
0.0280321259142	-0.890945634715	0.913667969676	-0.00342863048231
0.636342675676	-0.890766024514	-0.921450772708	1.50796813356
0.698750314298	-0.593481817385	0.673821118226	0.127690712834
0.505022368657	-0.905940506831	0.425377050848	-0.40689329343
-0.86031814313	0.287063107113	0.751567406067	1.27378254878
-0.0772750742876	0.946713164205	-0.682197298114	-0.247637902142
-0.512984317123	0.827414581714	0.297884487703	0.173911342242
0.543727300885	0.6711740293	-0.880088632697	0.844438388757
-0.167078580646	0.248962518506	0.0292935051461	-0.0055299578546
-0.520393367225	0.811900984348	-0.804535368134	-0.157624529199
0.790610166091	-0.21814010125	0.819660611441	0.945643322224
-0.180688676741	0.964001552135	-0.795070349535	-0.275847957228
-0.702567657689	-0.583732878629	-0.455117212768	1.37651171297
-0.127412842275	-0.811221632732	-0.939807586861	1.76522463171
0.0433066426831	-0.0344965398337	-0.169384144038	0.0349156910994
0.971037107701	0.0236848947619	0.629511729014	1.37710691226
-0.346255746789	0.302698205	-0.0363373342976	0.005403205158
-0.00768667568789	0.786287213041	0.095124986282	0.0778594735484
0.647101452834	0.869893519105	-0.725179983958	0.876706291188
-0.735728951778	-0.100310038939	0.0397360886359	0.612691118427
0.337261878198	-0.430924717383	0.904553338372	0.396833445204
0.417431736091	0.696644222103	-0.240272312549	0.355397127275
-0.370981853059	-0.00154809946701	0.368511185005	0.273431853613
-0.69810437409	0.00270370172946	-0.222663227078	0.53443914886
-0.390126186233	0.179279004453	-0.120403401637	0.0751681840536
0.674958213969	-0.0724881608057	0.166781006707	0.422368366818
-0.945515183471	0.743156855512	0.513327401816	0.836320670824
-0.585891077028	0.43856622312	-0.196705210148	0.0387409959457
-0.618294836391	0.902621495076	0.575561575147	0.67498767134
0.896906229813	-0.57923330494	-0.758542934816	1.29968354039
0.0548000481857	-0.168753360829	-0.806490834363	0.780280857663
0.212037185412	0.548269963522	0.0128557216675	0.168427063538
-0.800450508764	-0.386449927467	-0.69937254775	1.70944948893
-0.0558308976912	0.209916446138	-0.682925021001	0.314426656431
-0.428231545331	-0.0826710707265	0.751078209089	0.720810653212
0.396256951591	0.238125768908	0.225252644278	0.355755775839
0.136516254857	-0.520271760505	-0.151334409157	0.0492482584605
0.12750641439	0.810986533188	-0.62041165489	0.00142899505035
0.686303667558	-0.751469085505	-0.163796598633	0.105194140573
0.547312980242	0.168434165821	0.0234272578493	0.396232490656
-0.0606779474049	-0.667930415221	0.930521665808	0.288557307829
-0.58553010172	0.711490475354	-0.943466001958	0.145107432251
0.366407253649	-0.849757190901	0.219808821339	-0.315571131678
0.647236185581	0.0641347363311	-0.746485580121	0.969790067504
-0.442343500932	-0.810169571146	-0.53381626473	1.27148251602
0.809130290489	0.047304129948	0.751446734375	1.29318575997
0.224893173153	0.399344109495	0.0969472264414	0.188500771821
0.483339874318	0.352136213143	0.412886362577	0.719686295687
-0.212843042933	0.322228411838	-0.637690154479	0.177884932627
0.130622480381	-0.86645836395	0.143705747726	-0.1999804134
-0.275832509434	0.411893698458	-0.870697261019	0.361948906062
-0.208396346616	-0.510228668884	0.0537921562418	0.125206123615
0.661279708659	-0.232080173956	-0.142259158885	0.337074141892
-0.374376081782	0.519572821126	-0.760144205367	0.128510757345
-0.780355100198	0.803095030711	-0.27721348154	-0.163526675878
0.843098203698	0.408377300259	-0.460259723444	1.07899613911
-0.338584323023	-0.918955758008	-0.838850750681	1.90032066638
