0.420256251416	0.594897040582	-0.291264282753	0.338187139678
0.881313409508	-0.684916919496	0.436014262353	0.0645617517761
0.984448922429	0.821588617237	0.698776191893	2.8403464414
-0.824536929716	0.526981962221	0.222752188966	0.41234998264
-0.143825177209	-0.469942466629	0.200648251288	0.0342418267502
-0.829676756581	-0.0885939213277	-0.964104289051	1.77677869741
0.633023693075	0.322409424877	-0.699324842847	0.86839811625
0.633215261986	-0.918440859799	0.889507012182	-0.20634606199
-0.0791903564249	0.996981402758	0.142260681478	0.0893891551891
0.387439918286	-0.457171881999	-0.923548186701	1.24814456947
0.164277741141	0.759941138133	0.500023441681	0.781840415403
0.77811844197	-0.951250764122	0.51833185638	-0.359113113879
-0.953157882223	-0.402160664635	0.207822720804	1.25144471562
-0.158269363324	0.722585321406	0.835009306645	1.211292083
-0.965711779912	0.470995660604	-0.317517525046	0.429021186377
0.158078416514	-0.916993976757	0.000904633848708	-0.120796895459
0.444888378034	-0.497467615939	-0.871081590327	1.16872612717
-0.516904949681	-0.0278532754636	-0.96361092137	1.23697395117
-0.823244168188	0.579680390695	0.235439597421	0.392423981254
0.551794638618	-0.437374082886	0.735509578281	0.28241816169
0.795905525797	-0.916602682802	0.366946094064	-0.297757872522
-0.953289669894	-0.953726521103	-0.211352367487	2.06418101661
-0.0104914385908	0.420655127989	0.817964893202	1.00884448619
0.134634890978	-0.592120846087	0.996333594235	0.341137168507
-0.0188328993962	0.845341602341	-0.21108248791	-0.149446547106
-0.953795926895	0.765124769391	-0.682338661463	0.123465619479
-0.624946387347	0.838155543314	-0.741574045157	-0.204866624047
-0.87272855841	-0.820187018865	-0.821871458836	2.82701676783
-0.220276994234	0.256749033655	-0.844727082206	0.488647030137
0.257517424506	0.0239096337914	0.484821008088	0.31911567388
-0.164014867575	-0.199488426036	-0.274950114649	0.19006687572
-0.429305845389	-0.00783581292024	-0.837926625876	0.896354335809
-0.0871276656771	-0.734794938189	0.845552954134	0.165263965419
0.824503799167	0.552898087982	0.858683648542	2.34777524467
0.246761315497	-0.955082488287	-0.652491079576	0.8741411484
0.38779624458	-0.168780979202	0.469016798924	0.225748940507
0.807548569934	0.566927708664	0.409411733378	1.50968117652
-0.198436826553	0.536003000635	-0.951994323441	0.329035817576
0.077701560687	0.321361046605	0.299401360608	0.216864896733
-0.099141558158	0.710967071659	0.957351432974	1.53650977634
0.910523417057	0.188314727324	0.511065067522	1.35794644409
-0.262118791346	-0.988204493484	0.388300048877	0.0947903030493
0.930513795402	-0.423131821398	0.963906965777	0.993382854935
0.11777345091	0.722828630126	-0.924349774905	0.285276632741
0.41456451162	0.283485722754	0.850080660719	1.25300971473
-0.663754760139	0.519894739044	-0.215602174066	0.0298816352347
0.380241846537	-0.403780941079	-0.949250533415	1.27541530012
0.935277385727	-0.513664451897	-0.334848547544	0.678448387976
-0.597761747779	0.942518686699	-0.896602488069	-0.247251088302
0.8862494554	0.657637243703	0.707945762225	2.33502744829
0.570830576723	0.508625475231	0.431372909507	1.02167635884
0.762259505958	0.547158268492	0.271962045647	1.22088578211
-0.225042624041	0.410260122648	0.357932995604	0.233279832114
-0.31928486065	-0.306320445332	0.433037251063	0.25461940016
-0.0537452346705	0.792307160834	-0.214867413689	-0.163767169071
-0.794044562275	0.545934184174	-0.785057746876	0.384736501935
-0.796299370267	0.971431717228	0.0655085578044	-0.0715293156518
0.701381217135	-0.0430481149539	0.288312256969	0.532455130826
-0.772224373816	0.472365598965	-0.551716208148	0.275337271855
0.745323013565	-0.243075536023	-0.883339752979	1.36934400666
0.75225846473	0.162852805119	-0.701118626966	1.06578839287
-0.715367641006	0.391949362345	-0.445424392045	0.255182053658
-0.959668269013	0.723119406485	-0.778406183464	0.270044006504
-0.846741008419	0.732237251652	-0.0612768208598	0.055840704351
0.320563380299	0.83016554172	0.685506488775	1.40788456481
-0.773804703436	-0.250474269246	0.89179791137	1.36452297125
0.988129118683	-0.476435826588	-0.618874940713	1.18347942793
0.468557673495	0.511750981413	0.0431531769342	0.483277019977
-0.479325024029	-0.611490786262	0.696197122803	0.581827622263
-0.064042237402	0.649862798198	-0.0315466780486	-0.0570230790041
-0.867715343617	0.186004981964	0.295271512536	0.733637779188
0.737312605133	0.983253217538	0.571573241719	2.15729206864
0.98644024208	0.123204305861	-0.146925067569	1.09808321101
0.568959473152	0.607344248117	-0.524813457846	0.625955876098
0.952324124269	0.959826590736	0.562654552288	2.67761820103
-0.595261134028	0.630930096159	-0.191878732734	-0.105476966067
-0.310863181039	0.858219453187	0.115358215686	-0.057842729209
-0.710388413651	-0.0385532039929	0.910972678881	1.32678975382
-0.556022888375	0.385984837731	-0.775453772052	0.396560202269
-0.185735237209	-0.116071992782	0.521178417848	0.267188963129
-0.269718587094	-0.748657634342	-0.461494308987	0.833153230432
-0.620438665325	0.105230972644	0.790824465765	1.02827733659
-0.519253227003	-0.43958884453	0.255398892388	0.450839930064
0.40254394104	0.464562821368	0.797534839475	1.35561542878
-0.15053636517	0.348413618162	0.772244251112	0.835633874595
-0.932406752818	0.535078492394	0.260553927946	0.577776705425
0.0287241427352	-0.799261669483	-0.99053540554	1.75072434164
0.994406758032	-0.236825556915	-0.664299317061	1.35196050452
-0.987450252062	-0.037286743373	0.0534309236429	1.0127394029
0.850780809384	-0.282204879502	0.951160250988	1.12001724886
0.992141677153	0.464242597443	0.509781216185	1.94147858108
-0.0535808625142	0.561342748998	0.849411396869	1.17110432985
-0.675555102057	-0.413096016455	-0.393189729219	1.05246709149
-0.185859478453	0.984844480695	-0.95169101426	-0.180050791906
-0.906417102131	0.25703893447	0.761639210072	1.36447269425
0.279473611465	-0.11562098753	-0.350409440038	0.209093945724
-0.708718057718	0.316230818874	0.657140212133	0.917804039392
0.291650461113	-0.250567270468	-0.255225132313	0.141072864418
0.991347755178	0.860219715904	-0.940225778611	1.91077101862
-0.985254016846	-0.804552390488	-0.181080156277	1.9418924478
-0.301688633294	0.150731510673	-0.568542917084	0.283085763801
0.115113043773	-0.699880302047	-0.647718150197	0.805549637697
0.812508676447	-0.524757232138	-0.0428822112837	0.258142179707
0.113256233022	0.578513997658	0.998012511573	1.65174047148
-0.658841923363	-0.284016659317	-0.35218360381	0.845254063485
-0.0501879531049	-0.462673616088	0.240125930322	-0.0276999977016
0.656096619098	-0.421546184204	-0.702637959605	0.943782200367
0.276637023456	0.237819149369	0.905179998028	1.17693759034
0.428359430054	0.34461272428	-0.991889622253	0.973137149301
-0.839902575466	-0.322180610154	-0.149142071458	1.04633070157
0.216239970818	-0.899629434249	0.31305257209	-0.331405513057
0.549028538531	0.771622526784	0.0850354226425	0.797921395089
0.823708168546	-0.729012608482	0.908387123511	0.240943006088
0.481029974716	-0.356143880572	0.980617776135	0.672444157431
-0.583645400897	-0.960593896448	0.106497981459	0.81032867286
0.930500387021	-0.73295977048	-0.196491202362	0.366440559334
0.161830750319	0.315500478783	0.694906817934	0.779385790335
-0.823014300843	-0.117369004168	-0.688418945244	1.32866859852
-0.247565266036	-0.386925969697	0.0586687990587	0.137819537588
-0.670589784579	-0.784012213904	-0.556725822177	1.72186472627
0.0908275350017	0.286663864631	0.391828779623	0.300139558094
-0.570053769282	0.101338336957	0.438003530303	0.503426640817
0.0616706911212	-0.489214334718	0.744077574416	0.163271109217
0.183375535969	0.526477766011	-0.163282794905	0.0708662397326
0.31106137947	0.989913156678	-0.435823121298	0.16319768517
-0.46263586299	0.595537140208	0.423471319066	0.37003595931
0.115793422562	-0.0725890271882	-0.681997541667	0.519628969744
-0.946963787735	-0.845840060673	0.738565665457	1.61849113787
0.0183895379542	-0.309643470461	0.0286046788623	-0.0133950496277
-0.0100326038843	0.431650832163	-0.244295126438	-0.0500000144938
-0.811355944524	-0.899986934926	-0.871638168944	2.93272427995
-0.543152043227	-0.252208868176	-0.1240014025	0.47865250533
0.496809519894	-0.428065781254	-0.511057629217	0.514098727488
0.160894491926	0.398583775467	-0.946525476615	0.608657751412
0.471889714773	-0.800751422013	-0.573932085108	0.633788514376
-0.117061700531	-0.124466775366	-0.238445966737	0.114808813747
0.361401658211	0.292052461412	-0.0488262701597	0.224283574672
0.91065046426	0.992317338518	0.674385846565	2.85693955152
0.933751538046	-0.758492922596	0.228776647365	0.0424612882306
-0.0851357184874	-0.918299640458	-0.794896272973	1.4472412367
0.996365225196	-0.339185432143	0.200415880533	0.626979470623
0.0847263621389	-0.812436411873	-0.352511565667	0.349001410278
-0.751062373089	0.265686667302	0.485065127666	0.728710944699
-0.0124362429764	0.184938998509	-0.307651344774	0.035607332167
-0.908227783444	0.855138127133	0.167508792719	0.219519851797
-0.888395004996	0.353882593758	0.900391177429	1.60419519391
0.7916347067	-0.456356918572	-0.0336908139979	0.281927640475
-0.498275661481	0.693048916573	0.00818531434494	-0.09131094991
0.651921982036	0.348119023034	0.847558677536	1.6653557248
0.904001845237	0.724463753851	0.429126140821	1.96717148607
0.780038603744	-0.653376763397	0.790171778304	0.206892685284
0.766410662746	-0.443240893201	0.994129367125	0.795335167196
-0.98212046076	0.953167122512	0.92889382624	1.7766704618
-0.0145579743023	0.530103990649	-0.563426875629	0.0112697033133
0.0998583948466	-0.639978766019	0.124832442687	-0.118242527172
-0.0188627131536	0.230469932309	-0.597400772247	0.215213280864
-0.393295026792	-0.252604948444	-0.941784881307	1.37888753211
-0.523989204507	0.652766721511	0.0306567934484	-0.0465264551573
-0.855616229681	0.609133149208	-0.794101825018	0.357778887028
-0.0705371661356	0.168298083034	-0.909726759474	0.667601729162
-0.0422722907369	-0.494207453572	-0.265740535824	0.224627213626
-0.0204926452769	0.434247255822	-0.0322572124018	-0.0214460046796
0.0952187549809	-0.857273935979	0.907238854989	-0.0272318296487
0.425686640713	0.608235221591	-0.755048017224	0.550977434569
-0.953941131007	0.265936694773	-0.205981063059	0.643966005283
-0.251054968473	0.837157549735	-0.66082861556	-0.263667170514
-0.739117722374	0.785657096766	0.935012746171	1.5744501587
0.666397965813	-0.0699926503969	0.355318500605	0.498824842273
-0.487103630561	-0.565567748204	0.744781850694	0.646235461307
0.175855639756	0.295146825404	0.545694828972	0.541671382615
0.336282839313	-0.0423842580967	-0.999224038109	1.13963309722
-0.0862212905593	-0.465886026909	0.305213714344	-0.00143598787083
0.987536373372	-0.944836997979	0.956887887398	0.0536985364378
-0.141749198779	-0.971558893699	-0.304808046534	0.546857443816
-0.253367720791	0.365782490181	0.430678977326	0.314536936401
0.896788064629	0.172921663583	0.0408571104534	0.968037299861
-0.790993141211	-0.774825872738	0.473512321636	1.09587642129
-0.516048382221	-0.777651467932	0.547744371284	0.541681396644
-0.354011125447	-0.427248604833	-0.511898466272	0.757322581686
-0.414467359797	-0.312979148964	-0.994539177784	1.6018810355
0.461407582875	-0.54319863103	0.400026159383	-0.0950117437928
-0.927992972854	-0.573068394423	0.158174399821	1.32734879207
-0.100194172005	-0.211640639897	-0.813990863544	0.866098703946
-0.800261522392	0.0655106487895	0.143156708071	0.617864984578
0.476128028669	-0.327742831713	-0.00215535820765	0.0713614000818
-0.814369547626	-0.140150072522	-0.472820776037	1.06715706356
-0.632438823806	-0.619764718686	0.848816605895	0.986365181053
0.985145990155	0.601947145661	0.669409936967	2.4145775033
-0.0289172355278	-0.158912644338	-0.381655537961	0.211742361295
-0.59816555019	-0.336504145626	0.398909392754	0.58398125208
-0.716678074927	-0.406395285197	0.65144933618	0.964522352576
0.116263275369	0.641905907593	0.0987655730126	0.161300075691
0.494541674486	0.287529977845	-0.425227157998	0.445319605092
-0.14911378607	0.457943216315	0.206380076027	0.0910523659864
-0.864878759516	-0.0681550367438	0.861350402133	1.49018025924
-0.36062815952	-0.77650876324	0.143206066694	0.319390807379
0.148057320367	-0.783124444817	-0.659566009466	0.857523249126
0.357156433478	-0.293238926803	0.130024816023	0.00160666399443
0.704009259572	-0.924955204293	0.831033634932	-0.233599974132
-0.587965600752	0.571245611306	0.904742450812	1.34521983533
0.217528961158	-0.735865798571	0.521360938521	-0.224587728925
-0.143359169098	0.713210277416	-0.491181377637	-0.190749842267
-0.970518915045	-0.0397570733763	-0.430938828286	1.18333309652
-0.258709294349	0.0191458588323	-0.407548475133	0.220270181365
0.241018841637	0.474026125299	0.0588877189554	0.203721390337
0.471570296404	0.693754898764	-0.60759745468	0.497183703965
-0.873961222911	-0.0225390141724	-0.966726199296	1.73985504345
-0.707378047805	0.659553070858	0.971729087916	1.61899466311
-0.788390403144	-0.700103139529	0.0711396294862	1.12876979312
-0.93970233796	-0.98136560277	-0.240736151361	2.09943610815
0.990027823606	-0.650680794551	-0.750130312615	1.38675387436
-0.8468933999	0.114546976533	0.457617921876	0.88205226417
-0.987907892421	0.0271861113286	0.626860031759	1.35910001599
0.647488700901	0.78209298212	-0.419298908132	0.773518827671
-0.39083028385	-0.605152547905	-0.105908886541	0.464567977629
0.726492058031	-0.205754958839	0.0492302071735	0.370605620933
-0.53948724824	0.174432406746	-0.694707070706	0.558380919656
0.183424235287	0.148569557836	0.854012516785	0.917113348453
0.266506507333	-0.563198978345	-0.131264622074	0.0120880278514
0.140945763934	-0.900418242941	-0.582938340889	0.757660997183
-0.935745630478	-0.0677964457471	-0.756149336092	1.56208616874
-0.790664471188	-0.585189075996	0.596042714297	1.09430774935
-0.533228432096	-0.610986081482	-0.505754918603	1.17492496466
-0.983328122451	-0.953723665228	0.311680452841	1.70464517829
0.564552959673	0.692962761175	-0.517657131589	0.619186012676
0.724806849578	0.364052770448	0.927657773687	1.98747823844
-0.448852526364	0.364818955652	0.150893604543	0.115536407629
0.592753778924	0.392902512738	0.939874861756	1.83689544221
0.958034116794	0.358740202947	-0.425711973549	1.29002540706
-0.388313026346	-0.723107705334	-0.127354263478	0.539889105516
0.764628077696	0.385560445021	-0.71151481805	1.11138780553
-0.702720880622	-0.357690335921	0.496782098479	0.814271401596
0.450814831815	-0.0709200651527	-0.855814173444	0.964374491748
-0.963116731674	-0.52424135837	-0.344504015962	1.73178573282
-0.0192996798636	0.130642165964	-0.0418249611373	-0.00586365047717
-0.466655561926	-0.154999091844	-0.632621919301	0.788364917532
-0.251302602285	-0.806706565565	0.952684104534	0.404950938116
-0.106595206522	-0.924489469942	-0.39409704303	0.629559729771
-0.00767482404296	0.0117780213296	0.646426110712	0.425448845813
-0.420658645988	0.571992604375	0.929577298688	1.33216535625
0.454229385219	0.898942156041	0.00661005438218	0.620636026639
-0.135696303081	0.368934825612	-0.239098305664	-0.0626932971765
-0.973098883841	-0.693511757468	0.743600934989	1.65902331409
-0.284831566729	-0.442838747725	0.0102643322708	0.202823388196
-0.574625685653	0.319762994376	0.456057206029	0.5002690417
-0.324134775035	0.117464488647	-0.624384016409	0.383501477526
-0.403925161467	-0.554838511592	0.176851919133	0.320421117166
0.0814514555816	-0.018704380644	0.308626708562	0.0945886143909
-0.430033129511	0.764654864156	0.523664625573	0.530748911455
0.29018896235	0.216845621425	0.82171649766	1.00053946684
-0.0609898395184	0.374105880908	0.704029845654	0.739942832051
-0.66606021445	0.982582039176	-0.88103070344	-0.300292439213
-0.487753272433	-0.734490705827	0.726022877006	0.590005662665
0.125404214625	0.205657848304	0.728745961515	0.722459580824
-0.59478399814	0.859171591063	0.428300840845	0.394172015574
0.396535515394	-0.689589994133	0.123856314269	-0.186276197211
-0.645495990742	0.0967900433331	-0.249393185179	0.392245672762
-0.23115753603	0.442632398363	-0.385248052364	-0.0709912156414
-0.489873964559	-0.496492832398	-0.79834896191	1.51693101566
-0.715246049591	-0.9259874445	0.0259745163225	1.15050837261
-0.0908267805437	0.105630925407	0.385129521768	0.187661723506
-0.222813370191	0.0942772422404	-0.979383396583	0.895497839636
0.171475282484	-0.764147326785	-0.00597207797179	-0.0970293930841
0.936409693378	-0.588772579431	0.391185852775	0.248237631114
-0.446123753234	-0.347165251625	-0.85034361929	1.37219909567
-0.34999097929	-0.256404939264	-0.268696010514	0.353325631695
-0.980553203721	0.457311762823	-0.611552921173	0.607392702147
0.159141940678	0.882542458102	-0.709584147653	0.043047201496
0.367082512402	0.923726032431	0.550059807043	1.28450359815
0.562056287967	0.774252377688	-0.455670750501	0.60591235904
-0.887194702811	0.837286180664	-0.973995610335	0.177432960865
0.155563730794	-0.217423744154	0.420329604201	0.0756641653785
0.785187830328	-0.590478116175	-0.394575803106	0.541562139302
-0.0644008736416	0.659160954014	-0.0784977625238	-0.083883830095
-0.0588956496197	-0.558560222329	0.342568078766	-0.0376265489591
0.147705590708	0.221428403262	0.845267044254	0.956165662671
-0.763343406804	0.920441200676	0.309907789878	0.261375171266
0.647456297898	-0.225589076529	0.371699298284	0.327449656251
-0.142291543231	0.545755715254	-0.798597271644	0.144509037415
-0.864099602301	-0.533241582882	-0.93039904273	2.56921179936
-0.891502217338	-0.377709754632	-0.279298245718	1.3150064692
-0.207274168223	-0.508129188961	-0.955215715458	1.54609468564
-0.11755828818	0.895527475276	-0.746750187503	-0.202556193433
0.357230202116	-0.87990510795	-0.143646971298	-0.0396851061023
0.247113709199	0.305976920482	-0.3473603513	0.151051240091
0.437754282405	0.972069112383	-0.406071710465	0.387320695388
-0.429396438542	-0.127402374683	-0.939169863675	1.24077993108
0.294009284324	0.341387774529	-0.619762809949	0.359339128706
0.922003743109	0.322296228237	0.944538744622	2.34382394604
-0.346957865847	-0.658110900292	0.302280685927	0.241155912857
-0.254152578699	-0.183787692395	0.851953319348	0.680549572972
-0.349947570895	-0.0351420034035	0.680480934188	0.573901999591
-7.52386317675e-05	-0.69484929199	0.541901413467	-0.0828303863874
0.204699206224	0.820670566585	-0.30322862445	0.0529891702337
0.221354286882	0.743097486338	-0.93249421344	0.39009688656
-0.713936720687	-0.0244107995513	0.317362629695	0.620105370514
-0.227358912092	-0.198064692402	-0.208594196763	0.181550532238
0.761332431238	0.610316809677	0.46721179724	1.54771512841
-0.0805156291505	-0.283177293729	0.822399430299	0.472738942423
0.929757606053	-0.75369276786	0.720544445427	0.139812782865
-0.244849974521	-0.119839710033	0.143976364711	0.0927693677682
0.922655223012	-0.669870535181	-0.307084565964	0.533240945726
-0.530032095059	-0.927855161299	0.369407008493	0.566432375321
-0.462338636896	0.731618585184	-0.487096420559	-0.243604395371
0.600354661201	-0.679631683839	-0.0567726577384	-0.00578669842531
-0.50166656939	-0.538437375121	0.93897511759	0.897880351486
0.770582003996	-0.361244741263	0.285347541084	0.293770848781
-0.208984480917	-0.47854671285	-0.721473830831	1.00946676837
-0.417052821702	-0.418401304227	-0.924602950457	1.59017419698
-0.754387493388	0.748407887918	0.833731180793	1.32358961352
-0.126320606451	-0.912460078079	0.861858356103	0.0876078891206
0.685506250224	-0.357299663434	0.195388605189	0.193352090774
-0.169110032682	0.842420595088	0.817929160949	1.24418491162
-0.660078800719	0.785083356774	0.556597143149	0.66426267583
-0.406610673585	0.636120488152	0.586464770829	0.623682043432
-0.36587242325	-0.644000378091	-0.261838617721	0.606668239542
-0.965556772598	0.768127146767	0.439802613672	0.721880178105
0.0373582906235	0.206211297968	0.898084324025	1.00084993068
-0.363733405648	-0.521647272478	-0.784103234765	1.34588572587
0.67311185974	0.264244850861	0.436938654009	0.937320095544
-0.440956471425	-0.581925765392	0.0614012233511	0.419085698165
0.309119853689	-0.546055696514	0.987061566049	0.362058371153
-0.821865807941	-0.558089778104	-0.585478612068	1.80367314653
-0.784126120449	-0.766306912831	0.569038130546	1.10348158032
0.509534777748	-0.423088093968	0.667249070041	0.206963776032
-0.349297055884	-0.968609743448	0.277227564822	0.268670767194
-0.350821613367	0.877935255785	-0.517111429361	-0.371508983091
0.0909543553115	-0.772006377233	-0.427535420643	0.450901959547
0.275391238352	-0.0561162248033	-0.747189786976	0.660608465338
-0.785186954087	-0.0953293726376	0.0683594669597	0.689526284228
0.481326893857	-0.252814929815	-0.456918814005	0.434279654347
-0.491310572896	0.194753776166	-0.875105272763	0.741080671702
-0.849574162346	0.349896481928	0.0876731284486	0.46287634344
0.917497742067	-0.861750739358	-0.798229451575	1.37619282655
0.547036368057	-0.311975339852	-0.60264923514	0.6797847317
0.103361368515	-0.540717872104	0.123286364532	-0.0966693797495
-0.0367352640829	0.202000042495	0.154745124059	0.0491335297772
0.153932889016	-0.00970461269952	0.951490236344	0.918301300879
-0.913117787574	0.951818604408	0.920218225701	1.68734400601
0.887170261857	-0.596276833313	-0.981813498438	1.80746238864
0.285810590399	-0.0113950228169	-0.949234658141	0.990293862189
-0.457979604272	0.566197273204	0.771507102	0.982486940654
0.937851703405	-0.94299652164	-0.691902986451	1.12636677565
0.709569541152	-0.557513214658	-0.527866268644	0.680829755733
-0.0864413332887	-0.55621348912	0.0118605459328	0.049095616607
-0.670362133551	0.123946398498	0.768150706104	1.05156143877
0.476899615139	0.137216756188	0.0114463256077	0.294573507177
0.754975203323	0.873733516702	-0.344136892734	1.04738096048
0.345474096577	-0.000144859947324	-0.202653248815	0.16040000164
-0.799613690891	-0.601679453042	-0.798101556358	2.237660585
-0.350567039104	-0.503675487632	-0.826647334933	1.39917708915
0.227471474774	-0.426933915382	0.569631380861	0.0359129387786
0.977455273603	-0.133152608359	0.84766602247	1.4309368364
-0.636148326543	-0.75958359388	-0.251382032835	1.14203111985
0.765482692822	0.917241696734	-0.71737477198	1.14471690742
-0.434606609052	-0.298424166485	0.943456295387	0.927139642427
-0.758043595749	-0.61357659926	0.823773198009	1.21290222899
-0.167227381612	0.888098704433	-0.486309154624	-0.315943360099
0.773267799481	0.309472092254	-0.304277324771	0.83566724354
0.226479585192	-0.714949122098	0.831285774776	-0.0139193736411
0.211023821867	0.0123663941881	-0.696912393515	0.524209248022
0.437327764278	0.0256657034411	0.132497992797	0.223436270397
-0.0912365513317	0.186908550218	0.324520633543	0.157240539489
0.882935302752	-0.331106676623	0.874621551627	0.962598798386
0.449340593634	-0.0585565901037	0.224180372851	0.212724717498
-0.850062311141	0.217227510423	0.865855696087	1.47574277696
-0.0365679663224	-0.819517834558	-0.105305592411	0.128694395588
0.797688726494	0.459295175068	-0.161743308813	0.954554864269
-0.204016212889	-0.360354328724	0.854539935157	0.537442076643
0.869993356582	0.0634539825518	-0.708698152101	1.26937633438
-0.263050515032	-0.125324645716	0.120945047526	0.101632595349
0.555476697768	0.901853615677	-0.89668349058	0.804877064251
-0.16470083401	0.784062924786	0.368181715298	0.322225955124
-0.250637257371	-0.0576224227074	0.410499150522	0.22211695778
0.370823711293	0.823751677479	0.745649509238	1.61320010376
0.365899337724	-0.913638658216	-0.97919594437	1.6530385116
0.919807280737	-0.209489265554	0.493303196485	0.79336200134
-0.241014914344	0.73436048943	0.817217750896	1.14907363838
0.805508908554	0.19756846774	0.3935855993	1.04065749033
-0.874317145531	0.398939329316	0.634470318583	1.07129872385
0.351900514545	-0.408930408115	0.431787290386	-0.0101995376292
0.230094242597	-0.0482802544545	-0.0699769910499	0.0501096381055
-0.616475252593	0.20509449439	0.509147296486	0.617260333686
0.281961285684	-0.252263346801	0.467349901517	0.108894349193
0.729339989252	0.63975441783	0.744494804734	2.0291016548
-0.283719315923	0.326796380559	-0.946080507927	0.573670846462
-0.568102914269	-0.147081539998	0.0146055758153	0.40436348497
-0.397702970812	-0.599099969751	-0.190784759102	0.547129458489
0.540876575047	0.727865779087	-0.0639068554398	0.643801492169
-0.823745659991	0.215980554871	0.668517084751	1.09194565115
-0.652141561906	-0.0956913132329	-0.776412065569	1.16480448496
-0.95287084023	0.911341368151	-0.954452392695	0.0807196434817
-0.772950755378	0.0806341711841	-0.543045052776	0.786236568312
0.916354951282	0.599807867528	-0.378352177289	1.30555506339
-0.197592709045	-0.728131664523	0.111757004753	0.114032201021
0.218143530404	-0.468684163168	0.652338585611	0.0651510480367
0.727727427195	-0.928592460255	0.146831987683	-0.260962437802
-0.615842754665	0.820490530065	-0.959002152602	0.00680209443468
0.654555797789	-0.258067532344	-0.766528262235	1.04490532681
0.535060969934	-0.355259153521	-0.262784674808	0.258617380731
0.227987473514	-0.885848292454	-0.8036012399	1.20765971291
0.705498864313	-0.101816965071	0.985370563234	1.29652460099
-0.648034664272	0.618097056664	-0.897952575787	0.27069759174
0.274026167604	0.43788477927	-0.104276017748	0.16029483531
0.499724453417	-0.745686135272	0.51653390351	-0.241277963797
-0.247691978594	-0.558546533873	0.89652062108	0.502699550944
-0.46605398877	0.817497700903	-0.388983762915	-0.330476707928
-0.241519425249	-0.120225332843	0.938198802923	0.854790116513
0.266683200439	0.476505446279	0.670251204598	0.966810953468
0.926416368672	0.796176056285	-0.973377177999	1.76832134682
0.44436904352	-0.464353402476	-0.205951068855	0.129169491854
0.346767668426	0.398951339359	0.189874995012	0.370394638932
-0.0764490508875	0.921898993117	-0.767587686378	-0.183081304578
0.229795104281	-0.833775879618	-0.901482487553	1.42551320413
0.0331483967002	-0.491209074083	0.99032536262	0.479103542388
-0.291215580922	-0.669392195305	0.368359259047	0.168855682244
-0.177129633197	0.939525536269	-0.0927733565651	-0.213598948552
-0.887095785237	-0.0507370923345	0.0491580514567	0.831869970377
-0.346940792742	0.783560249429	-0.739045209643	-0.184379727341
0.830469361877	0.306146304487	0.553986983051	1.42042713213
-0.6441028448	0.857956187115	0.608972995409	0.75557671218
-0.0427436143316	0.663028463344	-0.528216384503	-0.0977231652349
0.988038091366	-0.825887871609	0.449902683254	-0.00894615146179
-0.729762136352	0.613607199703	-0.721815351407	0.162871779763
-0.681047668577	0.825400417819	-0.0814405074506	-0.158899575948
-0.0309542671643	0.443821383257	-0.89420672395	0.389957601
-0.506133011792	0.0857619842319	0.072819296114	0.224311431461
-0.563424499077	0.371091121755	-0.881203858532	0.557878648708
-0.990249268448	0.933304387996	0.635808595816	1.05404514912
-0.880253196158	-0.446834520378	-0.565310670472	1.74034968052
-0.411709713947	0.531806749597	-0.946247690187	0.342718666559
0.329340482852	-0.453892519134	0.0894091998612	-0.0736081897084
0.937948992174	0.624370704539	-0.48110622975	1.39645075366
-0.853591761097	-0.797535938406	0.0132591418661	1.39899016351
-0.927063220907	0.121415551111	-0.0767854405236	0.743459380975
-0.853295476479	-0.11111956911	-0.468696414676	1.09468866862
0.829032497195	0.913365786115	-0.214057533608	1.29481260016
-0.709308143736	0.713555220987	0.201940888343	0.181863611112
0.468103635147	-0.305083406952	0.690750168877	0.34270974235
-0.646147697253	-0.762571642862	0.344275612609	0.766231635624
-0.364204489021	-0.158671722573	0.918593330862	0.888492784817
0.707806628213	0.983187685613	0.526000773303	1.99073128005
-0.144130131147	-0.441581327486	0.157205212909	0.0397132617085
-0.666435574901	0.906610075746	0.48122967009	0.507808831479
0.807476541641	-0.738142212455	0.798634368094	0.104296958841
-0.992778720255	0.893062437159	-0.985688557421	0.190296710781
0.216653362583	-0.121610093967	-0.916829734272	0.972663955518
-0.749785797663	-0.879495098079	-0.178717391278	1.41073265155
0.595271892255	-0.619426890785	-0.379129044142	0.364202765449
0.908713146455	-0.453245816215	-0.546148856152	0.959707407928
-0.726773144475	0.472653465431	-0.921933609897	0.598893823654
-0.478854795502	0.438976111583	-0.784387607515	0.290032595935
0.518454024891	-0.466362457059	0.67235473843	0.165506969466
-0.968470519223	0.679231655776	-0.684323430675	0.283603733129
0.723149208346	0.33584731657	0.394058352925	1.05343792455
-0.638174185353	0.131135686829	0.719214841773	0.935163601619
0.432986069259	0.792313342056	0.257362844517	0.800685224968
-0.105289745588	0.336198093631	0.672301294408	0.653703162769
0.698982071856	-0.327967219186	0.0295545845114	0.250513268978
-0.381728299188	0.828614582095	0.185837725495	0.0179343687607
0.65109040138	0.634529492917	0.324645469994	1.14844657964
-0.817943241584	0.449198399138	0.647988889344	1.01257752421
-0.504158994068	-0.221212950657	0.641281249914	0.635084713975
0.981075541626	-0.431276968165	0.0580588588292	0.51772531572
-0.37423179508	0.808744588805	0.163594357608	-0.00353933746548
-0.229006653797	0.696708494932	-0.12842353181	-0.180087995652
0.029600653239	-0.164498393581	-0.163881658867	0.0498224064996
-0.271845483633	-0.952435187483	-0.605054245217	1.27518076428
0.185026947649	0.550778509147	-0.554662522117	0.138298154165
0.409111663969	0.593375463109	0.660760830206	1.23881331503
0.730079375215	0.694313501357	0.695181678033	2.00587145181
0.874368092247	-0.522487070095	0.48582918294	0.289864066673
0.412882853166	0.802223550364	0.939337607354	2.13761048974
0.825495835508	-0.842257841084	0.435032765908	-0.190993216598
-0.227677223545	-0.822957480008	-0.295738628703	0.57004724539
0.187550910675	-0.828216353872	0.379015421753	-0.290411468048
0.709404113725	-0.698536780027	0.168931452244	-0.0817576659079
-0.849166185565	-0.819484984816	-0.650026991115	2.37218459751
-0.254501540314	0.449641912522	0.85397302036	1.06358845632
0.49688881873	-0.185131926057	-0.421835823817	0.41094925493
0.723951491224	-0.206335624984	-0.823483243367	1.22276736004
-0.753881438022	-0.712037720824	-0.217411200775	1.3072018496
0.973544040161	0.470923149562	-0.126598099873	1.36266152673
-0.768514794763	-0.940476758349	0.0885499979872	1.23794717978
0.662640026043	-0.274127955446	-0.381468212502	0.507532746889
0.712254531046	0.659805278821	-0.170001504326	0.893988437956
-0.654117928796	0.443302344843	-0.384655363297	0.11533937714
0.524795341427	0.530087981432	0.929238939064	1.90966125294
0.011993962826	0.741048133094	0.29431645138	0.313756789292
-0.55917700807	0.932070736214	0.843491159483	1.2891571629
-0.72580285509	0.884923376669	-0.982700996455	-0.0194039644699
0.845267017769	-0.963852456256	-0.722456518066	1.11804855003
0.392051797222	-0.827713343532	0.592873111423	-0.310032351309
0.474537869577	-0.924244350866	-0.682470050446	0.883131702949
-0.716214193543	0.284427248231	0.860004262474	1.29346791613
-0.229886687885	0.55168800851	-0.908636566615	0.25035867254
0.938823046282	0.134459383871	0.718067419256	1.61979400197
0.565340599569	-0.788339864287	0.82685555481	-0.0942236253632
-0.0203565415468	0.47987390028	0.700642309743	0.817765419876
-0.639045529423	-0.0144428648258	-0.320762254752	0.525129986835
-0.743697777963	0.643295110055	-0.415900480034	-0.0199042947583
0.129929099371	0.430457475323	-0.479086565244	0.0961080666103
-0.121903524719	-0.768613131489	-0.495482775728	0.734894868107
0.821392365404	0.963877248511	0.400589594129	2.01299804975
0.748809693707	0.330361662906	-0.435170538488	0.853703707829
0.296324508073	-0.342100003553	-0.226084485901	0.114893297015
-0.795693006302	0.8655770542	0.390106564805	0.434244174927
0.896822320572	0.353354728705	-0.809891699543	1.49093218567
-0.750242444903	-0.451793547852	0.643701119589	1.02534954085
-0.110841536633	0.981640607041	0.833287227381	1.41583547598
0.474985574005	0.342075616723	0.0995344043058	0.432047669054
0.914154735661	-0.786188034199	-0.919127288818	1.68438321557
