0.424908733522	0.446278033274	0.800911955253	1.36906423802
-0.367992362405	-0.566401856112	0.754596535469	0.485860988927
0.105368127527	-0.227760765338	0.0753294724828	-0.0243788519499
0.0733769052429	-0.42419244691	0.773739244296	0.244716316096
0.353664066398	0.157813902965	-0.408814756173	0.283504231121
-0.68591747237	-0.367060841363	0.336624986857	0.712010754293
0.287372924678	0.936088843655	0.404502219578	0.893861847221
-0.767164005926	0.791434463855	0.889630139991	1.47690631712
-0.196465641814	0.0503403613759	-0.21889418404	0.0656040484854
-0.360620102036	0.694476878984	-0.373493628613	-0.240280663874
-0.64205987262	-0.999013947383	-0.669910562395	2.17169780477
0.847104655024	-0.929988158938	0.779439754397	-0.187554413451
0.228380727151	0.260926743354	0.996542096507	1.36486902988
-0.849321487154	-0.552279487853	0.5877865727	1.2112804122
0.995181531845	-0.660455173847	-0.137529396347	0.442859825934
0.967332990519	-0.586842614016	-0.381042767365	0.736866617979
0.937429946383	0.934125610806	0.0314617021177	1.78483124604
-0.767865908866	0.756938950226	-0.61938200321	-0.076809858371
-0.697954106565	-0.301743182356	0.0436866388923	0.686469205096
0.980582958219	-0.415629733735	0.707518005206	0.760499711694
0.806271236074	-0.454878750823	-0.278198820431	0.487258969038
0.947810393615	0.431513756229	-0.130598351331	1.26803870962
0.891728554231	0.652076540726	0.252512625543	1.60507527075
-0.568182083301	-0.290767793916	-0.407412601739	0.772487422166
0.594782211763	0.130391206955	0.877558458371	1.31585500432
0.274764182898	-0.992142944077	0.486333876579	-0.443102073749
0.698885588723	0.625617676856	-0.213187306257	0.837751324802
0.551089900071	-0.770700737561	-0.585486345479	0.673003704548
-0.265750112379	0.568300589219	0.418660284467	0.332798496914
0.846520278111	0.0204818228065	0.681460199383	1.21228040999
-0.0565459874619	0.878239150702	0.639779716068	0.924734228262
-0.973735301393	-0.859070009846	0.902000171093	1.82339024492
0.397166599435	0.96663951166	-0.889427696671	0.472983908671
0.41110469279	0.830611978149	-0.129370469274	0.419755607461
0.16604626752	0.332175368704	-0.956055831281	0.679192397363
0.955079343024	0.145387148467	0.920917671938	2.0330117665
-0.24546913024	0.507854217707	-0.741023772311	0.108376743732
-0.406401623125	0.337026823138	-0.0961004893378	0.0050408927463
0.78811040069	0.644232944476	-0.147894630614	1.0554389161
-0.0562999139634	0.137511070304	-0.903983250528	0.688305831803
-0.100348239378	-0.831951845419	-0.35928791386	0.521552720099
0.401945305405	0.909087863579	-0.167810940616	0.402569249804
-0.990452162764	0.0770296850863	-0.881146883063	1.61324663115
0.892562657541	0.250703231146	0.326553897149	1.20894200478
0.43276635904	-0.820621714993	0.714517864347	-0.243663846993
-0.577484966721	-0.920800308238	-0.0544358226316	0.918325003192
0.546688095825	-0.544637406192	0.261021057442	-0.072908751648
-0.111460037729	-0.956834841162	0.643441439716	-0.0825781139173
0.0279312472648	-0.965459209718	-0.560068029891	0.828212710297
-0.377834756155	0.735702329868	-0.486415026879	-0.256471897634
-0.764747102326	-0.199906480158	-0.714884764739	1.39168635585
0.900443939631	-0.0427828741006	-0.867628057322	1.56217377651
0.53881379474	-0.683040898054	0.12025202773	-0.145388055682
-0.947800155179	-0.177394943476	-0.120479034377	1.10234765833
0.746079293758	0.174958747864	0.808664199916	1.4825880757
0.676815460342	-0.294928237758	-0.476298334455	0.625801108185
-0.155759901834	-0.710641812739	-0.0924104439005	0.209161061522
-0.614709869789	-0.230085608862	0.629488549344	0.770723696287
0.535478677015	0.582775711028	0.806097590356	1.71836880183
-0.648414304537	0.563949932639	-0.770027678635	0.21345347533
0.446283611679	0.203298304068	-0.934879836541	0.973838586935
-0.0609710453551	-0.0640947448597	-0.155552878524	0.0417922120458
0.209098578416	-0.936530125609	0.64227648151	-0.341097097616
-0.335583795431	0.498124454504	-0.724047832422	0.109033320792
0.0940903164591	-0.427580528372	-0.303731570717	0.190744372965
0.998224644545	0.701449510131	0.0449243855259	1.73018701753
0.484058593361	-0.479214116559	-0.484333157127	0.469022903732
-0.0501144888706	0.438238252298	0.626160739531	0.647034235856
0.286152717658	-0.544784875562	-0.377078961582	0.273607163572
-0.927265032526	0.66602298934	-0.812504651893	0.361257643914
-0.534935731097	0.41616243084	0.190477168244	0.179087075186
0.958546797543	0.600659381282	0.605473793187	2.22485411766
-0.317988672784	-0.969479748443	0.0499829753903	0.363441189938
0.945674099663	-0.163225778493	0.761237696991	1.19517032727
-0.0719089239581	0.712261058106	-0.940626659146	0.168759739449
0.846452877053	0.186646185366	0.28975033161	1.01250572244
-0.574002186935	-0.115569998752	0.338528553987	0.471293779937
0.956850402536	-0.580480395275	-0.144344992596	0.464754708196
-0.545909585865	0.254963805077	-0.532935972361	0.30697145796
-0.795453986982	-0.106644481632	0.618509906621	1.03417165972
0.0349008093834	0.563684273354	0.00365301802334	0.0229635972231
-0.0960069021768	0.143055791749	0.286614679816	0.118632846496
0.722290829791	0.493192321675	0.650128378556	1.62123756708
-0.356124031158	-0.97507484201	-0.0187977425703	0.492754469978
0.521806819787	-0.287098928131	-0.717528401639	0.843320820697
-0.127704823278	-0.676061191964	-0.210934253602	0.289742519192
0.0464153956464	0.305640725683	-0.953502909595	0.634079301538
0.644591540495	0.829118877482	0.610123758428	1.82805739488
0.965386648669	0.24673936626	-0.696580643356	1.48352099752
0.0594010699535	0.609683086069	0.14904853658	0.152832152769
0.157771237184	-0.236693044476	-0.602427255425	0.493057348064
0.856428406528	-0.213558082475	-0.728192389201	1.23634793323
0.631006312317	-0.742615807788	0.765379733806	-0.0530032485213
0.401248951903	0.582685566102	0.252433132122	0.605614322777
0.423975687013	-0.843754065936	0.591602876462	-0.327149195593
-0.818135202905	0.551188670953	-0.391915845587	0.155976811052
-0.593203102638	0.0154652226983	-0.828404035982	1.01615769682
-0.0369660955516	0.304023885425	0.904689916522	1.0836391048
-0.309424667133	-0.605000145543	-0.158065982967	0.403560390951
0.99664854929	0.510958284092	0.575555506707	2.1279031588
0.37035271406	-0.710520854079	0.672014963464	-0.151858728568
0.845295376834	-0.884613153683	-0.693983113185	1.06228401675
-0.651631281572	0.947767450408	-0.314118847229	-0.392012559997
0.92370098568	0.73428777701	0.595685943074	2.32373250406
-0.680511545194	0.87966381853	0.953321959711	1.61190017298
0.964179045579	0.232132859726	0.581038666802	1.62594297073
-0.115901633954	0.217988509579	-0.939074769898	0.665321878295
0.852178596011	0.872635013655	-0.725550898453	1.36313222833
-0.422045871287	0.405460859456	-0.523701021298	0.0689221292837
0.546109305035	-0.709340168725	0.949947963013	0.139422990538
0.264966118954	0.678122684429	-0.805951115635	0.352910046801
0.162060871038	-0.256841674585	-0.130788870424	0.0353375015429
-0.439991310488	-0.711361812162	0.614643808129	0.447138246956
0.754988859098	-0.720927125409	-0.94773885865	1.60717582466
-0.999670484248	0.807087178368	0.865579865061	1.64034676039
-0.450451745523	-0.231928437958	-0.813056258374	1.15701069202
-0.988273950741	0.409274613228	-0.125109044421	0.53665827999
-0.307285545968	0.858592720906	0.0848638063398	-0.0893434142287
-0.146553113113	-0.172496776457	-0.821020768936	0.862456293624
0.984188545228	-0.142119420135	-0.548959731663	1.20812941294
0.558062686076	0.337031682878	0.667915058217	1.17073782891
0.401749499845	-0.954868372494	-0.886320375979	1.40966787335
-0.759489858316	-0.338862921736	-0.162202052799	0.915461564758
-0.866309641364	0.696709291387	-0.999030683849	0.448954765817
0.839306631101	-0.397375667207	0.2599599575	0.33519300643
0.64081442195	0.586815612669	-0.644254673146	0.823688414136
0.116435303746	0.670924005223	-0.756239455253	0.156195329752
-0.102972916971	-0.248054687545	-0.990457678727	1.26284041975
-0.913316540828	-0.721102360748	0.800564992034	1.55635681823
-0.417772441571	0.0138195362675	-0.0729836566677	0.173078405379
0.229316064763	0.955233347394	0.634908869231	1.28123160639
0.442195236608	0.754934976728	0.788231600635	1.74573793926
0.309215953635	-0.408897085486	-0.794916593805	0.926108473273
0.867028662033	0.773258292692	-0.0765061884268	1.36886995593
-0.0179626297821	0.164053136094	-0.0616418132004	-0.008936989315
-0.383489003906	0.345245346329	-0.449396577182	0.0614712288047
0.594683036991	-0.754782965158	0.966420237617	0.109321831634
-0.92583496399	-0.620287142464	0.636840201147	1.44199555798
-0.525772631015	0.115489440532	0.486553994495	0.508642310694
0.980216847825	-0.033165197239	0.869997733068	1.65635839279
0.396036234652	-0.363400645175	0.64877452871	0.198068182768
-0.561988940968	-0.152014954431	0.718431750964	0.808194103931
-0.0243176830462	-0.757913262329	-0.00573084713991	0.0233983718592
-0.997512414641	0.507315295956	0.0983786989249	0.548565098671
-0.487778279737	-0.247979551997	-0.62786688498	0.908801663571
0.813101891522	0.365303572829	0.335567419215	1.19335318205
0.621218462948	-0.702260233353	-0.12963748	0.0575004791317
0.529726663808	0.716298760031	0.236949355621	0.88592441754
-0.944337694664	0.661283592289	-0.454895526199	0.173413650577
0.308407300757	0.099959670845	-0.428481992873	0.266709254676
-0.446579436165	0.827793619501	-0.805307387761	-0.188350743595
-0.425516573662	-0.983101108073	0.972225408113	0.588816537699
-0.621763089506	0.0522885016486	0.120865809731	0.375006715194
-0.882305150961	-0.401537245882	0.216134065607	1.09266881663
-0.306202837774	0.0426324796608	-0.145851352028	0.0957606036971
0.615286695079	0.622508404591	0.870099543192	2.06031634959
0.689213760897	0.317409615479	0.318772274055	0.89657583068
0.916127060859	0.747835947203	0.373352026679	1.94299934229
-0.852842163544	-0.179182665878	0.50214875417	1.04233130723
0.0680927704793	0.178110711709	-0.851671094933	0.590416586288
-0.992231386445	0.332222900718	0.200451122367	0.761656240642
0.258552071166	-0.940083470679	-0.661575883151	0.883407846608
-0.487888607433	0.850586645074	-0.125081620178	-0.267703584464
-0.562688436546	-0.8016852163	0.286206948979	0.620183815429
-0.523398305518	0.311851518711	0.906747636205	1.21568513295
-0.777562971239	0.443963717419	0.112877209087	0.322249076693
0.624229610672	-0.557037262131	-0.0844977150909	0.0961516932961
-0.345699513121	-0.983481960207	-0.667413087229	1.56132634848
-0.649666232286	-0.875628523633	-0.642081961986	1.96542702354
0.174058206315	0.751899574744	0.400904528646	0.623334936185
-0.946374646131	0.171270755902	0.524941104234	1.09900889247
0.475858570719	0.710281409838	-0.941159197275	0.781727628914
-0.949946348108	0.974068037369	-0.875633916803	-0.109106565163
0.205582867912	-0.460566055993	-0.776261251021	0.907680937564
0.384521502209	-0.768106421169	-0.457765668142	0.413665506756
0.293283063116	0.428992050675	0.915626272489	1.44299892094
0.399903752625	0.935912153995	-0.804032516138	0.42816227682
0.580722252669	-0.236929004308	-0.726604802952	0.899756681803
-0.570400724193	-0.75243736987	0.0841650984112	0.69830260535
-0.802223503071	-0.991980270747	0.492050636424	1.19336174192
-0.231302428898	-0.769000766933	-0.439857347843	0.763097683115
-0.901604058865	-0.528976822193	-0.177500997291	1.41521804642
-0.61273232247	-0.332825568457	0.895522899942	1.08328222862
0.200659186713	-0.457166678341	0.360200797691	-0.0863977722147
-0.453007804834	-0.621308886139	-0.983622084089	2.06531939163
0.251756376703	-0.534629858377	-0.170378565653	0.0489031212482
-0.957819838313	0.295395055465	-0.81190515421	1.05384080978
0.725421886152	-0.353327196084	-0.00921760036501	0.273267424944
-0.196716426473	-0.630534639784	-0.877565158958	1.48618971316
0.712014633074	-0.160249911643	-0.998753783115	1.55042388046
-0.911924221866	0.0204594501703	-0.00547631291665	0.812866265902
0.172959111782	0.545860985509	0.350629767104	0.438662829358
-0.179633744675	-0.267346750843	0.0208882714498	0.0751446885877
-0.0862066284699	-0.538154315664	0.496757134318	0.0332597067679
-0.297997995609	0.401150896842	0.26639144504	0.14708821127
0.167433498577	0.0411752921743	-0.400493369905	0.178832607488
0.89238416161	0.657469016611	0.0913221560151	1.45144565336
0.335171149247	-0.3829783464	-0.699271788811	0.740763394777
0.146054193656	0.884424294656	-0.0658536682715	0.096599826203
-0.371117394103	0.372352775983	0.149878351895	0.0778126690508
-0.248383270162	0.124009398843	0.494465091251	0.336706434061
0.874167935089	-0.333424339066	-0.928353259867	1.64407605994
-0.924820026182	0.534233300006	-0.0428512594961	0.340166086999
0.880687048955	-0.281368866089	0.161134034684	0.50843783836
0.213446273353	-0.833850616608	-0.124865907605	-0.0127119861079
-0.638929655721	0.880526542119	0.908198071317	1.47015282859
-0.558019042542	0.121393047999	-0.347696861815	0.322330745304
0.867817171345	-0.413253662852	0.934791185662	0.882006697452
0.0590146828992	0.834871072574	-0.141752966482	-0.0454991632533
-0.113082583661	-0.262072857443	-0.0683042395663	0.0649897029359
0.0927310628167	-0.214649513667	-0.958425618372	1.1129996313
-0.920081438642	-0.56803558555	-0.463902216484	1.84790708612
-0.705389171201	0.385852123208	0.0438140375285	0.244223382743
0.505722888322	-0.421631715559	-0.00460470903336	0.0444895254867
0.761723457669	-0.703904658782	-0.955827449681	1.63045944379
-0.212705092269	-0.713343221913	0.243912260008	0.0824752252772
0.921809655904	0.801339098787	0.770691081313	2.79996479999
0.931390023047	-0.607019747504	0.02668466857	0.286629189172
-0.448076415742	-0.024837269673	-0.532234971611	0.508394797641
0.712514574003	0.199503717848	0.495594830386	0.994313571815
0.499146099756	0.201813207617	0.785590349002	1.12557580901
0.294135925705	0.397686961034	-0.0285506393132	0.192950887236
-0.639843619302	0.443114391418	-0.613553226849	0.230449238651
-0.828650579768	-0.240109958272	0.31600114887	0.909610742898
0.785702498187	0.803137376442	0.332268240244	1.62561468493
0.0642687757932	-0.725376498622	0.116884624636	-0.113611928299
0.206966503345	-0.614264613622	-0.727337981946	0.891501458731
0.711774240633	0.109077866471	0.14904973793	0.622735236995
-0.360786706738	-0.792341616969	-0.426689851481	0.936181726579
0.567387296296	0.0559143114946	0.279447247321	0.44736927849
0.647229941597	0.967797022401	0.574983007651	1.93236610941
0.546531990909	0.363811155598	-0.519577348123	0.57846423751
-0.0292087124279	-0.425092229517	-0.209020821338	0.14581237628
0.0168647442275	-0.622779109328	-0.2051530061	0.159634171536
-0.1150890388	-0.135571711476	-0.963762117384	1.08834460343
-0.698881904901	-0.15276128401	0.827211398827	1.15311083708
0.306398368877	-0.172976180732	0.201868096988	0.0467126969726
0.0443460151338	-0.459765071806	-0.261390652462	0.170081185519
-0.493800023727	-0.821119150299	0.0464811232713	0.613301073708
-0.514523386194	-0.187334666977	0.110020091486	0.352616225477
0.139251154228	0.904182632451	-0.675482832402	-0.00918342955115
-0.495415403091	-0.872257348329	0.805343811342	0.623677744534
-0.574310524667	-0.0599204160693	-0.567783589674	0.720645537968
-0.788914485999	0.0134635811612	0.788737393553	1.24449035791
-0.771134763335	0.716869532336	0.674228382847	0.9797635038
-0.131931160331	0.357923633349	0.846274745544	0.989267227491
0.010151041853	0.772464878221	-0.750220182549	-0.00874405268804
-0.691784267303	0.626205196864	0.0465445012735	0.0766793683757
-0.683294790197	0.583434551098	-0.776005154717	0.217669762179
-0.872463838308	-0.190019495522	-0.814559198359	1.74526710315
0.69657303735	-0.345249960275	-0.176476080658	0.336794349771
0.566741067096	-0.507866093528	0.668096351137	0.140416115795
-0.29014858773	0.653504565873	0.249112025414	0.119425423327
-0.240171481535	0.104171457142	-0.70138868805	0.451544737415
0.380555126273	0.713782510975	-0.567748600542	0.333545249448
-0.548977273253	-0.817287413723	0.199976400796	0.62660062786
0.28266815226	0.483102815218	0.108301615578	0.280509119746
-0.0743361759054	0.739609542572	0.297733793419	0.259398288493
-0.0922495919168	0.428224036387	0.543231535848	0.496731797116
0.186766770798	0.291310627624	-0.668221291018	0.341148701987
0.870913395709	0.535028774762	-0.400346513034	1.17053429601
-0.530009512928	-0.320731576273	-0.522634446866	0.891673005325
0.886154875569	0.494586548738	-0.15441540059	1.17102308094
-0.144874305142	0.339521352139	-0.491005011397	0.0461798801588
-0.950154075467	0.700758666572	0.759859565411	1.34682879915
0.714324845921	0.341795917416	0.200228137989	0.862941768904
-0.0487270850693	0.355405559132	-0.582434974741	0.117286323851
-0.86527137335	-0.955386221458	-0.157274017871	1.75035544382
0.0425126122143	0.974511395909	0.41712249157	0.623718141769
-0.827629913418	0.758363617041	0.0353762672352	0.0854064131348
-0.515404521695	0.787087276812	-0.861833746232	-0.0756074906957
0.076271948999	0.130572780314	0.604718494476	0.460420683337
0.939207238209	-0.572042762952	0.336672492452	0.265600837157
0.316954973637	0.985477909618	-0.289491058115	0.2113306101
-0.61037511351	-0.24746380598	-0.800137395406	1.36182842456
0.860024980127	0.380207793189	-0.915380732822	1.55651816389
0.662018180438	-0.649385721778	0.0803436268337	-0.0373559884327
0.493406175487	-0.344799564284	0.219187795393	0.0457908529873
0.38769491663	0.493509967099	-0.135816876449	0.293057895632
0.960935619821	-0.972238522741	0.805984132278	-0.144859762658
-0.291232813429	0.897932002584	0.167597832188	0.00188977867707
-0.152726519665	0.160476693074	-0.888496687686	0.64565969677
-0.725930900963	-0.329373884964	-0.412972181573	1.07264662862
0.148564096977	-0.962152259771	-0.390544186125	0.40741774182
-0.733735119954	-0.994624745743	0.0446372468594	1.22575350688
-0.275182601304	-0.0981216031172	0.488315609026	0.293264645684
-0.970827939338	-0.541338816772	0.114175353041	1.41928219649
0.275319669737	0.753860088681	0.998416241329	2.03285457837
0.428982722559	-0.947733256437	-0.0412162227238	-0.181774254356
0.324407466131	0.222192942077	0.76303589414	0.929086219389
-0.821667773785	0.96657589388	-0.363883998804	-0.338376269269
-0.0832359087252	-0.651073247381	0.15002152509	-0.0140476536333
-0.575594150913	0.481918507721	0.252007993048	0.238874496808
-0.784108821121	-0.243428733931	-0.661291475732	1.40398502352
-0.579158346419	0.44308179337	-0.704621564807	0.263096434459
-0.41216944011	0.103022063284	-0.632140628761	0.461898443888
0.34921531789	0.377628897027	0.907544555362	1.42017730298
0.233014129512	-0.385889196182	-0.200722689107	0.0821242644934
-0.487592161287	-0.742755802863	0.398275511265	0.462709958717
0.870298601314	-0.631632744587	-0.662865180549	1.06578816216
0.919763279716	0.638159109585	-0.808239073006	1.5703850783
0.0158308662352	0.35482616377	0.916756817718	1.17160018943
0.411957683125	0.853403915485	-0.115902858264	0.435796951974
-0.428994692351	0.0282174143337	0.775419509587	0.795087074517
-0.106044464638	0.441830236318	0.74404340318	0.846733236083
-0.716298501757	0.127647464932	-0.466235186732	0.579511365434
0.202708907645	-0.559174533943	-0.566309217374	0.565113064656
0.545250097213	-0.597656241602	-0.406554044757	0.379691298383
0.67158858419	0.472107895842	0.518232615896	1.28132025379
-0.316025613058	0.0551076826377	-0.920421906865	0.87891091722
0.768607876883	0.763928479117	-0.212227607087	1.06083335893
0.111263585795	0.632639002441	0.383039343539	0.471814036341
-0.513431759783	0.886423741716	-0.241292432675	-0.347171232622
0.102537513934	-0.356801791226	-0.61353680512	0.569266815411
0.0316666028048	0.229875951581	-0.353232877872	0.0518558862655
0.0217573027702	0.853993360633	0.411039941078	0.539033186131
0.160554554833	-0.98126727121	0.747380069765	-0.306571797756
0.718387913462	0.41212237893	0.861887936039	1.91019905096
0.850123752559	-0.735429676238	-0.325475173168	0.442802348133
-0.703295555003	-0.0363249931494	0.666643042346	0.940368985866
0.611249551212	-0.786505728275	0.71332618141	-0.1593261463
0.701203413119	-0.983944360683	-0.610087543347	0.774240090886
0.699638996228	-0.757331281257	-0.700250338864	0.980308251024
0.457494216149	0.593873982717	-0.608586395288	0.489948644157
-0.457984746904	-0.409316804763	0.475756474032	0.428819984416
0.350891395175	0.726906528033	0.837536360838	1.68846782088
0.283822181268	0.390578822119	-0.63488844291	0.346519318562
0.586228433733	-0.52692490621	0.237935288065	-0.0339954139863
0.152119643963	-0.180287244792	0.173631652234	-0.00544046694195
-0.354411049731	0.884454997735	0.481714528858	0.470250277827
0.81918194943	0.760780529299	0.619073925718	2.14850865774
-0.746862014006	-0.954603165968	0.532149765698	1.0459512331
-0.0462619066949	0.572513380259	0.437503094073	0.417539936017
-0.180564480553	0.822980045528	-0.602664033147	-0.248773969377
0.0327741331621	0.370832879865	-0.540705467973	0.105078907239
0.411676409371	-0.121044602742	0.467731354332	0.281802522452
-0.631932746015	0.866949610899	-0.497438371062	-0.33232392202
0.924585350713	0.290747401303	-0.763094277797	1.48412405734
-0.236122994629	-0.227334507695	0.749489637806	0.500782832678
-0.124323318608	-0.971762708308	0.359648475898	-0.0838768984153
-0.712537754976	0.45105042394	0.920299381631	1.44837197388
-0.343818255553	0.195231681737	-0.10132242835	0.0415716630103
0.191347338459	0.738011571273	0.0535359593428	0.220206610267
-0.867947673299	0.316255366487	0.268393569185	0.63575606864
-0.327806229982	-0.318365411257	0.381395803959	0.235858616934
0.244080545239	0.72947161233	-0.63586000414	0.178101263868
-0.78678424961	0.305634824251	0.837705751586	1.33634376598
0.45662990417	-0.780447312456	0.0563872668951	-0.188692479151
-0.183730799776	-0.52541541429	0.204469528122	0.0646683471708
-0.381837218284	0.138912388157	0.766739178163	0.78715627905
-0.0554070903666	0.563757349655	0.764058643188	0.98636307714
-0.982966489046	-0.96850931265	-0.23054631809	2.19467317811
-0.340493015357	-0.708645741466	-0.438279978798	0.859898999199
-0.221259729553	0.819057699149	-0.909019271636	-0.0504918139837
0.855302339016	-0.980854333697	-0.87463207533	1.51548301396
-0.00703377354949	-0.72936026935	0.0136997402477	-0.00462473441329
-0.258225458261	0.258474927042	-0.762275476202	0.383970384332
-0.743653671668	-0.738767527828	-0.831332353724	2.40768279808
0.126052822232	-0.0341169110101	-0.239771002295	0.0772591605635
-0.526900214824	-0.304104542302	-0.853450297814	1.42577210808
-0.675546085829	-0.802460480906	-0.344216168744	1.39316619412
0.172398415379	-0.699651269741	-0.680559827467	0.848418669589
-0.986044728071	0.750585564344	-0.820322353145	0.28937991376
0.353987866793	-0.160586178583	-0.483265345071	0.379612979797
-0.242041890681	0.291777005585	-0.37266650832	0.0181068272992
-0.824083593355	-0.808527118718	-0.0899482814254	1.4262240203
0.985386400977	-0.984179134916	0.05427425788	-0.0492802735416
-0.507745179432	-0.887274426305	0.48645732706	0.513334065288
0.0680542042135	-0.872630381136	0.817105346039	-0.100124594467
0.929488112815	-0.677260799113	-0.478622135237	0.787673447935
-0.358808360121	0.937373863463	-0.495311196022	-0.426552728003
0.421693970228	-0.734397659999	0.736580111548	-0.13025771004
-0.655319863169	-0.545887110689	-0.29232120323	1.03220085263
0.324520161259	0.159337484626	0.708078276372	0.771219818215
0.919458900218	-0.811698809869	0.165561831073	-0.00789464717398
-0.111520776541	0.615923711578	0.31628988462	0.238598323777
0.113972269453	-0.265967617466	0.694178321771	0.279931333319
-0.996075875279	-0.810775418031	0.656052881459	1.69825481754
0.589647933681	-0.23717243106	-0.109509122018	0.245801244291
0.662036377635	0.659262345645	-0.810000777148	0.996846067197
-0.161611777743	-0.983978727502	0.657741002318	-0.0294390102388
-0.926507748637	-0.11526093032	-0.185481510644	1.0209889156
0.336171248776	0.497793482594	0.488718339145	0.762481384247
0.0318497077884	0.53120099659	0.87728258927	1.25357112755
0.16232124314	0.733558527112	-0.0710561533596	0.0983454477409
0.988503936764	-0.131249664746	0.888320851078	1.51992134327
-0.363118199505	-0.270170720298	-0.114794986157	0.274150865269
-0.28507048888	-0.334376547164	0.704988750166	0.437863503191
-0.61846954602	0.540714029566	0.990026067005	1.56356201638
0.399730837842	0.611859791798	-0.451310646396	0.331906431349
-0.312567052838	-0.742527650462	-0.00394105245709	0.332729714191
0.886377498322	0.868054220785	0.30093368153	1.90687663127
0.285683033709	-0.472023144893	0.549431107753	-0.010703865482
0.481601723845	0.829277643996	0.058899873288	0.683635306531
0.455884112702	-0.834974748885	-0.121389522412	-0.0567287961651
-0.604212084072	0.0663140067896	0.663622140684	0.809406307043
0.917574467809	-0.799550735332	0.49218921309	-0.0429844622503
0.912027535352	-0.00926792255399	-0.168489537259	0.853291896824
-0.296438969864	0.105190856368	-0.899410189219	0.771022354194
0.709112437077	-0.57212637699	0.47499447022	0.0510014003164
-0.425278366263	-0.0268731627372	0.258972331168	0.252397526267
0.892660563238	0.825349787182	-0.366450439998	1.36543621936
0.0983149732559	0.29967823748	0.671732617514	0.691657048175
-0.360657033877	-0.794128496847	0.728218719371	0.368484790527
0.0395683788494	-0.57554103939	-0.652111328586	0.779358447437
-0.768316794316	-0.108064277767	-0.845287258965	1.47919420322
0.0483819663472	-0.847108775151	-0.690273886139	1.02257113051
-0.348082913657	0.739385331125	-0.135531441226	-0.218046873581
-0.808399950172	0.37375636398	-0.200168245869	0.316619024314
0.7146812239	0.75466589132	0.535145756793	1.74035202519
-0.622986310498	-0.338454901367	-0.956811483628	1.83829046486
-0.277356574785	0.95853764392	0.209736071915	0.0560990919377
0.570226147463	-0.388927379028	0.418332694307	0.115682503032
-0.0679994114243	0.519293579069	0.036726616626	-0.0102669972155
-0.131003561794	0.568746543236	0.514775085594	0.500424049504
-0.0463897038788	0.323978752569	0.654434459565	0.627430047945
-0.863597615896	0.806200059756	-0.769936096447	0.0216474582891
0.256867853462	-0.77685850208	0.169384827437	-0.236465705283
-0.926551754032	-0.605584620128	-0.0285876066598	1.43773311107
0.0447149992178	-0.296733519033	-0.486434073631	0.369690394519
-0.952112259027	-0.382490148377	-0.726116355015	2.0756686264
-0.493911603445	0.43036097262	0.479488072198	0.467650158462
0.28522781869	0.912521286288	-0.0913040616009	0.26665089648
0.475620667448	0.123530664259	0.147988113696	0.325150308072
0.142467472204	0.862842180106	0.210026907983	0.368555302188
-0.573559827535	0.925913660788	-0.934136906759	-0.194414366277
-0.790310013949	-0.731758243451	0.742703918944	1.21103518182
0.576732069056	-0.740897315686	0.572436396551	-0.191112523866
0.49270568563	-0.592949791927	0.442654318135	-0.115919781594
-0.665707935353	0.145522712016	-0.0387721807949	0.342152480132
0.801072251445	0.564665251396	-0.645868318108	1.14650090441
0.626751000899	-0.104896728992	0.866573772969	0.987122037024
-0.832699589166	0.0482341344506	0.0737516520927	0.662220715146
-0.272945163028	0.207031923421	-0.32512819114	0.0563871258343
-0.490725229004	-0.999495253866	-0.639226079513	1.77880220107
0.762746710478	0.985011133921	0.619621218623	2.32736080025
0.446516304428	-0.430443799455	0.892577171202	0.419666333196
0.386616679739	-0.119023579503	0.0501780669866	0.100001421196
-0.98291223306	-0.222674780448	-0.591118858621	1.66603499068
0.986527616466	0.69447912759	0.114588891112	1.75106978357
-0.654787636855	0.139472915564	-0.0943345437326	0.333163600879
0.0663719868588	0.480272500908	0.332535721514	0.306569649454
-0.504422847894	0.857879428757	-0.94035705028	-0.100733162236
-0.209569136629	-0.275877838558	-0.687701785882	0.764390132036
0.427314384511	-0.0322419866337	-0.0219801918837	0.170011932425
0.0182996522643	0.179430612833	0.882465719379	0.940705505805
0.893276264625	-0.593882056135	-0.598527042656	0.981130831747
0.100185507775	0.89900426411	0.645962976762	1.09809597257
-0.989774175166	-0.70428282774	-0.664824483895	2.58694993459
-0.531518271566	-0.639769274901	-0.796277598681	1.76605268829
-0.187495790134	0.490097821974	0.32358976225	0.206564364869
0.337776457001	-0.816802782194	-0.97166173504	1.57597872094
0.369107809255	0.78537107305	0.735674315386	1.54512119589
-0.183165134768	0.43270688053	0.470646792509	0.379453161225
-0.702215510031	-0.600091952953	-0.395535803265	1.30830692365
-0.0258393098372	0.383949310687	0.0212730517595	-0.000632998977333
-0.711478239891	-0.123503323161	0.125832340114	0.594364278475
0.106064603835	0.43731435771	-0.944501827971	0.536672767075
0.996027122398	-0.54716862534	-0.794672686135	1.51339987655
-0.415456528979	0.457802857588	-0.795265115246	0.250778902529
0.82238452559	0.11906076284	-0.390817225439	0.880437143602
-0.384272468985	0.944154086562	-0.852735531006	-0.293102942042
-0.341291313588	0.148959857985	-0.365851664822	0.144991283745
-0.215022792336	-0.0560747168807	-0.105317337089	0.0752895247788
-0.00498571430661	-0.745904749193	-0.360753393261	0.402974405396
-0.107955936073	0.136757543016	-0.947822538837	0.765636379063
0.686888478973	-0.255145464844	-0.620527275158	0.839938121567
0.733574422358	0.479854003669	-0.273882246058	0.833728049096
-0.132656772694	-0.468919934816	0.406487018539	0.0544250545503
-0.586078067359	-0.960190031462	-0.04854953865	0.955207659723
-0.825867558829	-0.70876265958	-0.479865314757	1.83778264922
-0.189780362151	-0.507374798319	-0.478755597652	0.604421805916
0.207219810496	0.0895090441699	-0.0554031547422	0.0595985231631
-0.72206998461	0.574265717206	0.468740808771	0.595624747629
-0.915622495044	0.248716294122	-0.359660868168	0.650536741468
0.65743397274	-0.820987378581	-0.627138744744	0.800650433856
-0.874654902241	0.206199861824	0.731367979122	1.27037457515
-0.0492730637662	0.604541682584	-0.98155592134	0.342700772418
-0.907344416719	0.650886785687	0.539987239239	0.875752176643
-0.78234773319	0.173294296014	0.20110315629	0.551784085332
0.280510817959	-0.585561761296	-0.462847290522	0.399683199358
-0.423389052033	0.880155384527	-0.169232082068	-0.313700895181
-0.389940217194	0.481054290824	0.142896859926	0.0536316185288
0.59754266747	-0.607528301844	-0.0068334250466	-0.0017686477884
0.213097282059	0.537321075193	-0.586260902371	0.188603619581
0.381816758547	0.825530997596	-0.68152291423	0.362840798041
0.537938997648	0.131712235987	0.0418256999511	0.367489859034
0.894826214116	0.31778468347	-0.670983024945	1.32206611025
0.242302310297	0.820016074779	0.940808243979	1.91400023426
-0.0774257415999	-0.716266057779	-0.28012382057	0.340564715668
-0.633505326167	0.371019141311	-0.85949205454	0.586124983931
-0.542242642101	-0.34177990668	-0.707569556261	1.22184245638
-0.0175705560577	0.829617186203	-0.501400254229	-0.178836163971
0.924100300028	-0.567701376466	0.865580625405	0.587186858785
-0.375085716121	-0.385155105037	0.28352447386	0.256340701596
0.46846067917	-0.53430055238	0.777221258181	0.157959744881
0.999252481954	-0.398221332426	0.0812199229605	0.574835037842
0.590855742208	-0.0467100824466	-0.972501255614	1.31269589367
0.535860615375	-0.663728172852	-0.97930313648	1.54050652653
-0.0759549397431	0.360593546369	-0.696888412465	0.212740287139
-0.2386755079	-0.874957121149	0.892269980767	0.28124457827
0.577538696342	0.996976136315	0.457327248186	1.57443580869
-0.509009034767	-0.891435517377	0.330698399615	0.527404062283
-0.750421558572	-0.27757272401	0.174542215691	0.753445898532
-0.745920801032	0.172285695361	-0.80236736572	0.933443327557
-0.299291867293	0.802087350653	0.118710182333	-0.0411745560486
0.875134404447	-0.0629568179246	0.351249967981	0.812027508213
-0.232924844667	0.586682453186	-0.192665692139	-0.158312447996
0.874841911055	0.955918431404	0.351154575409	2.06061054342
0.759054790008	0.602601157552	0.323686195007	1.33339789797
0.241863442048	-0.321935524134	-0.559633014841	0.47398834987
0.305072845734	0.973208395985	-0.649853365137	0.179835541129
