-0.708935338895	0.338052896135	0.556222567204	0.760347864255
0.226579256298	0.323875798076	-0.164236527857	0.0985030973948
0.543135936666	-0.544577536649	-0.447207262247	0.442750379896
-0.387145137974	0.165408638211	-0.355470643628	0.15340567119
0.518494070568	-0.66228664499	0.901620222863	0.14123239659
0.236789576807	0.864420697028	-0.97363600379	0.367091069546
0.647361495254	0.476830188154	-0.661454439893	0.849878940149
-0.0188502455479	0.816331414969	-0.544743001615	-0.162978603358
0.880306888313	-0.546201469503	-0.400490892999	0.673256971256
-0.210070080883	-0.80918399316	-0.44215050218	0.767392961285
0.904636772067	-0.531745255005	-0.433467098213	0.755719176235
0.489005073329	0.188912806386	-0.309319954674	0.368749616132
0.957956355733	-0.855839387122	0.468656925347	-0.0836321429747
0.619934874035	-0.107365426189	0.554557975499	0.565753870888
-0.288053897081	0.972327597593	0.160813803701	-0.0148829272292
-0.506889560321	0.313891823425	-0.63174018505	0.29862612079
-0.126858803263	0.423421251833	0.995925201076	1.37594134419
-0.1358616387	-0.346485526065	-0.444424972207	0.41703285244
0.282163057463	0.49344628303	-0.792309104782	0.455640037666
0.626562300133	0.052612223218	-0.726063753662	0.914513897647
0.807491272849	0.807754997963	-0.291213231409	1.15387347019
0.998466140465	0.701637201158	0.845697465084	3.00607262678
-0.123433377189	-0.616064769578	0.810546398608	0.248915137687
-0.923727731104	0.744685453343	0.87183927811	1.57473607193
-0.625655930602	-0.327861411001	-0.0541564105874	0.617262493703
-0.722601368451	-0.168212920063	0.585715469336	0.888241325512
-0.718698289772	-0.430711020237	0.589773926199	0.919889659913
-0.518984056195	-0.949977277649	-0.162349189516	0.942952811854
-0.216604725704	0.282735566633	0.320036589013	0.178584891985
0.56171837676	-0.000102918740492	0.0043336990107	0.31548805837
0.0438168256509	-0.222850799207	-0.0598660628096	0.00908044501392
0.796723092571	0.630054925102	0.914765934141	2.54989649104
0.223866758028	0.2642128	0.79794423332	0.956806867934
0.638203577475	-0.959013260388	-0.240533255262	0.0837889409237
0.19662935761	-0.345786592013	-0.899257038318	1.0902855564
0.50161143384	0.434178948952	0.0400366318406	0.488389150308
-0.0770201488436	-0.755686462441	-0.00472402308128	0.067727383829
-0.15286470602	-0.936196946305	-0.086708634773	0.255173835758
0.398300547274	-0.0648847498547	-0.504793463098	0.42036953255
0.884768016104	0.504958899285	-0.233579932541	1.16619724511
0.97830928649	-0.622198132724	-0.915233112737	1.75549483315
-0.261162085755	-0.977638234383	-0.362894642101	0.809999873877
0.508224181787	0.574898384069	0.471774184967	1.04426217799
-0.771590667252	0.621527567012	-0.214764511586	0.0284290187141
0.329351412905	-0.0247147527879	0.992660431492	1.06117388952
-0.794709211978	-0.600072233164	0.759967992486	1.22996132237
0.726011406788	-0.0297668099047	-0.699238811765	1.01523054392
-0.308747821352	-0.280242677803	-0.859310275796	1.16107909625
-0.527413955335	0.0584774821017	0.919088604072	1.14579348968
0.157099392821	-0.629166981206	0.415968483988	-0.162845387182
0.672329082987	0.0661958462199	-0.463672991661	0.680831205561
-0.57090123351	-0.492717969024	-0.775413804679	1.59054839819
-0.336565682242	0.246727664458	-0.241219926089	0.0289078175046
-0.495699593096	0.311202738194	0.423940184794	0.403111642524
0.296604839651	0.810415452122	-0.565935353726	0.189987645167
0.900417788613	0.692828028559	-0.832832385463	1.55118703795
-0.476094424096	-0.51534577026	0.822122581921	0.724227292833
0.195138615444	-0.340178724498	0.0727411292312	-0.0477566387434
0.463001850301	-0.507696910887	-0.655456830745	0.741703169409
-0.725615390296	0.471377814631	0.356828665992	0.48000651134
0.386061273715	-0.669238258416	-0.0876562676406	-0.0429771182487
0.863225418476	-0.24185441604	0.046262657207	0.527334649115
-0.98963354346	0.879091430691	0.666806545918	1.14021107289
0.538012132063	-0.266070634424	-0.906653806796	1.2095629039
-0.640304035804	0.439785738192	0.838385009951	1.19999187061
-0.289425355646	0.266015400219	0.429921177789	0.305973307958
0.818268765518	-0.260166127124	0.293043077998	0.46631231983
0.726481080945	0.212892935844	-0.531853649051	0.852077870351
-0.243936438311	0.899987210425	0.492697387444	0.526137374202
0.289070687522	-0.645689398801	0.893322152124	0.118127808083
-0.746569340266	0.881670022736	-0.67724250149	-0.239309033243
-0.911755209138	-0.637578877904	-0.875727102907	2.73785648694
-0.69433770105	0.584748411385	-0.784522504227	0.232819247042
0.639239305728	-0.123200172006	-0.198803440236	0.393887923451
-0.533438065556	0.396453173403	0.356802963408	0.341836977699
0.943661484646	0.382265859582	0.311513903623	1.46734860848
0.592277155103	0.887919946461	0.716574392302	2.02642648406
0.50468054188	-0.35070361422	-0.663492780251	0.750621144776
-0.533793970958	-0.59658227948	0.562780528072	0.584365059892
0.661653276313	-0.160137811255	0.0705303131912	0.325509305674
-0.598656199114	0.0642137553319	0.0747802079807	0.330341279524
-0.136358401813	-0.651890040138	-0.609434231246	0.876178485459
0.714381169996	-0.0855721026057	0.22666101766	0.481188714334
0.0824984741132	0.345748729331	-0.177136147298	0.0054623576601
0.615105578201	-0.91162346685	0.242946495107	-0.344842533988
0.701797416515	0.485569516246	-0.464503022871	0.823505596013
0.262947717111	0.626235790252	-0.453002355481	0.155333619355
0.6837393997	-0.468314591997	0.353476529806	0.106701868986
0.124599193577	0.142365780236	-0.087015849917	0.028447299221
0.0674226848762	0.439523982484	0.0952114666989	0.085092651815
0.155908786081	-0.323315240588	-0.716948995334	0.719716261721
0.290732379736	-0.0873590229672	-0.657532333583	0.548917371927
0.856887728272	-0.874635220903	-0.0872705116387	0.0687383967843
-0.362987674449	0.208010961863	-0.927876249498	0.724200539731
0.228591235965	0.161151349987	-0.182692080838	0.093027060373
-0.293100681799	-0.161520821257	0.435901905055	0.252853109645
0.489303898649	0.147507069843	-0.655670452561	0.644781804708
-0.240728538702	0.370877888508	-0.308070276208	-0.0506798212613
-0.400725768663	0.0921745006029	0.864095436884	0.949952933478
-0.972923321558	0.225230778165	0.95387503425	1.85216711002
-0.67254710276	-0.478003052673	0.479278882352	0.774410651838
-0.631993675408	0.650851308112	-0.366065353087	-0.116168175783
-0.986740731523	0.712529808254	0.976427100644	1.91971838469
0.296123403396	-0.752559521153	0.614440837112	-0.220027176466
-0.0961426270858	0.159876275588	-0.143468080458	-0.00848157265998
-0.817844106507	0.306531375183	-0.641169174646	0.632733545582
0.380144932486	0.517599468411	-0.133056305811	0.290107092028
0.197523336413	0.0957045335605	0.0359172004548	0.0626468314114
-0.461003525978	-0.292160148578	0.784375387339	0.733292628166
-0.316889103408	-0.807174320957	-0.854608685631	1.77637764179
-0.548055918081	-0.681731944603	0.287471134492	0.56065391376
-0.532936570758	0.791540736619	-0.362850859643	-0.293370107719
0.838761400004	0.647704585964	-0.235548730019	1.14970750301
0.0586389570011	-0.661138250955	0.665308692829	-0.0325552989596
0.69808995874	0.90326345342	0.192200520333	1.32843748318
-0.212899698757	-0.229129562549	0.467421978715	0.205491009251
0.886200358083	-0.836725824809	-0.599136978779	0.904122851187
0.369891458018	-0.55150501845	0.115585753875	-0.117563361488
0.842739982711	-0.848977046988	-0.652069825945	0.973531149728
0.0328176639875	0.816962401839	0.663572835008	1.01033076111
-0.399171225628	0.473001850861	0.990979966247	1.42130559054
0.0072113745627	0.165990059668	-0.956819843455	0.75793065034
0.820192031679	-0.45294345491	-0.161478843111	0.400430558177
0.771900028642	-0.767965191727	0.372063214098	-0.144263261537
-0.618670676246	-0.52079009174	0.858292719494	0.994627012097
0.73389018552	-0.850667464888	-0.689254554338	0.975696565857
0.692160951621	-0.903199454269	0.556376811559	-0.33903668695
-0.387765116046	0.743162228375	-0.843066362685	-0.0535847873741
0.990596624184	-0.580053598638	0.582949596858	0.408370756183
0.0303112290749	0.0205762813796	0.396650767463	0.167035892116
0.821352698341	-0.795618427281	0.949881389839	0.167668430251
-0.226291335105	0.908376900921	-0.327867516168	-0.344680223436
-0.188247686179	0.151898487229	-0.602201695515	0.278016008123
-0.803639145682	0.509664683814	-0.110236705163	0.192217761072
-0.0544680670659	0.457176762676	-0.843580671937	0.304028105174
-0.914249006753	0.444780403323	0.560592928236	0.992816384297
0.470319333617	0.26382454557	0.253403463455	0.476349428921
0.417702991674	-0.701030957368	0.144370779211	-0.198712402572
0.696715222953	0.394266074462	-0.177484953353	0.721627890698
-0.340649129013	0.531789334763	0.483165074422	0.425278778041
0.725865579711	-0.753410084484	-0.047079537002	0.0176930728296
-0.127134299868	0.790402086272	-0.680321682332	-0.15921417125
0.660612273027	0.683628036858	-0.0775655470946	0.841012078016
-0.670352423585	-0.421379309358	0.0652101639683	0.708619164712
-0.567586434605	0.829063834407	0.77567517	1.09634517496
0.527400975896	-0.734350073536	0.189404989241	-0.212360473884
-0.294624841857	-0.695433196764	-0.655843370039	1.17792147048
0.877827709265	-0.580408488817	-0.261639807038	0.481396186621
-0.800437668237	-0.551604083626	0.41571328517	1.02573353697
-0.275974790011	-0.473259202573	-0.474241212374	0.656113439282
0.385373332083	0.944402887861	-0.189888664813	0.369186594407
-0.527567291222	0.702339875424	0.837981281337	1.19855599779
0.170315436259	0.117596574898	-0.871469396193	0.706012952164
-0.45577018107	0.256033810853	-0.561134418211	0.262236333425
0.82902352399	0.152466386518	0.628880578276	1.30505215542
-0.850955690667	-0.670392216886	-0.0562373489237	1.33546337985
-0.891315630889	-0.906952240194	-0.100409190311	1.70397260761
0.0866732257538	-0.60729229566	0.876353661323	0.190669178741
-0.189999971429	-0.86876988055	0.662837484688	0.0646665303379
-0.682367952329	0.811156495706	-0.78994694082	-0.104635597625
-0.931919308919	-0.574666305619	-0.25504893129	1.61563420918
-0.724743713153	-0.104793625349	0.854790542486	1.24229224257
-0.876829932987	0.508970543031	-0.820575785518	0.57824584087
0.303641806939	-0.641873092735	-0.834382580398	1.12906085909
-0.255340685597	0.904836927018	-0.487873659891	-0.369268210751
-0.828139517404	-0.583653262447	0.0535788360471	1.1407606206
-0.906979718707	-0.626463921644	-0.209753744271	1.56620206803
0.714713297637	-0.101865921599	0.0293353536365	0.435882459215
-0.969192825477	0.701162310686	-0.405578210347	0.139890781522
0.0241253123224	0.697631385688	0.44330676053	0.523198199325
0.388648202832	-0.440228122207	-0.172265194408	0.0854648372929
-0.667086644264	-0.534133760731	-0.369497570623	1.13520767066
0.963862657807	0.306605132826	-0.791386619539	1.60820604332
-0.416787292841	0.654780447516	0.725914193843	0.903073314874
-0.0731906292459	-0.750317016116	-0.539313847609	0.755788825863
-0.470357877652	-0.876979651334	-0.662560510615	1.65376933643
0.718895308236	-0.608332427956	0.583445916875	0.0649632026231
-0.932237992107	0.34539487581	0.773624996189	1.41277919263
0.0826305047563	-0.528170712452	0.748930038705	0.128518078505
-0.889759537847	0.537637395016	-0.684983914627	0.414234030882
-0.147372693547	0.0239831573525	-0.735453347809	0.541437381742
0.870142086401	0.547861287958	-0.794698946966	1.43002604237
0.761016581569	-0.568311544322	-0.268815349373	0.371684287094
0.414628909836	-0.238562789311	0.367974307604	0.120622217452
-0.302549102868	0.310035951972	0.568191979279	0.496736927035
-0.712521416477	0.0789384361786	0.713351615944	1.01662283155
0.0233545737499	0.0993231518021	0.625641010355	0.456432396872
-0.00471655819867	-0.867107393477	-0.111057064671	0.112744081894
0.911830400529	0.021332866314	-0.0635124228118	0.853565561191
-0.560073100131	-0.80900492354	-0.333739306728	1.14816244022
-0.100209987097	-0.354028927559	0.794231559404	0.395142098521
0.44549747218	0.959034125893	-0.502158476342	0.396291296481
0.711410025674	0.606413533279	-0.437410053226	0.863589070703
-0.352809040964	0.554327725916	-0.912594894023	0.255855174336
0.884386892661	0.467863063955	0.331349515259	1.46073083794
-0.932991337561	-0.107112939148	-0.0211384669438	0.973119318437
-0.165022834927	0.853629919906	0.49036006478	0.545403122639
0.968921106003	-0.897496767702	-0.771589799009	1.3570547174
-0.56712762086	-0.30000962152	-0.72634094073	1.23725791413
-0.9923126288	-0.269123146482	-0.342332932799	1.46106020313
0.299011351871	0.0313731200096	-0.665812404412	0.521206252976
-0.422394053929	0.354407855687	0.549072553195	0.524793260753
0.427941607584	-0.228850431892	-0.303502587716	0.246769916811
-0.81058353955	0.918901498263	0.689504230415	1.02120179978
0.407685233385	0.132539099514	-0.217228606135	0.238638466716
0.121351995912	0.700950129242	-0.203399445305	-0.00141352899393
0.871783376327	-0.695066888742	0.745030389583	0.191282822696
-0.926062945321	-0.378174180753	-0.924627381442	2.41241167136
0.571051631894	-0.676855315286	0.571755805647	-0.120510620868
0.75522157625	0.77978980667	0.35004614361	1.55476843348
0.308932876347	0.856225500584	0.0314267172291	0.387851724032
-0.422844457278	0.534568023333	0.595396149027	0.625534626108
-0.568827846797	0.91973263579	0.868364509237	1.35311568426
-0.872144439953	-0.628810363492	-0.401331946514	1.72247840491
0.453879443595	0.521852398032	0.505452896328	0.962119061823
0.252380516815	0.194357019681	0.362878742296	0.31495686281
0.0163032298234	-0.888750337629	-0.238454327323	0.254563124429
0.177857503566	-0.880695440787	0.648144055775	-0.275731798784
-0.180290031862	-0.421513251612	-0.555608679357	0.651396558789
-0.978416934576	-0.672928688877	-0.433822536907	2.09583814732
-0.331916781303	-0.243489847026	0.65848220455	0.464252198469
-0.0629216707376	0.378030456123	0.153015246222	0.0614309176585
-0.565992476722	0.553665293521	0.243055772688	0.200624747315
-0.00335553522043	0.522473843569	0.429829670956	0.407586386532
0.922328301676	0.445193770086	-0.135037174679	1.2194216396
-0.73305717446	-0.771842270147	-0.834811442381	2.44443023787
-0.0107623250513	0.0948841471625	0.328044848608	0.137834331996
-0.933401751553	0.360852426676	-0.846865703825	0.946006518712
0.604090550884	0.655072648164	0.499124482445	1.33673663602
-0.26299829442	0.563251790153	0.843883830026	1.10849283925
-0.168943220856	-0.403712076201	-0.935517726936	1.3496194516
0.53727258099	0.407327929411	0.410569085448	0.843311183609
-0.972883164548	0.993483526978	-0.374350161932	-0.251814421254
-0.30234407532	-0.581624600268	0.314525151235	0.183253197231
0.529717026702	0.0784340931327	-0.340726015951	0.411517684862
0.471929829012	0.140121339018	0.632423226379	0.777420329645
-0.542229526737	-0.379733503052	0.517308859877	0.571084528298
0.395808498373	-0.290918589341	-0.0268794753944	0.0500585626497
-0.890276361131	0.931982091888	0.643978204277	0.977754455319
-0.756068458517	-0.0732376344546	0.577015283628	0.917699582475
-0.394646580346	0.581279949867	-0.286127053994	-0.158105449634
-0.0450809675869	0.361968948206	-0.747257312633	0.273623931007
0.981155185045	-0.96834296442	-0.491840331803	0.730747813605
-0.247724319529	0.546895689031	-0.0579685277735	-0.102454411659
-0.537132483414	0.979542902492	-0.0759394912553	-0.306252190433
0.524271802053	0.392361070876	-0.63675134637	0.636180605072
0.340988993908	-0.0415635438224	-0.461940481432	0.334689674804
0.254589377387	-0.0463864437788	-0.766206212054	0.675619796005
0.647512031863	-0.714401543143	0.828295508282	0.0510260963864
-0.879026916802	-0.520161972764	-0.153368735675	1.33322324881
0.861259228994	0.00665225563938	-0.194115308557	0.78388622445
0.491752709944	0.158789350457	-0.949792360127	1.07119443656
0.743416515166	0.765971113088	-0.298825796151	0.982508619378
0.135346449459	0.73579594814	0.671207106451	1.06229647953
-0.702673143319	-0.0533355797424	-0.706554283509	1.06813046369
-0.55456135564	-0.890956117884	0.233320722424	0.648188164159
0.799726599222	-0.684721622103	-0.939587545544	1.61815320328
0.399400215311	0.60835901194	0.858270674313	1.66126450213
-0.835609002513	-0.280380372142	-0.479056264558	1.29634364652
0.0239497571104	0.817874419188	-0.500655767418	-0.138655862989
-0.0478560618523	0.841010559334	0.629295746245	0.887300253089
0.443786154812	0.648589417384	0.269830317688	0.73259864368
0.927623906466	0.111930961404	0.879362196696	1.83602167659
0.622703706321	0.467611584362	0.704217488785	1.50416589974
-0.331873121537	0.88804583025	0.0932386984122	-0.0930850807298
0.85217129185	0.548945127331	0.470055065413	1.67297739122
-0.324651578631	0.611763366711	-0.392036548589	-0.179352238653
0.351210402321	-0.798632627658	0.405561347948	-0.316553857807
-0.395443968944	0.66727830602	-0.305977978524	-0.218045192996
-0.585762613102	-0.977282549092	0.917883670154	0.8610521576
0.0560124560879	-0.0251100606139	0.866765917007	0.731249529241
0.146605500686	-0.0844603644428	-0.605204273187	0.426498804574
0.488174890285	-0.654360182777	0.800622229483	0.0359731589932
-0.913081298861	-0.773309681928	-0.768452886038	2.72458396206
-0.656367399566	-0.849028967093	-0.0628595962618	1.04541404543
-0.413885309663	-0.379745650193	-0.502577008858	0.771907278412
0.764453989167	-0.993086570786	0.438014492307	-0.417908703721
0.113364340559	0.403964768697	-0.908068200118	0.516406968968
-0.163094368184	0.530552512002	-0.01963834427	-0.0699638621184
0.17878420726	-0.314556443403	0.305205874859	-0.0271277800597
0.510500219554	0.43701380926	0.59908552635	1.10441823557
0.351595392477	-0.952744931911	0.082369278235	-0.283053622641
-0.541628728503	-0.538880628079	-0.953174044991	2.00742269702
0.75780654827	0.323214467676	0.89673891539	1.91318447826
-0.0155308820128	-0.893498104268	0.175095476363	-0.111671028421
0.887334652323	-0.824764579231	-0.222975364867	0.289140790374
-0.814486422567	-0.299180588198	-0.729615365628	1.65769199554
0.506669633871	-0.713565846888	0.0121268908866	-0.113334302182
0.907762202487	0.804306249177	0.703981295464	2.6159572481
0.393711562732	0.336716209447	-0.277605529096	0.271168407953
0.578595978603	-0.425727056598	0.589386408201	0.184907940935
-0.521916200962	-0.664571010865	0.434449328038	0.519270687616
0.939413439077	-0.45349209392	-0.667352002201	1.20447859368
0.267666318298	-0.2661892406	-0.542243489891	0.438762749073
0.0714177358874	0.0553262769178	-0.935704818449	0.832826213801
-0.684586887804	0.789004086933	-0.80000419254	-0.0626825147813
-0.521095241092	-0.400337989387	-0.464175828543	0.881440889112
-0.0971154634257	0.437475166841	-0.894931202444	0.376337489679
0.199507293756	-0.270392926736	-0.565730063626	0.458877711734
-0.991581705896	-0.859522692693	0.93789909373	1.90903041285
0.360142821223	-0.034855839442	-0.784558209758	0.760027790817
-0.23436473187	-0.183847707265	0.789115721503	0.57564075192
0.239312695793	-0.931211277745	0.192698540735	-0.307890441599
-0.0594523359167	-0.670340284198	-0.350890997277	0.401728738807
-0.986504305302	-0.366942510328	0.716884180313	1.58604875786
-0.386691553933	-0.230831962679	0.605900881915	0.466045717173
-0.0236979403093	-0.340339055833	-0.709544988251	0.753566888729
-0.889841371267	0.820522407525	0.725199769732	1.18264024877
-0.389435529325	0.853415356488	-0.864915230227	-0.170743813645
0.993759011337	0.766600545589	0.552003605579	2.47724741866
0.479972445325	-0.910800156807	-0.850171989231	1.29034376218
0.623030927136	-0.381785110725	-0.224098005295	0.286080802408
0.880499736209	0.0342499939654	-0.581962178886	1.12418467265
0.659386278169	0.843272622466	0.869709210387	2.4806287371
0.811991293282	-0.950270508242	0.106958336521	-0.202480785645
0.411472168897	-0.0885949504727	-0.222266927689	0.201949303947
0.0667847377434	0.484147381997	0.705822217363	0.876700838347
-0.772844303092	0.596073439004	-0.156780348627	0.067743831404
-0.738353755297	-0.971725155832	0.887339427961	1.18776440239
-0.432362590354	-0.775798068813	0.717847183715	0.480763592499
-0.880609099851	-0.70451568055	-0.293663190875	1.68900369847
0.670352292134	-0.522632620858	-0.31210421727	0.359549107723
0.601474862271	0.687586488654	0.181071996688	0.932627724887
-0.596094572973	-0.721611518962	0.645499530789	0.736347197524
0.769555200576	0.0903406570374	0.777268226912	1.33610214806
0.651428123722	-0.701009694035	-0.44150161693	0.472121761831
0.603005512894	0.513250975943	-0.0118570032246	0.667163786622
-0.349553723903	0.828643481105	-0.0126647845901	-0.177801803135
-0.977862451741	0.738118599578	-0.0487012658605	0.200861014208
-0.63865963892	0.92092773001	-0.315533049444	-0.371295266811
-0.184366086683	-0.952253996784	-0.569014953833	1.07517897854
-0.975443957685	0.0676893811843	-0.893981001148	1.62415272636
0.895462196284	0.179720400632	0.96197715639	2.061072339
-0.694218169092	-0.683506521588	-0.854485731849	2.27063394853
-0.123691788071	0.500447431898	-0.100750031143	-0.0868711048249
0.726208233808	-0.533696488954	-0.463105179456	0.601427629748
-0.0571171499646	0.453896154712	0.519491391694	0.483003565222
-0.0914122398407	0.804444683434	-0.364193734801	-0.22551652998
-0.600099288669	-0.992463206788	0.0613695532372	0.898554819145
0.901969955286	-0.889293103779	-0.412089556528	0.547720342546
0.987929281922	0.424848929747	-0.360320283238	1.37247398398
-0.833729478932	0.976348464533	0.507145874302	0.63344238094
0.758848365877	0.655745200221	0.803155162355	2.24518537358
-0.506118679296	0.678119124311	0.438320614682	0.402305914581
0.902913938179	0.43136424226	0.664636211155	1.93317995531
-0.119436245379	0.45710778023	-0.933948210704	0.405014046538
-0.370865913839	-0.054653513195	-0.103402098794	0.174153933169
0.192533295598	-0.647095129485	0.515986061894	-0.155168739396
0.748880011927	0.730187205646	-0.487087141291	0.989232960143
-0.620953947993	-0.365042811287	0.717328095179	0.864962712037
0.174619457013	0.250176599551	-0.962748332026	0.760204903628
0.349846226152	0.0910826258925	0.554958963851	0.512783866138
-0.190430290602	-0.397270313383	-0.89900576528	1.27727566492
0.317382091558	-0.113405786454	0.156308979528	0.07144458067
-0.415662443141	0.177537158542	-0.478717463567	0.243160009268
-0.111838422319	-0.92471547434	0.186396548611	-0.021693547079
0.823139085069	-0.362215985236	0.146428847614	0.347806356791
-0.893854729215	0.214303503501	0.58978875436	1.081664648
-0.246036099957	-0.267949491036	0.427899024892	0.194901259811
0.736154269543	0.778928429187	-0.924341554373	1.24974599154
-0.909872871569	0.515041986109	0.564740292689	0.969042471706
0.698685506895	0.424080405823	-0.109291916258	0.750056433611
-0.0731127223868	-0.859397949278	0.703450445966	-0.0415229468919
0.372346574642	-0.638519610278	0.642220537187	-0.096731806813
0.135634442261	-0.35358135936	-0.94029674356	1.18706825819
0.409958086461	-0.91849734267	-0.923849005897	1.49357006228
0.121160767971	0.943913961849	0.134322047554	0.273876140742
-0.700892117934	-0.574519365821	0.477503714294	0.847600522138
-0.0264371013554	-0.742031509314	0.756777665207	0.0314756439762
0.373776234965	0.968017755122	0.467960669857	1.17351213137
0.551706830596	-0.458622652404	0.434102969509	0.0407111097727
0.503128347614	-0.0488552493351	-0.271053152616	0.3152698542
0.0942533464818	0.390497124458	-0.568607453121	0.146964214451
0.125992560691	0.225377984987	0.807410139701	0.878153678838
0.820265301216	-0.363988583947	-0.525124621826	0.841163194871
-0.349357948526	-0.963990646921	0.0778346505946	0.389855128659
0.81368420724	-0.331845116748	0.210535787361	0.366524903187
0.234243015287	-0.91753182952	0.330782093742	-0.354141938261
0.183177142131	-0.909508606826	-0.532669824329	0.635157609631
0.0621887665088	0.827320213194	0.356954683769	0.478049937588
-0.141330536573	0.862576411737	-0.441418522059	-0.287840959754
-0.506493756507	-0.714989372681	-0.420643083892	1.09636951731
0.567131869128	0.329414267022	0.668079027748	1.17486423651
-0.375944324213	0.239732257665	-0.637220284161	0.304495586502
-0.828419654733	0.613795603132	-0.461835699675	0.107618274389
0.629283904845	0.242577468121	-0.699632973645	0.868419431714
0.242704338793	0.714593951325	0.844419653619	1.54880217681
-0.734644189148	0.0519480758692	0.625246966769	0.924952878896
0.0849199155242	-0.0713080323688	0.558170773926	0.272908473218
0.788195357221	-0.846417336162	0.510329385865	-0.217405850762
0.9898321756	0.179054923038	-0.913925039628	1.8286182603
0.604832300216	-0.797442306304	-0.679257281651	0.886562194904
-0.550538732924	-0.905390211495	0.147006430989	0.690057983395
0.14433312058	-0.357901042825	-0.105504745087	0.0180665848522
-0.215946033699	0.422791618496	0.907293977061	1.1621111662
0.908530687197	-0.823753662302	-0.523863911227	0.782990741593
-0.333192116589	-0.247052040644	-0.222745397599	0.29797799606
-0.177157054444	0.641373684137	-0.208134199151	-0.172411203989
0.912607194939	0.0123673564886	-0.986315658174	1.80475889097
-0.186238620817	-0.0580570788666	0.261125643634	0.0985237038573
-0.964810423185	-0.931560723018	-0.281429719898	2.17101020867
-0.890858211997	0.53299844373	-0.419964741362	0.271332143724
-0.654650630763	-0.581487422866	0.549945169258	0.79189204652
0.91502247801	-0.245869859616	0.477103191751	0.72261184785
-0.957077483861	0.647593298232	0.99690142528	1.93559947941
-0.236045910972	0.63650714488	-0.27652997759	-0.194071714771
0.390144147377	0.0377860679834	-0.646703095691	0.560742995846
-0.862359718518	0.443876766753	-0.784425731858	0.628018211674
0.657344471767	-0.0258403043881	-0.70598965214	0.931780149759
-0.885144201227	0.425821398237	0.394248981638	0.729878827695
0.936469147444	-0.149386072482	0.391825725927	0.832073109382
-0.171298174691	0.946426312835	0.473762868172	0.540054864525
0.174844023808	-0.558009492879	0.502432538343	-0.0949178627373
-0.614492053333	0.99145381432	-0.724875924945	-0.424875900667
-0.419160538741	0.0122144332233	0.696477780645	0.664164129103
-0.179609990619	0.521091510093	0.332839041421	0.222887933697
-0.0241272471551	0.153355672365	0.789044985746	0.740478587692
-0.721113262699	0.533833589577	0.574499610886	0.77178684852
-0.512300154847	0.518940065093	0.180143000636	0.122533294107
0.931875345614	0.709743131856	0.158371668159	1.66726857509
-0.110232504969	0.346532472578	-0.0878914453811	-0.0487802710689
-0.8076638844	-0.695948700781	-0.85392586703	2.53789156529
0.429479446536	0.216330047656	0.899450356733	1.2809509869
0.911686159874	0.852910369625	0.0442768605721	1.6484828676
0.265742192574	-0.850769093527	0.442130920621	-0.336137902962
0.422224150613	-0.977062641082	0.322057355345	-0.445215480427
0.439244281997	-0.867581526578	0.0359228572095	-0.218020241075
0.882296300475	-0.765625518881	0.274364987621	-0.031846490604
0.54345258116	-0.366426077498	-0.49031032412	0.516272213111
-0.239014726848	0.480269774502	-0.673965468292	0.0728806996558
-0.0438669622793	0.4515311148	-0.980481724881	0.500743418547
0.403941315257	-0.281462813282	0.837956523061	0.51579166133
0.213954281615	0.311912050725	0.738642782683	0.88849609887
-0.0959427772083	-0.885788667449	-0.537859583577	0.85991289673
0.598240666025	0.292882433968	0.000986331654037	0.533395928916
0.38185838339	0.958273391557	0.208185679863	0.754580627926
-0.533551595984	0.751371890461	-0.0249654325724	-0.1343534172
0.152394554724	-0.387490297853	-0.583017559174	0.529995810872
0.466127988271	0.935098917687	-0.0476240219428	0.610885954877
-0.686654403346	-0.532539327655	-0.670802102902	1.64436870605
-0.683697935015	-0.24793053889	0.765280307485	1.0328700538
-0.93472415395	0.12787312652	-0.490320069199	0.931898153995
-0.741941868797	0.678411850879	0.587219536474	0.790339056846
-0.550659454718	-0.504960358368	-0.550753353632	1.16272489802
0.845314915646	-0.343256802641	0.835039176669	0.835054760153
0.967796702661	-0.927092629129	-0.609598795427	0.9761585095
0.936489572802	0.714325147517	-0.52277593231	1.44583345264
0.148421886844	-0.57819007749	0.825064315684	0.139900118634
0.209039171364	-0.234634045109	-0.503835871988	0.366717303418
-0.147010911354	-0.760240295802	0.632382430193	0.0525207590178
-0.986936508513	-0.900383152301	-0.579321564865	2.71988952878
0.716290489707	0.14352290571	0.185944609877	0.677138866713
0.826373619015	0.178313026007	-0.360335012923	0.895835433831
0.0779038739256	-0.909042318843	0.785344678855	-0.161894187979
0.0891742938014	0.0420868309807	0.797266088414	0.68089273695
0.554183407008	-0.574923051821	-0.390449416804	0.365435550351
0.814985004816	0.0461305698245	0.178383802038	0.74184600801
-0.296959028578	0.358960867658	0.0300178792948	-0.00673568882879
-0.861435195958	-0.0485232028765	0.501414758549	1.01095670165
-0.733750373366	0.714858187432	0.222890149112	0.222877015045
0.386652136545	-0.675854192318	0.764818058258	-0.0437794215549
0.473784484605	0.156856287141	0.965320188322	1.38204741964
-0.351632928644	0.760432257596	-0.862803537363	-0.0554210029595
-0.138052423533	0.20173000617	0.932502577783	1.04888396373
-0.245814206869	-0.695756882123	0.914931281063	0.431981064049
-0.914126527109	-0.28936192242	0.798252903316	1.50636441976
0.215564331064	-0.58707913354	0.950336429225	0.265131301395
-0.315081771311	-0.949998709968	-0.601384553979	1.33158173113
-0.0986803849108	0.318625963601	0.382939136094	0.246952418826
0.75053021937	-0.0414303378831	-0.983332043437	1.53988257607
0.46510155795	-0.295627506927	0.686580170965	0.347242992077
0.493368397656	-0.404627785478	0.494371180613	0.0881483618423
-0.0688368254731	0.48075833972	0.529067603278	0.505910822005
-0.929411529288	0.0739160120042	0.103903144994	0.813583366671
-0.149926809581	-0.0246624028421	-0.0722032428423	0.0331696173441
-0.788479992	-0.433327659722	0.428206458959	0.961177956211
0.703526593637	-0.880303182813	0.87327110499	-0.130507941989
-0.605522847844	0.642110225912	0.196986058964	0.143135776886
-0.990058891994	-0.555406639909	0.113725110733	1.47987161132
0.237531417931	0.616633009478	-0.873731198878	0.427525596843
0.849790524316	-0.296480255064	0.0247601395204	0.463469995847
0.774240938535	0.691202319273	0.298062172643	1.42946848707
0.36275935339	-0.766354077683	-0.789634146841	1.08225367295
-0.679874881845	0.154202109781	-0.841960993947	0.936457867503
0.88192315084	0.0357120758375	0.533334523985	1.11277594788
0.0467236353482	-0.304207506608	-0.768714956789	0.81274096258
0.0493318288218	0.118249839723	0.0196778858935	0.0109812362325
-0.449305238882	0.756033890411	-0.649636364117	-0.20693449218
-0.0791714439585	0.467705984561	0.641758668194	0.681247717353
0.731557427572	0.966063020902	-0.0356738826417	1.20871625535
0.662285201313	0.234741021241	-0.998737055199	1.35711834153
0.574749287175	0.855740125634	0.554711550005	1.60456660552
-0.351334391185	0.917635922447	-0.966651684613	-0.151580034642
0.295561648472	0.181946668422	-0.905226916276	0.795865893668
-0.650868475681	0.552582896161	-0.541016121999	0.0577131740227
0.288649734085	-0.223214897852	0.502516211276	0.159241185905
0.253892721803	-0.301653889057	0.857529381339	0.464553354248
0.814519331278	0.216215401258	0.739454161212	1.54622719978
-0.996951694521	0.994938832609	0.792993557601	1.41982559296
0.35150856594	-0.4312684379	0.783932732671	0.248428806104
-0.381385253156	0.90983533004	-0.10780499132	-0.288005940057
0.0440828746387	-0.588031386027	0.168988309144	-0.0947921950584
-0.501565991741	-0.786122055998	-0.951592038508	2.29945543025
-0.178439734436	-0.0638718127984	0.970175068036	0.922510830451
0.530774076577	0.167687014718	0.853544437277	1.24239146578
-0.157202031174	-0.570806938527	-0.903126692962	1.445593295
0.711202957537	0.498984410804	-0.718944620429	1.01882804496
-0.867965160026	-0.0663049441096	0.268671637324	0.865284091249
0.120440015393	-0.239737647352	-0.0578925306271	0.00286235556472
-0.895314027673	-0.723531841522	-0.644891664088	2.33186032704
0.973668834457	0.544275484427	0.417575192246	1.87962005696
0.546019951459	-0.824267577125	-0.326940583287	0.22444791239
