-0.307651571265	0.171403084246	0.788480626137	0.798766770096
0.875233949863	-0.839886338911	0.397163673128	-0.144895930968
0.0702415177875	0.365789030204	-0.0503969320741	0.0147326533465
0.898363866724	0.565077696959	-0.621529347601	1.34978937947
0.694128354775	0.320116340224	0.61257626096	1.27536134774
0.959534467283	-0.72031506921	0.235411514129	0.115387377586
-0.917389216068	-0.0937800767851	0.219658027971	0.955285907406
-0.0297472482528	0.443087884712	-0.66805678508	0.137996253797
-0.958764415535	0.837619721332	0.777495203022	1.37189332795
0.918287161371	0.607979215067	0.272048144193	1.64096062824
-0.331769592072	0.728241154645	-0.31164060311	-0.261366855719
-0.492165610247	-0.167172517765	0.798744692176	0.828968474169
0.0526252723752	0.44328585957	-0.427442528476	0.01932534489
0.666186766968	-0.376936561385	0.00855239011873	0.189544094156
0.707158042847	0.065257889623	-0.247329119166	0.591251655897
-0.330357300223	-0.329684591961	0.772466148706	0.560083421392
0.342313572133	-0.900932499668	0.627961648687	-0.362638066172
0.0529760374549	-0.318123867407	-0.625610229504	0.576363223588
-0.157880467803	0.842572717597	0.424272832862	0.429388617794
-0.990166995588	0.82572314288	0.469161885098	0.770337576289
0.899798970642	0.915132667114	0.600399986666	2.54299940456
0.966444938588	0.636225453222	0.546562924944	2.19536096395
0.614569108666	-0.420188466462	-0.737147478411	0.972587611458
0.93276523026	-0.00931598501099	-0.0907528387602	0.870442877708
0.772488817496	-0.678048373497	0.481164200442	-0.0217794287991
-0.185614016012	0.804421427382	-0.196602439641	-0.234358024612
0.959034263758	-0.198709512457	-0.0981080781349	0.758297691451
-0.947344949272	0.834186250734	-0.459001361922	-0.0650100534103
-0.559974378436	0.186216962644	-0.129764776817	0.201969071299
-0.512266004237	-0.325461161888	-0.524525159065	0.874978358232
0.848689792487	0.847082841443	0.91643508836	3.05533463462
0.171469012952	0.704554564093	0.775158687993	1.29722348117
0.437004001866	0.183148199001	0.666896409776	0.837900691287
-0.403828076664	0.0351051441019	0.844618250174	0.891931106589
-0.628750803885	-0.438398088918	0.629443225797	0.791222791445
-0.555888012817	0.842513717032	0.978801175548	1.62337336476
-0.49379415293	-0.719460512304	0.158904034581	0.510023373787
-0.899608141491	0.777933647259	0.832062454367	1.44907667346
-0.310943673513	-0.11846128381	0.563293948115	0.384092302582
0.0781153754329	0.438127354818	-0.568936844628	0.114748833068
-0.447419228618	-0.622199655713	0.306223819215	0.381808728711
0.0755772227412	-0.0688503031168	0.624077505004	0.347013208767
-0.17250756568	0.113578002819	0.911359052617	0.94425145927
0.151532514751	0.437061899911	-0.300847728094	0.0482114676966
0.944036819572	-0.049519752737	-0.420750130145	1.04232316125
-0.560893671171	-0.0623537606269	0.873073834344	1.05739402341
-0.644463227967	0.305483497646	-0.481555098251	0.303248148147
-0.840728949317	-0.842759166919	-0.686845951502	2.46596027814
-0.798653013121	0.624595604713	0.656394579572	0.97984648713
-0.370265685447	-0.51510076167	-0.591630885673	0.982597439134
0.252833721825	-0.660592293912	-0.0702735435243	-0.0517345851494
0.166904074404	-0.773518563974	0.424490490431	-0.249405528014
0.921504517878	0.8716865894	0.531719153496	2.3986514204
-0.0893445161424	0.660245091964	-0.237714256051	-0.15144843903
0.151314740611	0.184024362158	0.11796360959	0.0863653405523
0.96010387451	0.982766441738	0.264769753202	2.19566716874
0.976999733207	0.89450098347	0.451030335685	2.43533114344
0.765992628255	0.609200345236	-0.819972270434	1.22621481417
-0.80612583866	0.741721638861	0.142794385053	0.17822181128
-0.26230364532	-0.338494174239	0.853121383112	0.596630934391
0.0763644250521	0.621121972138	-0.285374311027	-0.0425506097653
0.0692939034424	-0.082424973918	-0.790954507656	0.689893534716
0.209845340754	-0.287059503113	-0.200979994466	0.0818831433116
0.549501575016	0.241979321699	0.727712015243	1.14057603631
-0.143939949964	0.17585432015	0.678761645681	0.575486786545
0.0758317839773	0.0932685032099	0.528575058668	0.34151417365
0.941462978168	0.947672115385	-0.980162552243	1.81039666085
0.814405491301	-0.299898353908	0.291453776688	0.416556234083
-0.594895520944	-0.780328839061	0.590978801685	0.706212953872
-0.735544318993	-0.568879036502	0.682384926128	1.0369158968
-0.74316003438	-0.213095214574	-0.58958095128	1.18389326112
0.951001725001	-0.190004660877	-0.273696221662	0.850622700235
0.500916978496	-0.859514104655	-0.419353285743	0.35666985326
-0.437909802482	-0.553455108634	0.838597828231	0.673248477805
-0.870672500434	-0.86080145444	-0.267153025774	1.80888321005
-0.808802435311	0.32566336307	-0.217194183419	0.367205183322
-0.840431593653	0.467501118148	-0.661186772001	0.441484946105
-0.529842545266	0.686255094463	0.387811038643	0.333660679474
0.868015975835	-0.783761498812	0.432818326693	-0.078760404429
-0.784830567602	-0.193256517269	-0.112153217704	0.80188532648
-0.143028012826	0.644419784741	-0.177213545125	-0.154508342811
-0.359791448455	-0.747133719999	-0.332677867553	0.757491625995
0.723421661625	0.627990873385	0.0470267844655	1.00938501152
0.80863902194	0.436588631647	-0.623726272692	1.12366233522
-0.342965053841	-0.99271124229	-0.766418665215	1.80632028847
0.320201226743	0.704519474362	0.0757511881941	0.387223255364
-0.783846200456	-0.597183701513	-0.423620470076	1.5149485844
0.163130772041	0.386171696558	-0.318036399116	0.0679386311352
-0.743313882801	-0.123472677448	-0.353479228713	0.812887075581
-0.656457954872	0.132477053283	0.917372932129	1.30707539046
0.139572011321	-0.119562098772	-0.880755529903	0.883828106857
0.160718483617	0.637402897445	-0.403401532238	0.0338763488369
-0.892803241518	0.542612616315	-0.708450127556	0.430138931322
-0.665186673339	-0.976234461106	0.0386207462813	1.05564012258
-0.0304150498152	-0.618819260944	0.771906373204	0.137915411512
0.155485746067	-0.231603663185	0.404141473743	0.0578944339031
0.128674754122	0.459470861387	-0.991685166633	0.603468524446
0.283482092021	0.0137520256401	-0.392952272857	0.233268148506
-0.0451226394163	0.942985434779	0.373614003783	0.45138604846
0.91683182747	-0.152510604066	-5.34959669058e-05	0.700762185592
0.565553383586	-0.657308504918	-0.200420943416	0.1200145259
0.791638661643	0.801019457175	0.45858106233	1.83843868598
0.551152933509	-0.975494641214	-0.630525294792	0.77875901658
-0.706293616357	0.447263448446	0.737350679295	1.05642738583
0.706359231094	0.963719900086	0.910528373246	2.88623204234
-0.203996729837	0.0332805355916	0.161054677425	0.0661241404013
-0.541111354503	0.495488945639	0.87396718401	1.22154652071
0.266425475873	0.622062512964	0.802057295192	1.37894151659
-0.138854326729	-0.792018944356	-0.862274730793	1.55571141472
-0.350229120579	0.494552648617	0.278693636552	0.16495251686
0.402827245388	0.0683374831207	0.465164622978	0.43796429575
0.422998625487	0.827711153234	0.946557384331	2.2084955033
0.0742913726669	-0.650979084062	-0.250626895684	0.183123786154
-0.747365563787	0.232489965419	-0.485137009037	0.507368722938
0.182007439821	-0.625656322849	0.24191005996	-0.173579478844
-0.829030504792	0.336502107417	0.0564971541925	0.43052440578
0.295862311601	-0.383318382665	0.746407142924	0.245137088824
-0.352463726725	0.742214975272	0.741985639831	0.963882365475
0.591078158244	-0.801020293163	0.761707134312	-0.154037324015
0.895678325693	0.487229046706	-0.922050269264	1.63956718524
0.106886220115	-0.722612723026	0.0091285922212	-0.0723257842071
-0.392756861607	0.643574358151	0.147644411806	0.0183087371209
-0.441053268956	-0.513784372873	0.246914496515	0.355240222095
-0.154412191085	0.981818970345	-0.350591586068	-0.349064703527
0.216501257456	-0.437517418828	0.0586335447406	-0.0700655814379
-0.397500721674	0.648650550494	-0.162072954965	-0.178693306931
0.0364383587426	0.744421233896	0.416065214603	0.511291285203
-0.0133403723663	-0.169912558813	-0.131288125615	0.0419887356317
0.669332066725	0.355497522167	0.00956978393477	0.689444922014
0.75826962499	0.896244182391	0.837204176792	2.70581777083
-0.0566784992216	0.0617032259996	-0.428018542774	0.156504954109
0.928900362382	-0.769544517585	-0.587907223961	0.946081387012
-0.882049007419	0.201296405137	-0.555338833178	0.797070666024
-0.0418512969094	-0.458062206257	-0.695670319288	0.823539502869
0.279879868124	-0.886644112824	-0.375914620073	0.304793189608
-0.472431680501	-0.861034192479	0.374350180477	0.447781275535
0.756350710561	-0.653441432009	-0.261476805055	0.317065403469
-0.388089801168	0.273292033669	-0.838765782974	0.51885187485
0.13548312064	-0.303659018616	-0.513428713659	0.396731307854
0.210539800945	-0.833260801586	0.700849996294	-0.223907667917
-0.395157208145	0.156801880127	0.645288890613	0.611768089588
0.714228249962	0.363390721974	-0.620587512757	0.929279029134
0.815487888789	-0.0375032106806	0.80933507021	1.25910767488
-0.830988544549	0.730037440493	-0.453982589857	-0.041434885005
0.700233996051	0.503348325499	-0.974102872276	1.30135261475
0.934625531472	-0.19766972959	-0.852383149775	1.58382508875
0.540564548618	0.351954171553	-0.356595182602	0.484118941284
-0.585160421742	0.512332026743	0.893237400917	1.2981234767
-0.279814029658	-0.0237930731909	-0.887574761661	0.893860615684
-0.336254419225	-0.0721570708065	0.445957986065	0.304029671743
-0.613478542779	-0.572866346475	0.657089128572	0.783139008388
-0.537976370881	0.701425341879	-0.0657385413408	-0.129720807258
-0.207255962133	-0.662036929895	-0.596737869234	0.93132472619
0.498337488657	-0.445016503799	-0.916964890759	1.27546096636
0.199736395403	0.237071356477	0.639691519794	0.648104182666
-0.416347701985	-0.02184212315	0.228376911137	0.229607103651
-0.00091348377178	-0.744386018248	0.365320436254	-0.137799584783
-0.0428139909354	-0.787114884777	-0.881516079012	1.50645759188
-0.529793267692	-0.0905235544755	0.192105053886	0.348153995639
0.573330547792	0.75609949639	-0.633047935326	0.684305318812
0.321533081117	-0.952963079808	-0.936275273899	1.56582152409
0.0495278224092	0.818794391088	0.649768596146	0.997232218951
0.333836693886	-0.203063275543	0.743018565932	0.44485377116
-0.0523999377593	-0.833844701243	0.913996884154	0.119698009362
-0.42178162166	-0.451926505323	-0.080987307256	0.411673285337
0.672677035483	0.35195175499	-0.855450170699	1.11996206291
0.401070758161	0.291061173635	0.471110735354	0.636661247143
0.884711182531	0.567668755157	-0.292244494386	1.20444554833
-0.223059944287	0.132365157234	0.499114043813	0.335410511765
0.0205378279517	-0.871333810768	0.870822702536	-0.0179185861684
-0.715575424848	-0.955308590231	-0.69264992053	2.33710187048
0.139501883983	0.246961288509	0.899155270289	1.08444908486
-0.984935172319	-0.89768811662	0.0310922654237	1.82731746528
0.0334793710145	0.171040453835	-0.0640870546035	-7.13324061954e-06
0.522304932468	-0.123772959442	-0.904127671922	1.13750862006
0.588749295012	0.994125139012	-0.270969558594	0.735963058703
-0.284499619675	-0.780457096622	0.342428775322	0.152986279138
0.96279562077	-0.542855280328	0.509353497642	0.387252470574
0.169255310013	-0.144321871506	0.717762095656	0.415813773883
-0.898941951202	-0.623661896173	-0.0157558988381	1.37880707556
-0.0233338153564	0.352498514945	-0.303581129534	-0.0225310634388
-0.523541398606	-0.22885249694	-0.0576313372742	0.41041979885
0.487881397477	-0.355763261519	0.459563748414	0.112160921648
0.552619199549	0.709285977208	0.639076809583	1.55906041663
0.123126372763	-0.129590263594	-0.110567368636	0.0257577220215
-0.781631021026	0.764315430904	-0.0284349811964	-0.00739034436377
0.542571993563	-0.144404095022	-0.161248151962	0.265320610454
-0.639088882326	-0.998608861916	0.99988529231	1.04791070493
-0.801641481123	-0.280028429763	0.583927345228	1.04456635637
-0.709354163352	0.0814009623593	0.497300121869	0.733229337227
-0.628605284701	-0.413227858232	-0.964726133933	1.98425004702
0.278515721647	-0.419313670917	0.47083291043	-0.0149574889644
0.578467147588	-0.922384960752	-0.915599205757	1.48391168666
-0.823518240047	-0.718735755383	-0.117381291829	1.36821879514
-0.941143696665	0.0260271874027	0.739718985513	1.4276931166
-0.799432930496	-0.560711404097	0.348164869132	1.01334293477
0.074265578541	-0.294215813279	0.143600982982	-0.0379631691154
-0.822299157126	0.0489826819073	0.473087603399	0.882882465845
-0.686366129133	-0.45801658415	-0.967536673836	2.16474059077
-0.00509024049044	0.857810870302	-0.281111558501	-0.166457395404
0.732596945679	-0.122121947852	-0.736518183684	1.07963618894
-0.966625820431	0.164113717012	-0.529897693849	0.969557006146
-0.625747630354	-0.640773867341	-0.375015042016	1.1734589465
0.54447638462	0.450150984209	-0.404908657464	0.523232104042
0.0839233358685	0.63074628639	-0.643391872154	0.0681135258433
0.768465247948	-0.10729752615	-0.533539042349	0.849995746327
0.300230721929	-0.129088868832	-0.837681628749	0.861227927148
-0.980002357	0.989671821456	-0.470317258942	-0.253737512218
-0.646046154628	0.666343507075	-0.704590565458	0.0138354899957
0.556486480411	-0.232403693492	-0.948674875907	1.30080725472
-0.668984317469	-0.313286820724	-0.299371829181	0.840536727639
0.527428844951	0.785287919213	0.463981730165	1.27200298003
0.57540253362	-0.682471468845	-0.867534732955	1.28307647976
-0.253977653506	-0.422358876544	0.85269867636	0.53872454257
0.41021269135	-0.414556449763	-0.3330352452	0.247192518612
-0.542003101675	-0.677342899611	0.965073921802	0.938571020721
0.160213111059	-0.473311623165	-0.423066650208	0.329065266742
-0.697474187601	0.964490402183	-0.485527600375	-0.418786577173
0.546897240044	-0.811159375334	-0.815428009676	1.18184068149
0.405832461003	0.279060828276	-0.236795584321	0.267943705974
0.437592472939	0.927408496722	-0.816250010568	0.506581034381
0.0774191045537	-0.976079138303	-0.922543138657	1.6819874994
-0.101899628776	-0.979364305999	0.173826742144	-0.0298435768372
0.191579241231	-0.0482432620032	-0.660379453398	0.495420079603
-0.0032788165725	-0.595972905181	-0.332338381397	0.31047830689
0.0117596900969	-0.233496403149	0.442940598378	0.090163782133
0.710128710871	-0.971322844792	-0.302579081573	0.199974621285
0.820155649357	-0.701982020526	-0.0727739014028	0.153302780364
0.826787317432	0.989473627475	-0.520762997504	1.25757436177
0.820883427287	0.0341484209438	0.819938574152	1.40218034698
-0.961428896098	0.515370232721	0.911049660053	1.72839304673
-0.666705611728	0.272137169328	-0.53557724435	0.404153504191
0.717633701409	-0.408269736825	0.488779002406	0.261361245503
0.0328276945406	-0.619648411465	-0.803069723159	1.12327788726
-0.342023553709	0.541852892121	0.371373089696	0.270801213999
-0.872432736422	0.340626247154	-0.278620310512	0.446689277358
0.758838106794	-0.424917560163	-0.145757539918	0.336571834105
0.933420396649	-0.937181272471	0.696717890283	-0.17104561853
0.200415691443	-0.800560300742	-0.226583638256	0.112455613872
0.245966236965	-0.97120082898	-0.310756456573	0.219993280023
0.336490939703	-0.0274808928911	0.163079211768	0.126092347989
0.806627837487	0.831151606414	-0.648660625765	1.20270377741
0.264824402294	-0.135448929609	0.962418601136	0.830152776679
-0.359941023419	-0.102618236787	-0.660030614233	0.669865643093
0.00707979864684	0.678386144791	-0.232981586721	-0.0989180998131
0.392594499905	0.889223825802	-0.135971573947	0.400813930286
0.830981947262	0.679453427151	-0.64222250948	1.23123399527
-0.835305866836	-0.248757935839	-0.247884594126	1.02863488637
0.153213819842	-0.853313001852	0.539272669414	-0.276618238321
0.774332247038	-0.892684083966	-0.269765802098	0.221945582084
0.0404352586428	-0.676861854267	-0.191398324353	0.14044946929
-0.846734859018	-0.123606801974	-0.151028074751	0.863099686211
-0.651308797965	0.749857779195	0.16855991201	0.0906225867125
0.726139368757	0.137978899845	-0.321714737122	0.686580820684
-0.385792428381	0.0306776119449	0.465947009358	0.368401364457
0.969541137268	-0.529235896051	0.95834165241	0.838123963922
0.665041664472	-0.467277995239	0.466437116831	0.131128862858
0.617105406917	-0.313666156532	0.736543288307	0.498721315272
-0.407533393471	0.821516478269	-0.910657684362	-0.0875348070654
0.671820691216	0.0436440473802	-0.680105775439	0.913525312323
0.341550906994	0.566467464197	-0.949330131904	0.673597565083
0.109839305119	-0.305412134924	-0.301526243943	0.161526265958
0.546480664983	-0.67614113978	0.746574693117	-0.0182730340218
0.641586107657	0.519458297576	-0.36784126156	0.689138958969
0.052757083367	-0.217124463919	0.398906457358	0.0638424674154
0.25738814516	-0.447626080863	0.769381861315	0.198588071844
-0.407257854622	-0.287465125748	0.567872554402	0.442167073325
-0.0845340151644	0.234027382831	-0.514492275536	0.131659746246
0.911982520727	0.52431182494	-0.140273555171	1.25600492445
-0.403842473929	-0.864458819647	0.570029597531	0.344360561102
0.258419837067	0.882242736899	0.840891985135	1.74374001358
0.501423390761	0.393846583065	-0.0925550134443	0.421023260646
-0.756134619462	0.0491862935414	0.23055143025	0.599042035714
-0.000101752390403	-0.199589405394	-0.165449205242	0.0604156670652
0.134188323134	-0.417349831068	0.696510945209	0.15644180355
-0.230477604744	0.978489452113	0.839612922561	1.35410226941
-0.117328882175	0.903051493188	0.324465620614	0.306099146495
-0.733529837532	0.979919356248	-0.558918886647	-0.41603917738
0.125683817051	-0.235683259302	0.249875238857	-0.0102789254945
-0.847082507213	-0.188726290956	0.272878478275	0.900378834566
0.283862867116	-0.341942246756	-0.249387413177	0.130983595001
-0.556187211876	-0.805290474789	-0.0333201860399	0.785179141812
-0.914516984039	-0.805940282999	0.245910418434	1.43567021269
-0.992060305966	0.813817774523	-0.574443726018	0.0393204199445
0.125548689419	0.478699967273	0.157714325069	0.176234277511
-0.19106815952	-0.519953285188	0.819575492034	0.38141657642
0.443058487264	0.95589124875	0.650678016731	1.6651758572
0.293634440275	-0.620962170085	-0.586670551106	0.612367859345
0.347134600855	0.581992873394	0.807643060824	1.44486211426
-0.540610902453	0.0755565527128	0.92820915375	1.18311796866
0.809553658143	-0.178505658026	-0.0755722770607	0.530068465064
0.567318955609	-0.170142919091	-0.129178802762	0.2639915159
0.31191469554	-0.844532791177	-0.500223664945	0.5065475918
0.400843218107	0.78398375484	-0.77541553949	0.468285929408
0.814363110569	-0.57988255666	-0.0409178166283	0.216354109086
0.38131036496	0.257690410907	0.50232171967	0.625428219457
0.682923490546	0.018972473283	-0.432750139666	0.658403584537
0.225562564875	0.339422929999	0.71693428403	0.884778280261
0.852725343695	0.127714130823	-0.263517859048	0.871832295594
0.585740425099	0.670297619416	0.854065211163	2.03761752092
0.839341307832	-0.135197197296	0.205119011879	0.605359532156
-0.548538607079	-0.800810569635	-0.85607545202	2.15858956779
-0.743199717041	-0.947778958599	-0.492916718208	1.9668778582
0.832081628302	-0.136528727042	-0.776754115653	1.28815299747
-0.732021420875	-0.0518223614684	0.202283976136	0.604226412965
-0.904884870621	0.797943121408	-0.40603024876	-0.0623585102729
0.147800185265	0.548292523573	0.361899074802	0.432280128672
-0.602069032091	0.57633479581	0.048283117004	0.0456522864964
-0.209050142323	-0.860480662038	0.978415205292	0.33897451722
0.414795021476	-0.411120956013	-0.11761382937	0.0637105068924
0.290803192131	0.289085435306	0.692983888836	0.84919168329
-0.164589006406	0.323111427194	-0.866729599523	0.445078913065
0.157989143108	-0.426701418063	0.84638299133	0.312757723325
0.414892779221	0.0677109923067	0.84074473088	0.964008182539
-0.0810182848238	0.758872861438	-0.386667583358	-0.198838330546
0.280666501875	0.776042940762	-0.998458446228	0.518655582767
0.0157066794874	-0.988493946984	-0.00468124444047	-0.0106299619767
-0.994029085204	-0.292773542557	0.196530944633	1.26020459023
0.748396067794	-0.961002480773	-0.405950274937	0.395801043545
0.316386062438	-0.149835206069	0.97331236847	0.85419487696
-0.636822078377	-0.737209255818	-0.486652323672	1.47060857151
0.911128743717	0.966792276949	-0.906304801556	1.65620773098
0.524683973714	-0.631596090328	-0.690491069381	0.85679430254
-0.838096060881	0.536161006209	-0.320255933778	0.183905699384
0.204857835524	-0.574157341714	-0.249122763987	0.12944391797
-0.398584401804	-0.043949890134	0.554908048925	0.459922061006
0.39097365	0.650895401947	-0.950840360372	0.692543118423
-0.175368068838	0.326641896218	-0.452232611331	0.0302676180809
-0.70614952194	-0.114555486466	0.750411353484	1.05669391113
-0.0118681207577	0.0774151712039	-0.43275686779	0.1529986393
-0.641210970891	-0.165543252491	-0.556425127384	0.919021006584
0.555865383105	-0.948641390083	0.608369642152	-0.425341587116
-0.127779726205	0.159475639873	-0.75224941793	0.441863634337
-0.584069416508	0.194056454406	0.49789494652	0.572313748964
-0.652058703954	-0.0954475180266	0.941118061122	1.28329376017
0.252141332742	0.0763197102857	-0.0809947231106	0.0831972565122
0.273527750432	0.752642232691	-0.138835002018	0.195468038936
-0.329626561519	0.731142613392	0.061024660789	-0.0840086163785
-0.304878012371	0.536640601231	-0.28143713073	-0.142483049924
-0.561460356001	-0.607694641832	0.176998313467	0.580201657567
-0.856504107351	0.170681625487	-0.0937194620095	0.580196920074
-0.634592484599	0.101358501304	-0.0221288980294	0.33663301452
-0.36488107078	-0.975192750698	0.758852302627	0.324797123735
-0.845557530697	0.402659038589	-0.158325861558	0.335811894576
0.586872726974	-0.696533326354	0.708451462621	-0.0559133939296
-0.346496871015	-0.967429289568	0.147995102391	0.333999056952
-0.0906360942589	0.552962446596	-0.733360542158	0.0903933903172
-0.754002286916	-0.813973590718	-0.79432802769	2.45977645004
-0.891820492567	-0.743409597575	-0.407660176316	1.92757701143
-0.840402178484	0.825654399323	-0.93223459178	0.111751807941
0.505712689321	-0.804992949004	-0.387375916714	0.310545157434
0.550250726346	0.808687501144	0.492436844755	1.38847831427
0.725962317344	0.0763222827224	-0.391990362088	0.706167232164
-0.98522558541	-0.908352357321	-0.576489392168	2.72159695477
0.35522885149	-0.7943917652	0.488828312236	-0.305371404448
0.674460637648	0.394166781064	-0.0426495626728	0.705755074596
-0.130356829582	0.601609366919	-0.305475467965	-0.151892628063
0.969562790191	-0.0349530975729	-0.119591008787	0.924644866897
0.159020023682	-0.105422666064	0.271049464867	0.0534161082612
-0.558439116496	-0.0449490957443	0.581558339784	0.649025161224
-0.13025053447	0.26045209325	0.456314621446	0.310112309462
-0.568136287434	0.118564869518	0.443315296352	0.504507908558
-0.23209292203	0.0916493740856	0.323457000225	0.166865016032
-0.836973731307	0.540178671363	0.969426244904	1.71186029402
0.407837773816	-0.71585579949	-0.556988659937	0.583338543879
0.324560565128	-0.690203634818	0.588534939435	-0.178508900814
0.821195749022	0.58016134252	0.403412042364	1.54757383445
-0.538034638793	-0.856861193549	-0.618194476059	1.66237354214
-0.631087335411	0.242915922709	0.508162527827	0.626639986546
-0.106019152915	0.665250313916	-0.672793445253	-0.0542142446522
0.605676975315	-0.524920419282	0.303447931022	-0.0182929817463
0.880387829712	-0.535138460435	0.0558489998721	0.277185505906
0.0692273747283	-0.763444222822	-0.667273284045	0.906620759461
-0.138238482565	0.416006265418	0.392832644228	0.279340130824
-0.534514719214	0.777441650519	0.25486978494	0.133256973071
-0.986895045073	-0.509825284107	-0.948111222509	2.85939184036
0.746680899609	0.994825247122	-0.402883888657	1.06186573996
0.65243266291	0.986532944303	0.41541902324	1.65171221252
-0.107956479389	0.627789152658	-0.96913635905	0.274692683497
-0.0941945379023	0.871170474179	0.520846190801	0.651839688208
0.725202601373	-0.153244110344	-0.0143008779874	0.417181826008
0.614866289635	0.609113214591	-0.0827919520624	0.709008571615
0.336223628945	0.13700108213	-0.401438675206	0.265264806703
-0.936814484284	0.147835919049	0.976784003212	1.83763729746
0.216860676981	-0.478738489659	0.0107798158769	-0.061835508085
-0.0817410200041	-0.617643314695	-0.984821241209	1.63530952183
0.588376060521	0.260088223745	-0.458315443942	0.590066669495
0.445774049803	0.936081571723	-0.557781432744	0.404986583123
-0.941310376001	0.600343678	-0.236155613482	0.2349504349
0.252033855405	-0.974857925643	0.242453455519	-0.359750131821
0.483121729413	0.19133668586	0.281498259184	0.458947729915
-0.15999945266	-0.25484861685	-0.552842444162	0.512901364357
0.0422156825914	-0.114921944367	-0.308081626688	0.127250283796
-0.627067948468	0.27762563143	-0.972087383361	0.894201584131
0.897710464457	0.421111981801	0.962196417094	2.51493509592
-0.964552346488	0.300689658341	0.598413356359	1.17836556634
-0.185763868822	-0.130611112022	-0.444905774722	0.314821826802
-0.367760662019	0.985564156681	0.446637348163	0.412470859964
-0.72961215002	0.534840385962	0.362181242341	0.466992253283
-0.691279755697	-0.172598127282	0.51410268968	0.772749705964
-0.353062102746	-0.322277718492	-0.100384225379	0.280865489187
0.394193643958	-0.381752602796	-0.126274443651	0.069055012
-0.194417328943	0.0864860779318	-0.824261093215	0.629102946175
0.178085782884	-0.433736606998	-0.585056345809	0.550523504948
0.844072134576	-0.615028857995	0.574969065095	0.170295905702
0.124089151194	-0.521296617929	0.966322238078	0.380749015869
-0.625967065303	0.720863973	-0.930498402329	0.135662162745
-0.169300118474	0.41726606806	-0.0687404167938	-0.0659384631738
0.139195679672	-0.356537122671	-0.379727297815	0.249326708989
0.545940752556	0.279259307361	0.569972473396	0.934549080285
0.443794671078	0.987202386805	0.736027068919	1.90341239399
0.457991108455	0.459876630076	-0.814263518494	0.708939577656
0.822391420705	-0.810151293447	-0.932377761048	1.63476151404
-0.584154470249	0.23185064118	-0.850595417423	0.732101327863
-0.857016610856	-0.0748602690393	-0.261639691517	0.886675711219
0.476306469486	0.832613269794	0.466338167839	1.2291975734
-0.813670052341	-0.950654175583	0.971044992885	1.45537818792
-0.351728169914	0.779790898952	-0.535853253133	-0.281276501366
-0.838756256448	-0.344316281002	0.56690533969	1.11849641854
-0.719026396406	0.47490586891	-0.800935747038	0.436658087169
-0.928222038475	-0.512214287673	-0.902487704201	2.61379589573
0.508055690819	0.886080893919	-0.199320966957	0.571413372946
0.12695648852	-0.131000490517	-0.0103632514217	0.000951575706446
0.298354597593	-0.239699688521	-0.876369232654	0.995588425831
0.967008641174	-0.591461863116	-0.894358463799	1.69201296461
-0.153679249351	-0.430319800254	-0.374131524915	0.390719136571
0.352474768352	0.189706642929	0.822702872605	1.02401748403
-0.928316715805	-0.152452364003	-0.111957292769	1.03289859207
0.740958606228	0.421996012302	0.778426959751	1.7961428378
-0.491021327404	0.192419597458	-0.829132557717	0.674539263074
-0.088856087522	0.614229443602	-0.0357618916699	-0.0673697148363
0.317307656345	0.256889251643	0.281949757049	0.334122602744
0.353266317613	0.505393148246	0.69512078912	1.13783766308
-0.771679301569	-0.522791121441	0.971720903998	1.43515048607
0.168960607505	0.632773738534	-0.683870585212	0.170405152604
-0.411718326889	0.965973389832	0.981903851526	1.6844311984
0.568007918794	0.11298295329	0.16100441712	0.430921384841
0.779131931721	-0.549596218026	-0.443238375065	0.61890099576
-0.728182461221	-0.85234437326	-0.236927622251	1.40899054424
-0.238586864626	-0.87237211725	0.101955080367	0.186512289302
-0.680262844474	0.644438429378	0.024059080778	0.0404534541118
-0.210147799583	-0.806770523585	-0.293198086701	0.536211839937
0.770459313372	-0.506638624109	-0.0674457838808	0.241982680013
0.321243934906	-0.313674647683	0.102678742658	-0.0192332066222
-0.671099806641	-0.264305925582	-0.734787820071	1.36187252144
0.590391931034	-0.363564034369	0.569339252029	0.251073268433
0.21407464725	0.786613021679	-0.873221013736	0.289849778355
0.789782861348	0.58262004987	-0.987363549807	1.483529277
-0.595359615248	-0.323990812899	0.659474930167	0.768587481987
0.712674864931	-0.448706641223	0.461139642264	0.193856867829
0.216866062452	0.737958561393	-0.379275012187	0.071029349009
0.936071435048	0.437468096032	0.918199190376	2.53050372475
0.975172574163	0.498772897502	-0.783098880326	1.66000655858
0.0530679260139	-0.80724788963	-0.970968618689	1.6865696603
-0.983687057525	-0.746591079422	0.520293620641	1.58431108506
0.0768353279648	0.226894101864	0.782677129107	0.813505463039
-0.171871690672	-0.0417607849187	0.967107052769	0.931626276653
0.8523943141	-0.0160870849707	-0.400177693772	0.879443406107
0.342826578321	0.942544152445	0.473175364736	1.11054284841
0.678663986968	0.166178500014	-0.272587174812	0.602369810614
0.996437587516	-0.405674486691	0.294301033268	0.555881236559
-0.816556292988	0.693413462325	0.00542893958757	0.104347026495
-0.863076024282	0.507820702678	0.652676461937	1.06404153406
0.426197609803	-0.830186663015	0.4920458457	-0.338559953287
0.119882178903	0.162964650355	-0.791119214284	0.530853439252
0.727641177744	-0.591871952517	-0.822245190771	1.2615422992
-0.242416210312	0.09160880559	0.139201713115	0.0686873791484
-0.110540393283	-0.189883242219	-0.108624553198	0.0656342227234
-0.378955087826	0.352423577226	0.0305182731276	0.0217409749107
-0.188077212892	-0.504750056209	0.358000227967	0.0777685498237
0.464917095688	0.41261079521	0.215717771945	0.543519356977
0.796657510715	0.34950819333	0.190189688512	1.01574648869
0.474174708678	0.0105489802191	-0.187769193885	0.263120210632
-0.539982740775	-0.906323851856	0.859644927587	0.740853297417
0.990621198572	0.339377466904	-0.335386378893	1.31618631554
-0.826478777046	0.836350443012	0.466241963946	0.599164519626
-0.0171605225603	-0.984767279743	-0.408138138119	0.585691428477
0.550692115764	0.961605413706	0.331871458821	1.2620783828
0.636290652287	-0.010245031939	-0.822180885688	1.08275165436
-0.937907829959	0.946224687076	0.884565232083	1.61165266433
0.810774883542	0.729041238337	0.558039951266	1.96668696121
0.886044785988	-0.599037539244	0.25372973771	0.166686416606
0.570788179673	0.369186678437	0.301462601529	0.738702214852
0.552290705894	-0.646887185402	0.100270310432	-0.107054200183
0.771813216087	-0.558881561481	-0.140228553249	0.262378665098
0.462554495409	0.256586553399	0.503830207028	0.715762858792
-0.20830267315	-0.7165259001	-0.52358611203	0.841949690926
0.24460077079	0.564940280472	-0.622991479055	0.234179767191
-0.153093514126	-0.965803535821	-0.637089180888	1.19248148926
-0.495552274455	-0.823786759511	-0.752972427789	1.84105765236
0.56820352002	0.789851640211	0.340617744699	1.15670965476
-0.42074844369	0.0576107702853	0.649166460163	0.611605683745
-0.369730826544	0.207277696571	-0.720388838246	0.429703469262
0.0925484900846	0.138180196913	-0.84014500703	0.611105821932
0.933425673485	0.876388916816	-0.311719780691	1.51330886356
0.0214915439023	0.744185188018	0.907161572465	1.51449389902
0.532190583035	-0.0358742624984	0.119205479904	0.274068409758
0.59840842274	-0.4467849316	0.0546504203672	0.0693024583037
-0.25289710736	0.441908623266	-0.0715368356903	-0.0742956913423
0.694229851903	0.541537959482	0.226191992994	1.03156127272
0.416360653784	0.0975837870834	-0.978856422383	1.07662562234
-0.465699093596	-0.287630063187	-0.226568516387	0.467325914795
-0.342727772216	0.020800630972	-0.0518086009339	0.111939851476
-0.894194335349	-0.13989323955	-0.861960039617	1.78823274393
0.411202415407	-0.796128313099	-0.0935548432587	-0.0750482906408
-0.149869998133	0.920620303284	0.187117132524	0.0917643057835
-0.314085839113	-0.000948172982088	-0.162403948987	0.125476751721
0.763830416923	-0.955679565623	-0.075566730408	-0.0686123044013
-0.944871258075	0.643972459729	0.277960662801	0.540571767944
0.388987394156	0.610779634206	-0.034765617994	0.368871287878
-0.752636982712	-0.177943625998	0.362071203683	0.767056675193
0.934924134369	0.0516311245963	0.841083728956	1.67320225942
