0.652428181656	0.186656830377	0.785227681808	1.31059333114
-0.0860144998108	-0.526269550322	-0.903798205344	1.34515797741
0.261761721961	-0.00231243996286	-0.618468199113	0.451846974711
-0.105785931842	-0.49800611979	0.954929354294	0.500202114108
-0.703330645578	-0.432165008815	-0.979523109198	2.18141002623
0.53459120331	0.772240039196	0.925100669402	2.26883151218
-0.056264168796	0.922236897538	0.796828777182	1.3210777637
-0.779811056224	0.7683026604	0.696710324564	1.02966404655
-0.23198831658	0.725628370894	0.746389374813	0.984179679736
0.472598403459	0.553896960521	0.366176455838	0.822029292889
-0.527424767181	-0.860547352386	-0.401291372381	1.2384158656
-0.835994394739	0.312958927494	0.715292626287	1.17275547325
-0.82568331179	-0.00480419276507	-0.960572496908	1.61303397042
0.990666226031	0.768328332503	-0.86068349576	1.82206506568
0.11134561262	-0.0870031061278	0.273814743288	0.0538622117701
-0.991818732733	-0.0770616894062	0.300301458659	1.12717485407
-0.19529776765	-0.0957101905387	0.98620598092	0.935045479061
-0.673289125858	0.0847887703444	-0.952651468107	1.22300156307
0.902090323028	-0.310874152073	-0.653372842529	1.1633431864
-0.0444252979838	-0.545184003613	-0.126298580178	0.111000865865
-0.940553273517	0.698722783421	0.476334046969	0.787174034534
-0.196554805243	-0.796365187794	-0.377016378877	0.637547265161
-0.820819770394	0.559625875451	0.381383509302	0.573278574318
-0.428928163266	-0.115031732692	0.853572864173	0.863718387972
0.561223121948	0.276476410343	-0.899030008316	1.02983071313
-0.15025156927	-0.648678591263	0.344594324039	0.0152547978419
0.00581918545034	0.196680205738	0.473462706745	0.318466058761
-0.492928376156	-0.725155407785	-0.561879149661	1.32358594436
-0.162477990869	-0.225636509576	-0.966625961829	1.21553192243
0.69065497923	-0.674488547575	0.561577000845	-0.0522431012549
0.947034318432	0.23941593055	-0.4555542756	1.22207185011
0.180130204946	-0.139339412238	0.552056581493	0.235190883432
0.323343033093	0.136213772067	0.28087304636	0.265742936547
-0.034406712673	-0.929511258495	-0.88839730829	1.64819032612
0.429778370888	0.829179193231	-0.0266495561286	0.519685672315
0.485697703816	-0.153552252451	-0.378720841929	0.362905197501
-0.42922440968	0.522632719084	0.882125969512	1.19908099364
0.115833681	0.64337873712	-0.74147580623	0.160678972459
-0.747698484002	-0.977720970408	-0.246228044156	1.59146408233
0.425777803178	0.277330669755	0.191638727756	0.389240679697
-0.30918862977	0.380270882193	0.740980912682	0.808848354085
-0.753815432009	-0.950163041849	0.882245914689	1.22456566143
0.434726287009	0.963202330609	0.441137798815	1.22722383092
0.294290119976	0.223832455767	-0.391175042346	0.217938598369
-0.937148966095	-0.963917519497	0.825328322593	1.66720090204
0.178212476129	0.138739256922	-0.179559000271	0.0638143054672
-0.333147699406	-0.59515449368	-0.213314648458	0.481720050825
0.453906195763	0.0550541946184	0.68828325556	0.742646994781
-0.574086596171	0.592340462839	0.603877206636	0.711889284589
-0.778810016737	-0.8849690436	0.00497479235206	1.29139000916
-0.417562423052	-0.920168868162	-0.528017261067	1.32325359282
0.583896774471	-0.296466348285	0.0799299071259	0.150521961103
-0.119188647842	0.172120451934	-0.0522420547323	-0.0125715639454
0.142967206244	-0.157436796876	-0.492365214409	0.317871229662
-0.880741387553	0.0059861719024	-0.771800129599	1.3614884342
0.065456762197	0.477424598093	0.745512861906	0.947250861838
-0.269839895526	-0.316484421113	-0.0160704761176	0.16355800788
-0.78819351129	-0.577257653742	0.927063265023	1.40053168038
0.711635966651	0.5755152602	0.754203726884	1.91886212331
-0.753914758539	-0.393383158979	-0.491690661651	1.30014736493
0.551895064051	-0.457743599487	0.298115986281	0.00437418521751
-0.805914482464	-0.403976452887	0.660004805226	1.14404856982
-0.863707353256	0.115125738888	-0.956033316502	1.45049110514
0.407354103578	-0.583572729731	-0.930778416678	1.33774198186
-0.753244429627	-0.577610737182	0.605974857176	1.0196471846
0.635553875577	0.00286948991239	0.252494999646	0.470230700897
-0.052452562894	0.750942640904	-0.933539983797	0.133824325778
-0.742734301772	-0.951780231378	0.985290597414	1.29159151719
0.428596963628	-0.146927548955	-0.162313009084	0.170916421382
0.94337082254	0.762447569981	0.831791335001	2.93529340714
0.645047711736	-0.45469507289	0.361047937118	0.0889754289225
-0.436883175471	-0.328188910622	0.744646918027	0.644361294138
0.605043429866	-0.931179230799	-0.231069436576	0.0712338211324
0.226957074715	0.731570867355	-0.382094758461	0.0840117083489
-0.785900397256	-0.434879414629	-0.231306702606	1.11350465322
0.169357107689	0.0643426774654	0.640293332374	0.490752458532
0.0734401989058	-0.1667882063	0.694429564602	0.359554262481
-0.213804896168	0.299464502413	0.825447798199	0.910241938489
0.199762771284	0.897384825061	0.375580573905	0.697270319459
0.548840319829	-0.795726181902	0.391152106653	-0.293750917332
-0.977706412956	-0.47674434484	-0.118374311265	1.49247259426
0.249228515894	-0.438445876844	-0.194051511113	0.0755787118569
-0.527682579001	-0.780665650767	-0.994455757138	2.45567227182
0.926350610291	0.571701216872	0.762266888957	2.40456094234
0.5253630749	-0.793385464866	0.821672138651	-0.11756669519
0.0397320261115	-0.787392216574	0.230814547851	-0.15817227716
-0.18734353009	0.504397043391	0.35567824333	0.246512142704
-0.407580855504	-0.714980037298	-0.963461361969	2.07464776557
-0.584706754262	0.262326288112	-0.85068747916	0.689009534448
-0.748599315372	0.214325173339	-0.325614448089	0.436194652723
0.500720807238	-0.358288477624	-0.138299119533	0.139996458519
-0.979677281532	-0.180344473512	-0.200884067998	1.21302969976
-0.50613614172	0.324500796077	0.721266663789	0.84620941992
-0.437279322118	0.811026872941	-0.137361522864	-0.255967774054
0.139906726461	0.031095519039	-0.757801318413	0.574622977249
0.374149951138	-0.126199795522	-0.631019619564	0.570590845842
0.951783080337	-0.33714178061	0.635273364092	0.774400243537
-0.190522059169	0.360142381488	0.669303956693	0.656696094262
0.185259237513	-0.732546368682	-0.183470478258	0.06667205238
0.197616175336	-0.37391801184	-0.919763693468	1.15504136881
0.988183140308	-0.492911360549	0.571210816999	0.534144719117
-0.118205252022	0.667805348428	-0.897408949614	0.141082708661
0.540242044429	-0.441076272989	0.364758239474	0.0257358875551
0.478999605074	0.92094503506	0.517560554834	1.41508668099
-0.734524924078	-0.196137537988	-0.809067935299	1.49687429111
0.775070504441	0.0107417365923	0.91863618698	1.46282008203
-0.663219826054	0.158687199869	-0.19738047086	0.342253336625
-0.720178596672	-0.263111669114	0.125803419073	0.690870756412
-0.741087912441	-0.967201427216	0.755797746751	1.10621415522
-0.116220923524	0.9755433595	0.417617671797	0.481937419215
-0.0431137329585	0.016507163125	-0.507811893785	0.250637494249
-0.537354194982	-0.376928872617	-0.853905066874	1.54230917919
-0.997727871404	0.142088704385	0.756397349636	1.53330751475
0.781624375925	0.630039862151	0.876437525795	2.42372449366
-0.396858963235	0.837888345158	-0.475258097231	-0.347369424895
-0.283993307706	-0.996820602033	0.8911087624	0.269541832197
0.230399540221	0.522750019853	-0.664051034347	0.267356397187
0.13357764474	0.847913413096	-0.868859983964	0.149304901068
-0.902986916358	0.713461601088	-0.813327018571	0.252362122267
-0.408422519725	-0.847215057502	-0.676403453374	1.54341148553
-0.316574543763	0.0186931947234	0.634586380331	0.508863973045
0.148165700439	-0.439187893696	-0.699792559287	0.753930539063
-0.592433446069	0.614191803257	0.244290029189	0.196828173376
0.609036656611	0.896275017891	0.18327173802	1.11464039963
-0.276911523023	-0.188654918241	0.783997076386	0.595667223754
-0.0760858565434	-0.937854795426	0.0280268465048	0.051646934719
0.683117969024	0.380032278336	0.371559864474	1.00551851247
-0.662874509258	0.407199800742	0.317582460917	0.399658381224
-0.991937376873	0.919840211714	-0.591611594529	-0.122667982696
0.770643241569	0.153073422643	-0.33628679658	0.773468243011
0.229856149668	-0.278849701177	-0.590605798071	0.502243989913
-0.427452439305	-0.839456269492	0.104630759177	0.464657866945
-0.699742946498	0.28492357385	-0.813373450569	0.720094029761
0.409677231696	0.938428125112	0.809420860051	1.96703349942
-0.526300696382	-0.686603825104	0.736812492203	0.675346867439
-0.139189040845	-0.866284521764	-0.9871285592	1.96950788499
-0.978736361044	0.811785933552	-0.95697583953	0.302343686043
-0.822822283746	0.76092445236	-0.00945431714877	0.043826277994
0.257186640663	0.414606674618	0.940126181278	1.44639609244
0.912551846169	-0.936958376649	0.175841134948	-0.156107944058
-0.671897705489	-0.154851103737	-0.449279315219	0.826913928867
0.314800845673	-0.723250738448	0.0705495117992	-0.174628124551
-0.540427481761	0.701611814438	0.825650504664	1.17387646151
-0.13322461538	0.956094953647	0.231682666866	0.16556090244
0.152470747135	0.634821132378	0.779045819479	1.22150611923
0.774654085641	0.943732942727	-0.0842227528128	1.25876521797
0.452603435614	0.736613756586	-0.843258975535	0.628173324957
0.193531473072	0.91137465541	0.0460446762733	0.257918173837
0.368231314496	0.16610443433	-0.150511324728	0.19441221559
-0.543424479666	-0.80065063924	0.0275975486491	0.709068951848
-0.397194177886	0.831875217279	-0.348137043242	-0.341059955697
-0.185593987306	0.85123544315	0.820062959872	1.24703086331
-0.709597124227	0.133273249084	-0.344818022208	0.481902214702
0.197019034147	0.545013762456	-0.581078429798	0.167150985162
0.410103318178	-0.969707680424	0.307198897304	-0.433017573452
0.79626384434	0.50104674431	-0.707973382748	1.17950006882
0.0400411233499	-0.99898450473	0.407597001639	-0.279444943286
-0.949851730964	0.166466072687	-0.880213188567	1.37234984823
0.903154404918	0.928415310729	-0.794083700055	1.54751971416
-0.0205424320954	0.628268728519	-0.312814781336	-0.111162833686
-0.0922202374318	-0.685537131888	-0.140888654264	0.188158986123
-0.37016791893	-0.810454422849	-0.613788610189	1.31121266712
-0.045968087673	0.983097806177	-0.576585394005	-0.277467180401
0.424379625663	-0.579404141339	-0.945159393901	1.375166301
-0.178451194386	0.977187168354	0.524183794067	0.64445893883
-0.152421199	0.945915124668	0.751679374027	1.15510147458
-0.301961109306	0.105225649152	0.802065415358	0.787113242294
-0.196180846006	-0.952718726958	0.963037417828	0.235329375611
0.165045039567	0.127371833187	0.868643120995	0.913443492693
-0.420277672531	0.567061176589	0.530723035893	0.520929540552
0.335772481811	-0.354612113452	-0.0272993306699	0.00410009692738
0.790241005337	-0.578188221232	0.0160181576132	0.158567876611
-0.71673736891	-0.266107560815	-0.81254445857	1.58089441005
0.508647822038	0.379293894465	0.761419372484	1.3202108001
-0.0735815327109	-0.967937591633	0.750050139345	-0.0867899404327
-0.69617348647	-0.30010355897	0.138252533435	0.671205349894
0.78955665101	0.646332800482	-0.872331075411	1.33086138475
0.584562280876	0.162002031919	0.694961713635	1.03197033064
-0.513266536003	0.433747844346	-0.802610608524	0.336867451033
-0.605702107559	0.312704574697	0.645955861834	0.79672155165
-0.526422916733	-0.412412158533	-0.275953271642	0.684180991195
-0.736366922384	0.204874162079	-0.289361793209	0.415821180623
-0.798760404315	0.498150330729	0.479026764959	0.708209406858
-0.472765176764	0.352778284574	-0.982758011721	0.675843248371
-0.0963908796992	-0.175700508575	0.984753854034	0.822945528334
0.887386394105	-0.0327739175283	0.0211715225452	0.758125843579
0.324041015769	0.751226278756	-0.379958764246	0.207364360323
-0.465092905987	-0.160128346593	0.288951301592	0.328009529769
0.188693017131	-0.949038035597	-0.460305439073	0.505256671318
0.101315880571	0.152115284598	-0.902064983336	0.702179964159
0.333819480993	-0.663783500384	0.349388697568	-0.219994408378
0.386986582682	-0.537689860224	-0.0591209171016	-0.0230361458833
0.694289848157	-0.5966572803	-0.145192475161	0.175496302905
0.98589742625	0.805841371164	-0.818945571797	1.77720229596
0.50652523766	-0.464988020231	0.300385223273	-0.0284045989856
0.327127191446	-0.552266978609	-0.0831572821725	-0.0208091917043
0.667474278569	-0.382319651663	0.326852873726	0.172203903109
0.893790459651	0.992087161451	-0.984785529311	1.67838888414
0.775903598286	-0.926238533899	-0.561832286665	0.719400814346
-0.454762561204	0.111359977315	-0.634970895393	0.488644332064
0.193334536507	-0.573385959876	-0.710278187222	0.838281577616
0.0439292189361	0.992533031124	0.464132838691	0.721617442283
-0.900823627919	-0.867747965451	-0.709052536424	2.71120547426
-0.936267703678	-0.987565266922	0.901957050259	1.72400774306
-0.61611670729	0.543225613818	0.16901659546	0.165290173855
-0.647812936802	-0.782367406824	-0.720159090577	2.0085474445
0.799538759782	-0.212235124755	-0.396518926248	0.710954522618
-0.587775433818	-0.0596950682382	-0.23699368644	0.450880616928
0.144138839239	-0.747264399864	0.229111940689	-0.205648733718
0.271994013319	-0.837244997509	0.495957669739	-0.323008951514
0.293905092887	0.960487655386	-0.63221138235	0.161132420829
-0.164837870565	-0.163626164529	-0.390758930486	0.270774238908
-0.00401754830261	0.982063854137	-0.794188397148	-0.153137856325
-0.316712957186	-0.164541314901	0.507809097468	0.326733966526
-0.772922812789	-0.120524165429	0.623763220129	1.00446756474
0.71008914168	-0.847229036118	-0.7995977893	1.21941753903
-0.631482704746	0.12248276367	0.371807693806	0.50520565457
-0.675277416632	-0.270834047736	-0.132522080772	0.692341298946
-0.367424717954	-0.468963502605	-0.318269025836	0.557861435971
0.315378707975	-0.104758408902	-0.717643104487	0.656615932998
-0.820553476579	-0.237676841382	-0.663874666687	1.46685177334
0.688333899276	0.0969399560866	-0.105875071965	0.541476620897
0.0166404991511	0.778609332206	-0.184467821272	-0.0963666359056
-0.689476070119	0.118326371964	-0.149877338848	0.398522824288
0.375579925819	0.683176996377	0.389283697694	0.815139310919
-0.328534818452	0.420239749601	-0.271863137667	-0.0704663941827
0.846660956703	-0.179757310268	0.153252929354	0.560579405304
0.452240933036	-0.729906415132	-0.370006763565	0.281403618758
0.0237426605702	0.536319056591	0.585028019622	0.669316814554
0.382268171875	0.93709485542	-0.721941574335	0.349022394013
0.866191495497	0.726419353902	-0.522744813828	1.27303616385
-0.443785047257	-0.103606826351	-0.755152300357	0.891418258484
-0.476594359716	-0.901588481787	0.291872783005	0.478874751072
0.175730058497	-0.870418736151	0.276181617078	-0.286195050434
0.661900203591	0.196573624994	-0.920013861846	1.23379904804
0.892505268354	-0.205905653571	-0.357189921075	0.813925837309
-0.44792629433	0.729128526298	0.107761685086	-0.0357731743124
-0.504218840131	0.209511367655	0.00345709038377	0.149333311158
-0.596387278061	0.558498381197	-0.943784737028	0.386223838088
-0.816389865065	-0.406466059952	0.102315850277	0.967207796303
-0.179799765295	-0.342447057751	0.0155538906338	0.0888153956397
-0.611941186964	0.187039065305	-0.439706487336	0.371114613277
0.754773362775	0.789632081174	-0.576635561848	1.04285472282
0.939460679694	0.165911659819	0.16504479513	1.0930764897
-0.885042197882	-0.315309219902	-0.376009006093	1.32230353608
0.739850368448	-0.827360265781	0.0172536249015	-0.0787215058971
-0.718098759047	0.580588385418	-0.204319487623	0.0218669602536
-0.619871511473	-0.29046830012	-0.845222247872	1.52420463283
-0.23442768877	-0.523166851656	0.556202176194	0.195975456536
-0.564437328847	0.343528078604	0.932001669588	1.31348528205
0.902683621791	-0.484862158872	-0.110723339472	0.443105806728
0.688039152954	0.471913215405	-0.234759588408	0.742418557129
0.596886140215	-0.982279733709	-0.824062125906	1.25850181846
-0.0164785726532	0.249031130434	-0.797804979846	0.43398237565
-0.0474745899825	0.327879639249	-0.933908889526	0.552663989404
-0.128547530088	0.64257914613	-0.671786177205	-0.0464566148757
0.528741924653	0.827340421702	-0.908880354043	0.791127632374
0.593370552859	-0.100466590022	0.281831948054	0.343589249099
-0.522058775843	-0.488389105754	0.966835579428	0.99009225772
-0.425654491186	-0.517314386239	0.148193944754	0.346677523412
0.21718659105	0.674116864634	-0.974870837038	0.486775435951
0.430800824835	0.803425347167	0.350442850338	0.936070512979
0.497945736112	0.786593124507	-0.341271658204	0.487655053276
-0.158219605382	-0.190673459755	0.563865261659	0.265631616116
0.237857238037	-0.789109781289	0.279500047849	-0.27355535228
-0.299036708515	0.810943842239	-0.677749284778	-0.24335154039
-0.885644681911	0.7919068806	-0.192197401735	-0.0322442184087
-0.0910479785243	0.430385326062	0.420209576221	0.326532143893
-0.916412094657	0.0983521394461	0.306079608465	0.873468348161
0.121734732534	-0.502189501145	-0.147295146557	0.0493513768719
0.50865657392	-0.472784770801	0.822734702187	0.306162381055
-0.0470009029718	0.489423653402	0.657612734235	0.733511466375
-0.882756703377	0.0933885473708	0.301951446024	0.816193513823
-0.0354594784689	0.61883602593	-0.631343745848	-0.0127895573785
0.0696597196258	0.839398341451	0.290700981976	0.391845712709
-0.0410030361728	0.444584239254	-0.381802545352	-0.0405182652017
0.2522243613	-0.396628126587	0.483167279952	0.00539073987167
-0.529370530368	0.423222984304	-0.898873674511	0.483741266447
-0.183837699675	-0.279452582855	-0.52697018371	0.510130973267
0.102879414121	0.0736834830595	-0.554081139997	0.284343968826
0.0412417467951	0.0483642610037	-0.436583447732	0.173185579302
-0.305919499791	0.564715481518	-0.0705177389352	-0.114020444672
0.0309371640572	-0.18517576327	0.384122939658	0.0716484693831
0.313173818934	-0.905319974885	0.814756088248	-0.259232151039
0.558661136089	0.547281107498	0.0729799671652	0.663113583113
-0.454052686445	0.341159449731	0.551468439319	0.543515586278
0.30821869717	-0.292925381843	0.911672040094	0.568807713955
0.937686288739	-0.313671979553	0.527587892597	0.697989107457
0.905360395206	-0.473860624048	0.0037880106301	0.38888216329
0.616756592143	0.443891085342	0.954348010915	1.98856814733
-0.969766168797	-0.924808081262	-0.517831932777	2.58433907875
0.503348982732	0.950058181224	-0.441770598667	0.507024507831
-0.122226234214	0.0928598038221	-0.408463777494	0.132502139477
0.336687236204	0.264303398088	0.470253356855	0.547773655457
-0.661724219341	-0.0279843026677	-0.341408946567	0.582510993389
-0.772751297393	0.217748231835	0.409375526264	0.685608457471
0.0875964507583	-0.640408098367	-0.945363632516	1.45070658558
-0.935527414168	-0.384395287939	-0.926885850282	2.45023180516
0.911485738052	-0.589498292768	0.192793069795	0.217004946468
0.717415968453	0.714185281301	0.867026507023	2.39800613072
-0.118722058379	0.814736737667	0.643307146964	0.855337756184
-0.120532520661	-0.718806264053	-0.0244585848955	0.119346825818
0.667225201096	0.617267302959	-0.0215460241088	0.844210344288
-0.0391439101198	0.899340411855	0.18125692457	0.162194295349
-0.101560386304	-0.912966520517	0.452464952075	-0.105325075522
0.352347635175	0.828399277146	-0.75894118175	0.363318773295
-0.315656667102	-0.104705862085	-0.736668247373	0.752503825538
-0.446476939011	0.666383031735	0.650563856125	0.758575046528
-0.731394123963	0.925479226858	-0.467443313159	-0.356058528851
-0.749164446606	-0.237519604577	-0.827357364657	1.62022241413
-0.112441692765	0.0746873954259	0.32505680191	0.13418472747
0.641508613931	0.248876813805	-0.63921916465	0.820704233046
0.984654740902	-0.238453233034	-0.616426706871	1.26172167852
-0.0432015876021	0.233074516396	-0.170425802001	-0.0188797693617
-0.0612532854597	0.547263427703	0.0684475454144	0.0123741868154
-0.789530060305	-0.930851257898	-0.967893401006	3.19607519146
-0.101513873509	-0.610888960645	0.75854160547	0.184319445451
0.535639442078	0.439308338464	-0.458601623381	0.531068417008
0.254405607256	0.113828334146	-0.925873155204	0.845531280115
0.730580035111	0.788251581207	0.507157932454	1.76660526621
0.887791046988	-0.657798222256	0.42268144669	0.104806071832
0.973682968392	-0.649500539914	0.434366922301	0.222203981895
-0.552650496944	-0.103561995066	0.589796469667	0.649435536361
0.485271084453	-0.934557818792	0.551600998167	-0.429265225315
0.637564595263	-0.758114744303	-0.918348175964	1.46271815792
0.0106170551639	0.11013858006	-0.587686442791	0.281930473951
0.726747355872	0.209152958439	-0.190094267823	0.676540130946
0.932495055113	0.290305829408	0.126770029827	1.19312849732
-0.361019921526	0.293137800343	0.146986438466	0.0891990924074
-0.0655202620509	-0.645633821499	0.510757099403	-0.0222942414417
0.790161660638	0.456884783814	-0.00867606131817	0.981479603082
-0.182498721366	0.0823291037298	0.822160659337	0.761916727105
-0.836480364077	0.923879096497	0.616451696803	0.876432207653
-0.0649433121879	-0.463007286608	-0.0971399044016	0.0886995051428
-0.379010849274	0.775545888894	-0.776847206729	-0.149280157008
-0.236040070637	-0.671254214376	0.501802666331	0.1291265685
0.785773697167	0.349389796061	-0.597906019879	1.04057096122
0.789033787193	-0.454960051105	0.463746477885	0.26767013966
-0.875106388106	0.831773593005	-0.296104800878	-0.120693295223
0.815857133249	-0.20066076751	-0.484540043908	0.833919574588
-0.396165147847	-0.0846458920621	-0.651184620148	0.669642089299
0.522225064048	0.756749639498	0.730364476688	1.75404796972
0.156524648563	-0.781655076881	-0.162291354558	0.0553460243897
-0.32164577124	0.508097857662	0.263069539025	0.142899126421
-0.472057945253	-0.459911522883	-0.567356461763	1.02277072122
-0.0937657511977	-0.477211960667	-0.595312372122	0.692025158782
-0.498757439536	-0.939087365397	0.161016961817	0.591853260894
0.747500672372	-0.0720008305928	-0.774900832843	1.16120139025
-0.438509931198	-0.26960348367	0.115437731644	0.292718220123
0.301727283523	0.691914522641	-0.103144992591	0.239080214154
0.24097377873	0.959589062984	0.57966698683	1.18156008093
0.253293432523	0.820329945676	0.0689136985024	0.333222819091
-0.970377410443	-0.351999836678	-0.672831535225	1.972743874
-0.846960460537	-0.556315758876	-0.476665216923	1.68090557396
0.994044156512	0.539964914354	0.506569180453	2.05501467165
0.40235429697	0.101404414397	-0.594222958016	0.495533574909
-0.727887429867	0.966215752195	-0.789696341914	-0.312872922579
0.311349920033	0.98644661483	0.0733363227539	0.481789430909
0.830900591487	0.39005829573	-0.54870883024	1.10154841078
0.0252555514278	-0.171268016811	-0.401108351352	0.225897316058
0.608049918825	0.194836450974	-0.743860732583	0.896592596305
0.992569708508	-0.291451382486	0.432845601429	0.757110678226
0.992210255764	0.23821012628	-0.327817044536	1.25021039708
-0.386413113339	0.45642244309	-0.425966666842	-0.0400256685666
-0.363455567856	-0.648825205151	0.265090839673	0.266194618027
-0.0588485560549	-0.55126987558	0.38802975397	-0.0274374355022
0.14238834109	0.434822715397	0.569375607739	0.653954155319
-0.789286944627	-0.139465562089	-0.894916476829	1.6587377583
-0.130357887763	-0.755639706819	0.179840461317	0.0119447730552
-0.816718509478	-0.454545577439	0.15565531229	0.991741052657
0.678043466536	-0.826472781572	0.516482896737	-0.260746000982
0.496213436522	-0.896788983491	-0.178420668538	-0.00693134381467
-0.973441946245	-0.0495797659431	0.564965541622	1.28702745046
0.601331691877	-0.335098115665	0.511187443249	0.25010933997
0.965710328105	-0.0759184079962	-0.122472362037	0.883578633326
0.303451379391	-0.663715103689	-0.0365375857709	-0.0837369813805
-0.134750226144	0.850129680213	-0.308284701258	-0.26344006068
-0.465973914891	0.329713866173	0.757591546837	0.887227018071
-0.474664243576	0.64048833753	-0.198532847019	-0.166453449911
0.225584614356	0.840098754013	0.519462990113	0.946643780527
-0.365577854671	-0.531928199943	-0.628387401609	1.05723604391
0.714479057153	-0.761243138322	0.28836978112	-0.169774343136
0.523940158449	0.0463577703077	0.194896563709	0.345821627836
-0.734079268589	-0.49860925374	0.482759528677	0.897239483068
-0.133669953314	0.522596838033	-0.603984907736	-0.00283067275252
0.240295947932	-0.717016750754	-0.372785631407	0.291708591929
0.0109886107251	0.552244676922	0.517751774941	0.560181713478
0.794847836045	0.502902203255	0.752203425916	1.97560856461
-0.449638085768	-0.0707363105443	-0.223895754901	0.299947016151
0.503027402555	-0.0418566426249	0.449247658402	0.415000989393
0.137679655614	0.624957537255	-0.322031277306	0.00744789565174
0.917802958578	-0.213356584888	-0.0357714182605	0.655454627933
-0.244145412472	0.475362251236	0.104926892364	0.00443740603985
0.9265615174	0.60034189745	0.82864417686	2.59889093427
-0.78594690729	0.120024491305	0.0416808239415	0.530119674113
0.351610855058	0.686274103056	0.865927142646	1.70902480708
0.640527515472	-0.783183717072	0.593126194168	-0.204103317611
-0.412129341568	-0.879573236512	0.380079680021	0.342501181883
0.887719467306	0.286865971332	-0.5390438133	1.17863726546
-0.859129480342	0.451169094857	-0.172635748474	0.302405981254
0.773988951912	-0.0184442665122	0.0120251803224	0.584706048507
0.625957706643	0.619084544686	0.71589546022	1.73504991731
0.144173439875	-0.966988610705	-0.458594373229	0.535136241444
-0.640562702108	0.145553871262	-0.901544512426	0.998643408241
-0.391696022138	0.138859068583	0.72217705059	0.720855753952
-0.487757973103	0.580056081194	0.544623880428	0.567508426814
0.815222045108	0.596501379815	-0.234812272539	1.06593901636
0.925369499953	-0.572528065803	-0.72709032162	1.27144865278
0.108886441466	0.904434878535	-0.479197659011	-0.0934357275234
0.873848458391	0.846608165222	0.477465001129	2.13561696414
-0.338398378641	0.922723715693	0.92789730223	1.51945150332
0.300159993885	0.45475931454	0.599295522449	0.858286919224
-0.407251746466	0.33340292482	-0.0757300636709	0.0105614794087
-0.769797245775	-0.682217204568	-0.63240029984	1.94912122866
0.128687279771	0.881253675704	-0.0491695570352	0.0890533467579
-0.391628365358	0.453802587107	-0.363413850051	-0.0571977077655
0.789010420604	-0.763265368673	-0.942028356139	1.62674815857
-0.184401505757	-0.339209610978	0.939730096205	0.660881851712
0.641580501804	0.0477452893392	0.909557049841	1.31297907842
-0.82551639805	0.20590153654	0.620930990343	1.02490816842
-0.383786222185	0.29315086887	0.861524744495	1.02956621262
-0.784937136941	-0.311821803733	0.301969412776	0.857911702095
0.93959671705	-0.331128121544	-0.897119545636	1.67360008388
-0.798908327203	0.017029232364	0.631117245686	1.03370613976
-0.51367714836	-0.0570353475436	-0.636749399202	0.734928988094
-0.0412960763622	-0.709249632402	0.380179714676	-0.0941111145272
-0.395900460145	-0.300932087513	0.794682348813	0.668250943638
0.720497994504	-0.457418138151	-0.327761323878	0.446899968853
0.825742962889	-0.569252371053	0.855537201481	0.456722623908
0.526297085807	-0.916204430336	0.0140004939639	-0.217838399926
-0.760745681392	0.3339788179	0.10089909819	0.368539837918
0.640093649827	-0.158645647213	-0.0013115107428	0.308381594726
-0.699613020249	-0.102465947422	-0.093809717749	0.579557453801
-0.402600874137	0.0881799440962	-0.558356414713	0.389112189697
0.507602145071	-0.513334168429	0.814089970904	0.241932695134
-0.351990542368	0.230757524295	-0.345502696871	0.0823176423621
0.346595232298	0.140031909882	-0.0670933083119	0.163768955304
-0.955311926258	0.417960703488	-0.125213484916	0.476682132264
-0.825964384136	-0.599053299718	0.65873340997	1.21632713616
-0.580003331184	0.641671876704	0.667926442741	0.838947385096
-0.515030923147	0.567646888974	-0.808022848977	0.167130418576
-0.132410263032	0.489472072662	-0.627671024409	0.0394648294829
0.240985613521	0.0843104654289	-0.631727235434	0.424209757908
0.698775462852	-0.843357127912	0.870003490628	-0.0778476913468
-0.300728204536	0.585655385911	0.479272218114	0.424704575233
0.22383969925	-0.773753949693	0.987665773349	0.0881807463062
-0.727818131908	-0.242449245948	-0.935289460779	1.80770479036
-0.513912072551	-0.873214779305	0.695448131028	0.589233752026
-0.877624986004	0.429708085168	-0.371279538197	0.371409739891
0.0747005742564	-0.0216562440788	-0.856739518165	0.756518804029
-0.13653620933	0.0778896450086	0.538555893675	0.339997757571
-0.409881370907	-0.411432497276	0.116325512456	0.302312782997
0.141110097509	-0.76156610789	-0.619529813591	0.768077490661
0.0362933518238	-0.818652864854	0.854211514791	0.00198015916799
0.159697112539	-0.300029823965	0.642545944791	0.197671615653
-0.0860569487478	0.716925428433	-0.155435533903	-0.14156609796
0.663370198739	0.863891809517	-0.833058845051	0.987454428175
0.654566779722	0.865392120023	-0.566174075541	0.825505102596
0.757922989819	-0.236637548127	-0.592589590204	0.886485590606
-0.38572114241	0.0539784379181	-0.0762469263556	0.129658078761
0.600458271717	-0.945431678464	0.0787822201484	-0.27541870402
-0.128842198131	0.392045739326	0.520326851969	0.440820235449
0.455524196081	0.541109735122	-0.428939706994	0.405876691299
0.478608398399	-0.31202961164	0.924333395905	0.645698842573
0.633252397057	0.294448024267	0.974466818351	1.823983925
0.864918748053	0.758918497078	-0.679853658377	1.35073475726
0.986903316406	0.867562701485	-0.449662839377	1.64226462465
-0.0712328667805	-0.715857089239	0.927285634715	0.252121326969
-0.471625310636	-0.879581752272	0.845353836271	0.608328750677
-0.776333207748	-0.81278256796	0.353106075509	1.07136878539
0.691711185812	-0.32649410554	0.659265878515	0.472009814929
0.337535337679	-0.0332419624763	0.420860634845	0.265843207683
0.235573414698	0.515958719616	-0.0809615409	0.14182294926
-0.184840351976	-0.212207284674	0.0570068691696	0.0645429351277
-0.444888430096	0.220702530727	0.991432434916	1.30148763325
-0.474658001156	0.196110331188	0.965151766845	1.25300904594
-0.332208025372	0.299618237274	-0.661808573276	0.250527258675
0.20720473319	-0.978162657398	-0.721905292901	1.06754192063
0.0378470871749	0.703480080413	-0.559053989481	-0.052684908384
-0.789614786421	0.654646806215	0.731052523988	1.1195917057
0.953083274224	-0.983874145739	-0.188396088415	0.191504862041
-0.831713503727	-0.552800867679	-0.771538888608	2.17329892251
-0.184118427388	0.444021979537	-0.968522035907	0.460136829134
0.402361209958	0.853378933889	-0.0740766545588	0.447533017928
0.891869951386	0.407802180749	-0.695547845503	1.35927939848
0.507407358285	-0.840422086391	0.977704378975	-0.0347526248427
0.296773368301	-0.255379098773	-0.964765766505	1.18943871299
0.817178460757	-0.219741984694	0.542307354316	0.663141792103
0.435371730718	-0.885875256575	-0.623574517624	0.745117915076
-0.631425472305	-0.361325802579	0.89046133101	1.09802316956
-0.392424637785	-0.565798886081	0.716854247477	0.484315196691
0.142971363361	-0.939426523032	0.424439528022	-0.332451117134
0.999242348433	-0.83202766581	-0.216173668203	0.393681519546
0.17130145854	-0.757521759409	-0.707723079918	0.936567197957
0.638421547703	0.388534097925	0.0460602901793	0.675648156331
-0.332750932402	-0.526480196261	0.73101102225	0.435424247399
0.136895414458	-0.535772832214	0.111450174502	-0.101895323669
0.391320168765	0.998196303511	0.780070854633	1.93092020225
-0.34902542509	0.702923820777	-0.758203988015	-0.0816058947352
-0.718868391615	0.131201259747	-0.772074806341	0.917257645267
0.213595331695	0.144639015804	0.253512698959	0.177453700083
0.237831631684	-0.688756915637	0.461341333809	-0.212160503899
-0.934485202394	-0.0231195183962	-0.897592827711	1.72129223957
-0.943700096707	-0.163858673619	-0.706595608847	1.66026249236
-0.53110565679	-0.4972137859	0.156138776981	0.492891238248
-0.611105638901	0.786314724093	-0.00478926478875	-0.110814192311
-0.511452614011	-0.370194866228	0.256265635275	0.421724761657
-0.44326973988	0.230661510866	-0.777473776256	0.519374991248
0.331111234442	0.493327326014	-0.713871676484	0.430421234683
0.156476945187	-0.373538564579	0.669448360586	0.164131188698
-0.861559701362	0.020208937569	0.876451328659	1.51075299449
-0.0356019266962	0.0490107003396	-0.493328796925	0.218717533864
