0.0982111113899	-0.90934220865	0.662568330562	-0.243166642976
0.565600645314	-0.574862052751	0.16850089675	-0.0737104772135
0.671820197655	-0.223668456446	-0.138640441578	0.351308056969
0.949093194421	-0.259479674593	-0.201541550112	0.747422430711
0.657643935611	-0.47040955058	0.270968122054	0.0690912885056
-0.0568458039388	0.395689068753	0.760119766833	0.859291324812
-0.830470436445	-0.0529734071411	0.759035995278	1.26960091367
-0.343888117308	-0.488057604863	-0.230949984122	0.452151039359
0.782964863561	-0.112086177146	0.998509933678	1.41037736552
-0.917295285181	-0.587809522568	0.419069157761	1.30991166129
-0.571368444819	0.22452029696	-0.102300130119	0.18567494786
0.673640761187	-0.116883388647	0.459746734662	0.532684764
0.791726338155	-0.743382002432	0.729900686828	0.0284354623735
-0.877553768665	-0.39027186369	-0.629379169006	1.75433228132
0.207523400115	0.158506548703	0.949234224901	1.12746523415
-0.911260698159	-0.940519260262	0.020950622912	1.66818876198
0.0928579014872	-0.180917440362	0.523402283721	0.171080325168
-0.734643220869	-0.210731734942	0.573567296139	0.902623914246
0.430609489354	0.910734936018	0.508845258843	1.29994228976
-0.0459825085036	0.252250015636	-0.0333795109923	-0.0167904878163
0.193514977128	0.596643630606	-0.263417834153	0.0651299073171
0.65936829981	-0.591101406797	-0.47794940147	0.555965219132
0.530559768486	0.724723467919	0.539678929019	1.34837411472
0.294631988295	-0.378545848966	0.0722236323628	-0.0468474107713
-0.200514985597	0.537700975364	-0.896020751388	0.253451111069
0.182621057178	0.803955176531	0.0920983606384	0.262694656604
0.463193198396	-0.989413207858	-0.911311728866	1.48841139894
0.191681023368	-0.557811393266	0.984909033844	0.35047208055
-0.0184321009948	0.145649807454	0.00790528688452	-0.00113099254045
0.249807816514	-0.160091727764	0.390819000613	0.112584382426
-0.137710652381	-0.585332429819	-0.325178077061	0.39564879032
-0.662006823682	0.360887778379	0.421467991147	0.529080777275
0.723190597397	-0.80376308938	0.310883570513	-0.211497413268
-0.814016604173	0.979569610974	0.18295926664	0.0779325344894
0.587846263952	0.0579856876984	-0.046397672435	0.379112242982
-0.548019650396	-0.862489552181	-0.439467264137	1.34515416017
0.00994214982196	0.145143839141	0.900336189592	0.942825393501
0.752086831929	-0.88445690662	0.972921254306	-0.0134849460047
0.600793320221	0.428440350202	0.952391148468	1.933448411
-0.782299437471	-0.121196300053	-0.599874937635	1.13935677096
-0.134782475474	0.0328800500417	0.619092327407	0.417365757716
-0.264623828278	-0.864497015394	0.779128819653	0.232279458658
-0.425884913741	0.967894916826	0.521857193934	0.546603972768
-0.240149033782	0.707792873551	0.92536247934	1.39895647022
-0.282885385418	0.243451611103	0.561204945466	0.462732477394
0.892750099679	-0.338147589247	-0.236008135713	0.630626868727
-0.458750275538	-0.744078382616	0.198523919698	0.443492367965
-0.426322516076	0.48791076844	-0.320289758126	-0.0799437515589
-0.629344151093	0.183669144464	0.966193126773	1.39147198191
0.0572163797582	-0.595305235994	-0.272403039601	0.205578875417
-0.260903795562	-0.525465285046	-0.787981831985	1.24013914334
0.505386835459	0.677109644998	-0.338622245513	0.482998790908
-0.348732781432	-0.647021184384	0.348127604911	0.243198944175
0.395014031235	-0.700931737633	0.164815630184	-0.209202100532
0.434607554559	0.184317067128	-0.597310737295	0.515674869914
0.863132248748	0.160573655002	-0.442867673754	1.00861247416
-0.502815297305	0.373475300638	-0.697093602464	0.290626376721
0.784862233093	0.531606521148	-0.0203375116069	1.02284866683
0.999511167471	-0.296250616819	-0.643286991631	1.30730909568
0.921029723914	0.803816234949	0.0553446772007	1.63618438063
-0.301076093273	0.38672673496	-0.493153553086	0.026697402917
0.035628941665	0.705463955343	0.97393033884	1.66201740958
-0.343851824028	0.386381580091	0.0119845915644	-0.00984967833725
0.366698863292	-0.603140210898	-0.361137364135	0.26153388834
0.561004927135	-0.61250808835	0.227845003164	-0.116537089066
0.0719641486298	0.883710538142	-0.602382133479	-0.100692889409
0.157333622056	-0.762010656188	0.584506770969	-0.198888250737
-0.425648351205	-0.924621511385	0.194482803528	0.432740717826
-0.614029822475	-0.736998313759	-0.246507533429	1.07201316715
0.253095640493	-0.492694448317	0.216077654035	-0.120412121703
0.243772004845	-0.60358324981	0.85537563487	0.127665162675
-0.679347665691	0.212527153544	0.262045128685	0.44149277999
-0.538361300857	-0.424476084009	-0.335327850806	0.773137807526
0.847015088311	-0.00804282303097	-0.0412230383304	0.712653055857
-0.549833174308	0.623664722817	-0.513037646118	-0.0973508897067
0.206720431444	0.251244236046	-0.217831082697	0.0873922302793
0.244850097995	-0.843752019823	0.973502869586	-0.0203283696731
-0.451819486364	-0.364090617032	0.918547353036	0.877938851065
0.427985003613	-0.770883923655	-0.763132727304	1.02390271504
0.768574176173	-0.810527811979	0.043964698233	-0.0659461970493
-0.848386735173	-0.567015787821	0.390820838314	1.13194806757
0.303418914455	-0.552254584276	0.632290572448	-0.0248954480371
-0.313790576041	-0.359904224364	-0.662543440746	0.88881507352
0.944481440712	0.845163411563	0.141699237472	1.8301240333
-0.296977195325	-0.11117052847	-0.676911963618	0.654673033503
0.914708187227	0.453727010478	-0.6502452081	1.37950389534
0.875173971856	0.964749547503	0.09582703855	1.71188508775
0.140109066019	-0.0140910419546	-0.132746168083	0.0371483446177
0.103893126517	0.470051153585	0.410761104142	0.421432281232
0.30031263293	0.938929669429	-0.692504357285	0.201509516254
-0.438585500305	-0.407594717405	0.841586501248	0.736364001068
0.554958362288	-0.401999161459	-0.552347426727	0.612016869779
0.110967311442	-0.607653298115	0.355078344566	-0.144799804957
-0.0930406368607	0.0578451796766	0.990811874827	1.04229646997
-0.450656675731	-0.482157378345	0.881459690626	0.772347773334
0.432045695358	-0.151130729493	0.39864291903	0.220037083496
-0.87844656752	0.467490201977	0.0531871588494	0.388696558211
-0.534674585705	0.870242777652	-0.832510542456	-0.210832267595
0.367194287553	-0.937841775704	0.318737905855	-0.406870368838
0.157364278907	0.959733662822	-0.719246030538	0.00282153715494
-0.227324503787	0.409452344349	-0.852965891359	0.336899806973
-0.558806823794	0.303044400368	-0.675679828502	0.394704029656
-0.645545847174	-0.217590674981	0.800462643768	1.02376143454
-0.959311483147	-0.741194099449	-0.474821264208	2.20870448481
0.882108422391	0.741463871491	0.430580542138	1.93682631382
0.852810891256	0.02897840644	-0.874388704556	1.49121673225
-0.430917566164	0.616062637731	-0.191357047076	-0.161052671331
-0.50944797	0.211529066953	-0.455216515078	0.262704731286
-0.745825921131	0.302102624446	0.930144274402	1.47710773409
0.0034647032985	-0.593744488683	0.913197907812	0.289679049672
0.316493664904	0.338702037063	-0.264945469626	0.187823820547
0.894733555668	-0.944248190107	-0.629710614223	0.946836160509
0.335880665977	0.00255998774194	-0.0408791401357	0.115242126165
0.341004800805	-0.979379721033	0.214882742339	-0.381966119803
-0.453243427924	-0.0904158748746	-0.355582530757	0.404999247812
0.0302975345121	-0.457945371353	-0.904525755176	1.21943354953
0.0702384961902	0.95490637112	0.495998313972	0.791650911397
0.781896911112	0.271562884006	-0.919270869168	1.41911604227
-0.571750328444	-0.241807407926	-0.745782492746	1.20167916091
0.986021382123	0.0456402323094	-0.967865897821	1.90983118269
0.886967012006	0.832075558573	-0.646456543482	1.40473942544
-0.513341937257	-0.180246122885	0.154835812734	0.352113412427
-0.877983894948	-0.0686023636241	-0.586963714065	1.21588098998
-0.0197184374682	0.404145494842	0.0512055037924	0.0157361763956
-0.314277141944	-0.257228032334	-0.692014410446	0.83650046219
0.821949102377	-0.385349563552	0.446661829163	0.386248447742
0.966884099218	-0.792427907016	-0.96341236529	1.86027714806
-0.524587584564	0.545723804584	-0.383394257663	-0.0733240147454
0.147922722569	-0.898969497354	-0.839511843905	1.34837879269
-0.0695670328444	0.182743881285	-0.20708794222	-0.00283201604824
-0.757412615762	-0.775273621669	0.372631413265	1.01083875708
-0.239645832058	0.0722178277803	-0.318161824538	0.118373414138
0.00842193144976	-0.985842857827	0.185087413951	-0.156441526354
-0.582492990926	-0.815568777982	0.714625635215	0.742224623749
-0.234471446596	0.279644192751	0.35037464605	0.210150908512
0.709084902377	0.239297889761	-0.803705314108	1.12610116585
0.652672790329	0.468305895709	0.547549647999	1.28786363229
0.0795747543954	-0.124770882887	-0.0218107204244	-0.000399420455176
-0.15494866735	0.361959359609	-0.103184839976	-0.0587776382911
0.609548089572	-0.311357361786	0.897169933371	0.707335014267
-0.57789528874	0.672936915207	-0.624838333264	-0.0849779459438
0.770881958845	0.229642096955	-0.51349053095	0.917039427088
-0.0923843738905	-0.23960716674	-0.704728960966	0.696171848699
-0.860127097665	0.521143116768	-0.0740753826393	0.258452594173
-0.105023954346	-0.994632259777	0.031429409738	0.0852173469939
-0.24809529359	0.98120235677	-0.125839482042	-0.289518833187
0.537164037602	0.812573250536	0.837371736888	2.10664763129
-0.281795974793	0.596310733638	-0.809772141198	0.0842261080076
0.891343034131	-0.895719052386	0.366196268911	-0.197809801001
0.766897183355	-0.879669065165	-0.574814531552	0.749573868776
0.473864470066	0.00547476876694	0.55663706308	0.540034113594
-0.45540344169	0.286405565565	-0.0445603073234	0.0661855153939
-0.746595578732	-0.347637707116	-0.456140223019	1.18358517762
-0.349239403477	0.193112148261	-0.237271307607	0.0650034909592
-0.516439930409	0.774019400096	-0.0869900055449	-0.192789014241
-0.00614008881727	0.169097115483	-0.556211224876	0.214316642335
0.857158986949	-0.964239157865	0.142122463721	-0.208625980862
-0.112740711646	-0.00620998942546	0.0929197427293	0.0214676346587
-0.948453015463	-0.777977295719	0.345903304989	1.48798221323
0.92238979886	0.318064690422	-0.821034305836	1.55713787591
-0.223521810123	0.124492616696	-0.0764677127497	0.0184628300102
0.320122373853	0.030559131132	0.908934343431	0.966198880302
0.221045803805	0.215865996052	0.569859491592	0.54433064691
0.57870504776	0.263257852426	0.839882387974	1.41375623974
0.152130297441	0.959671029764	0.650703241573	1.21701442511
-0.232419993318	0.0370713780564	0.89631760164	0.882015895533
0.145445263657	0.53519491302	0.322343594856	0.375417935309
-0.749613754849	0.508975468946	-0.0331511450725	0.164611647866
0.0471403622153	-0.649535461698	-0.259345948385	0.207317588082
-0.216962061872	0.913798154163	0.128291671812	-0.0174955494172
0.882056305231	-0.60608810533	-0.427762362139	0.685661808828
0.978385533447	-0.890768168601	0.230837476507	-0.0666131733884
0.4065014461	-0.650678060288	0.757247016689	-0.0185591224651
0.797333286848	-0.527480877065	-0.0274132369113	0.230373752664
0.0917166923801	-0.141533795337	-0.782397362734	0.718312241516
0.0296350262119	0.194947777224	0.642220278035	0.544301818476
-0.319458856825	-0.788571042378	-0.583116323804	1.1538232593
0.381150467295	-0.695921300739	0.711311966302	-0.109027485674
-0.00521597289288	0.145037910488	0.267417947118	0.109568791282
0.404192130553	0.0010071156318	0.695988677161	0.648879526427
0.323638917671	-0.765465121789	0.496021393231	-0.276642008136
-0.422952693163	0.809228800517	0.982725288867	1.59762208022
0.211349157721	-0.318946502433	-0.408748931847	0.274704123294
0.770520107848	0.267846650153	-0.357669781879	0.832209486293
0.9667362865	0.308196542231	0.411993906712	1.52923790502
-0.314524905981	-0.292618560916	0.894398111999	0.72919223617
0.0858592182002	-0.422805798626	0.775117680417	0.244153198627
-0.1462110457	-0.318807180763	-0.310385103044	0.263282713005
0.327028715431	-0.286347512865	0.482966320312	0.108264183354
0.837400364247	0.185552679874	0.166596709945	0.915288181507
-0.430494678158	-0.591941225285	-0.177873057141	0.577082435035
-0.370210513814	-0.178675009737	-0.33521821644	0.375469562419
0.274382892652	-0.42681367462	0.871648876924	0.345915705619
-0.621657817454	0.743557651411	-0.891035724813	0.0556282473022
0.49613821172	0.185766333585	-0.324956487966	0.383549645398
-0.153761874865	-0.557616680958	0.769904615778	0.272824361374
-0.687076562555	-0.252439098173	-0.0184546254182	0.650518432837
0.713967602807	0.683543519468	-0.56658900499	0.93151252388
0.45456240723	0.931681277394	-0.583060969073	0.426867371483
0.40147941462	-0.0485728694114	0.7849277577	0.719670104522
-0.234714454981	0.188316528267	0.556557218358	0.425455124531
0.058807920962	-0.733388083047	-0.339175385949	0.324116471697
-0.918146180028	-0.404348122437	-0.423318994843	1.56461030407
-0.531377876177	-0.145266759882	0.818440386582	0.910506472909
-0.0360225194964	-0.780001674826	-0.144230399012	0.162697608239
-0.803471608244	0.767480446544	-0.449063321331	-0.114071575243
0.37089194769	0.416053137621	-0.260465977632	0.251346433683
-0.0832869775308	-0.165859013712	0.931279319374	0.733570717867
0.484876325518	-0.827468106213	0.784913952963	-0.199515992418
0.949848691623	-0.0150322680618	0.000675490450625	0.88792445896
0.296464422035	0.739610087229	-0.0994323592962	0.243504848717
0.285052194668	-0.30393036755	0.602330105202	0.174353880761
0.311029286941	0.231340095211	0.67132090964	0.774667969062
0.877444240089	0.635347098955	-0.785867511679	1.44567914911
0.737675657109	0.250492700108	0.721189137218	1.42971412816
-0.69956447144	0.0267014760677	-0.358633573412	0.58975303991
-0.643526158791	0.580548828023	-0.417169034385	-0.0276294309903
-0.85443992983	0.716486965272	0.955178020083	1.71461017231
0.175580044394	-0.810323904281	0.372796548689	-0.274557043219
0.706754267493	-0.912037530669	-0.814895385802	1.26218484293
-0.754689719585	-0.802237679144	0.244568301821	1.03860884937
0.518638565119	-0.633886525483	0.769022811999	0.0441508502637
0.864739143057	0.844392136214	-0.785644600646	1.43179803369
-0.658429463829	0.521574169754	-0.718952561639	0.232015258359
-0.592112015065	0.363790809685	0.880741831456	1.23130368667
-0.357330371	-0.346571840255	-0.124703790446	0.310295495788
0.161392693818	0.40284325287	0.0541802975397	0.115825231329
-0.0783544500044	0.954801751777	-0.133215555353	-0.178121607715
-0.818345897397	-0.429444534825	-0.514014951136	1.50607646259
0.036072576571	-0.387849872804	-0.26265611899	0.15816986573
0.547689303344	0.756795004475	-0.0398116822434	0.685907789573
-0.871074259016	0.360826195231	0.432305336255	0.787338947489
0.604941900327	0.560333835418	-0.215822743373	0.63057078898
0.6115179099	-0.946722066716	0.692284705609	-0.381126438995
0.693518979036	-0.231636965956	0.403908733398	0.389906013535
0.601881091884	0.612377754813	0.809151937691	1.88107294565
-0.187063993893	-0.177251170245	-0.532690944931	0.446329985818
0.387513290565	0.456701149499	0.485150058176	0.784083483807
0.314380245031	-0.117007142137	0.70637573493	0.47836587733
-0.76016306842	-0.989254403825	0.932173633583	1.27663336465
0.675929089925	0.248374812141	0.237903811701	0.740451433497
-0.477268292309	-0.465021243519	0.449366738092	0.442690303585
0.215363788744	0.361118609484	0.1055713437	0.173422518876
-0.151631015356	-0.215178012267	0.154772719793	0.0462705338942
0.782453329169	-0.450017926562	0.933760127156	0.711814366241
-0.591974418993	0.112660031143	0.0177718565272	0.286059873057
0.229813174449	-0.499354067562	-0.876062987105	1.14300792514
-0.144190237021	-0.535486617423	0.901290235204	0.427697995449
-0.479476138838	-0.511083749904	-0.229163479885	0.644587461895
0.975149109534	-0.504756617511	-0.188071433368	0.589003984334
0.0267538347613	-0.668107818905	0.960265652642	0.263390454373
-0.851370774958	-0.676910556668	-0.984659758443	2.93721548678
-0.512129114982	-0.608573816716	-0.590040277849	1.28117519396
-0.0420784843937	-0.955833602011	-0.244852886534	0.335982180697
-0.519969203586	-0.695542879557	-0.610659868899	1.42967444895
-0.0951216407985	-0.353090555353	0.649586024022	0.235233992158
0.820717187479	0.576268078744	-0.686611589897	1.22229295227
0.775507765422	0.823390933637	-0.15198561417	1.13791440741
-0.572296722432	-0.630681726533	-0.418961842535	1.1282212272
0.289297647143	-0.916848945373	-0.0767130709957	-0.105329920539
-0.156658342627	0.509206880044	0.365979181692	0.265070209135
0.902806179257	-0.427544826185	0.136394669512	0.389357556917
0.137379041954	-0.844348221732	0.454880346259	-0.274284030661
0.143298284975	-0.601910716707	-0.520375598682	0.518292038327
0.898368880237	-0.889477149726	-0.08960611423	0.095719900773
0.0917295814205	0.133056636173	-0.322945438526	0.0819432681959
-0.370604881436	0.362623109496	0.337731186102	0.239489570588
0.0100668912455	-0.899249994501	0.175414586881	-0.135922598595
-0.0291168253325	0.475203743867	-0.491910113096	-0.00477060291324
-0.417933001821	0.45943051878	-0.136643326668	-0.0614498975665
0.530861669623	-0.924310734871	-0.271448693055	0.11572030623
-0.373563950155	-0.34080293619	-0.970864969172	1.54031413643
-0.219738188397	0.363769050629	0.830193928351	0.959571735084
0.271678581202	0.129958067612	0.746526918043	0.76343570996
0.328051467381	-0.336264290683	-0.524585767692	0.448895460004
0.0259699589878	0.131415188797	0.891672995218	0.916347391245
0.484390863832	0.528741141657	0.55455026227	1.09149141948
-0.251012055443	0.471927041703	-0.968420926686	0.42536274341
0.268203771462	0.368574412291	0.945433241424	1.41309282577
-0.678589573579	-0.556115401785	0.414165404434	0.779067144665
-0.517240871913	0.957039542516	-0.894593565265	-0.283345617274
-0.558633853655	0.9728973719	-0.0565788271267	-0.283265854164
0.349285883042	-0.654512432908	-0.855646966841	1.18555198484
0.470313344761	-0.297897244056	0.96645283928	0.727217046234
0.536896714151	-0.883915441218	-0.417437520904	0.356920340017
-0.859902021348	-0.928057867754	-0.394715646296	2.05958972523
-0.70935696585	0.511200635783	-0.949879905782	0.557256196715
-0.708870468581	-0.914398840967	0.0530396310303	1.10500150141
-0.108498345657	-0.771341617209	-0.242807683246	0.341704422524
0.87486825513	0.466130824645	0.462173920136	1.60223576803
-0.126587933621	-0.707965550608	0.222553520821	-0.00238575521316
-0.460262614657	-0.866583606791	-0.975742635072	2.40833397303
0.921360056831	0.687475931861	-0.18948435643	1.38795560479
0.584235435293	0.386871075392	-0.914232503929	1.04948579427
0.574717063318	0.782496085793	-0.798290498049	0.79262208458
0.823147088826	0.0818830975931	-0.571675814337	1.02497561345
0.709054692789	-0.0265878002074	-0.209467200644	0.533352133085
0.655800726209	0.309373917282	0.519265059265	1.06324549939
-0.463535327066	0.658525904678	-0.101182325936	-0.146778340811
0.0527793927613	0.856080013579	-0.698565842701	-0.0620649719447
-0.70509100223	0.090619201635	-0.662784026801	0.812480244541
-0.338423442336	-0.688796817304	-0.541089932774	1.01311475522
-0.742542871871	0.566889658904	-0.36502336994	0.0567441281353
0.325219806439	-0.369249801488	0.69332959233	0.210374682799
-0.00399646104814	-0.587838786169	-0.727294152179	0.958853741911
-0.776925981265	0.866550470625	0.550025612566	0.709521533562
-0.495257771131	-0.811923942446	-0.762729773256	1.84842717346
-0.311635919977	-0.40051021832	0.190366498083	0.181925992851
0.344448343559	0.835252763911	0.199718699713	0.613049247318
0.95276600907	0.090180634212	0.637849124676	1.45805725544
-0.834631820698	-0.695172452663	-0.984752743793	2.93113427256
0.529404374481	0.883417334247	0.291215460982	1.09002522391
-0.775204417953	0.27824346187	0.870892692062	1.38602060735
-0.421083166952	-0.534559890808	0.209958749016	0.334252355577
-0.772492781969	0.642020784286	-0.973054782819	0.422902892008
0.858000597366	0.341924519702	0.595107136461	1.58717069291
0.746054353926	0.935532695876	0.199183613988	1.48057223546
-0.772683907063	0.103513137308	0.991619278364	1.60301190061
0.468209505713	-0.53866834045	0.43029369405	-0.0796224231266
0.67862875963	-0.37016132657	0.187168920826	0.175084380382
-0.329936110239	0.366490736426	-0.789507238609	0.321913899349
-0.0674454644745	-0.932968841574	-0.860605858022	1.61103430081
-0.56431704328	0.213702175846	-0.43554631617	0.294481343402
-0.160248257653	-0.402207154581	0.294975916521	0.058501867092
0.2567135831	-0.290933897829	-0.204181731398	0.0923087468091
0.508122296559	-0.15372098529	0.169466858796	0.182747611908
-0.680282623584	-0.64285834765	0.586091772505	0.866839388637
0.932934036161	0.0202777263951	-0.0103603886124	0.889180949485
-0.0945104925793	-0.5608174076	0.0635751853879	0.0303230961871
0.159927212456	-0.842658580687	-0.545039442639	0.647162832607
-0.55401130831	-0.972338880896	0.291024009768	0.647336279552
0.758469923892	0.0472267877293	0.105795423361	0.627285773149
-0.844969446706	-0.834149835905	0.4396258904	1.24536155035
-0.264492809786	0.12630579699	0.380108217357	0.229041599529
0.864390157698	0.662472485372	0.507419942353	1.91343178906
0.706270992794	-0.646569595974	0.308851000966	-0.0621393613094
-0.888702591586	0.792971639205	0.752845738494	1.24883837077
0.361328559492	0.405417957065	0.413829840688	0.616076599951
0.978451940794	-0.576256920393	-0.630197009139	1.15383215634
-0.970929858369	-0.656026533163	0.542522608269	1.51808209342
0.168565405333	0.822916811197	0.51057992021	0.847986256432
0.156401513688	-0.424207347111	-0.619980436434	0.60549076004
-0.115882388952	-0.643539609632	-0.655345242015	0.93922164287
0.779854694407	0.218192537924	0.712951451385	1.442192278
0.320561596867	-0.955044369352	0.531993940457	-0.428451075412
-0.916441415012	0.472613192957	0.939208943276	1.73273854051
0.125715386341	0.642874304028	0.570941364685	0.789641124235
0.183841970321	-0.461512116075	-0.61772479682	0.615623976044
0.913078977813	-0.970337407228	-0.862384570764	1.52822968812
-0.725344519502	0.985864883586	-0.178495821505	-0.333079022301
0.779739394496	0.92361420902	0.0937645204683	1.42356593612
-0.235446243853	-0.739341187664	-0.740751303504	1.32589048144
0.237892071779	0.869556685773	0.731793704218	1.43531141297
-0.703105003049	0.268215484416	-0.692816958134	0.599944097766
0.587857274919	0.0905762807099	0.41281243898	0.606627226357
-0.100246743033	0.884249575171	0.585632919533	0.782217846294
0.24048655895	-0.980832833004	-0.984725215373	1.75749124464
0.70313124913	-0.784482981499	-0.980876821932	1.67439956836
-0.484103550208	-0.642096054389	0.492161795536	0.471405312779
0.705513370034	-0.787959144077	-0.670353104264	0.919417546772
-0.128184869701	0.70016068285	0.232223762352	0.143203178743
0.652768667874	-0.541793878441	0.235975924012	0.000275191089816
-0.480898370024	-0.179362080304	0.705250455945	0.688401191051
-0.919279262444	0.160670630084	-0.938119419129	1.42671299042
0.845083223329	-0.184770649809	-0.331147763378	0.728864306647
-0.811822053878	-0.858646706819	-0.0859779170037	1.43734023776
0.668061194754	0.920665492554	0.816020432095	2.47853784751
0.821866424186	-0.673780479726	-0.923708754155	1.59732165565
-0.927626910263	0.260963998968	-0.710557384945	0.937876357219
0.153591973215	-0.25674366891	0.0335184685816	-0.0233254393461
0.914140881425	0.328123636453	0.143897875966	1.20352767438
-0.0259301916886	-0.874808589968	0.812806136321	-0.0270396455219
-0.74543320111	-0.862619913557	0.435977315689	1.01268968624
-0.247398180035	-0.53353852918	-0.763987839971	1.18449668865
0.00528250162678	-0.738637764969	-0.989268417497	1.70548906434
0.465342199957	-0.523832301484	-0.851662818994	1.1442401393
0.930188961182	-0.967899835409	-0.619590877164	0.948516524171
0.483204615799	-0.828951490723	0.672002184395	-0.272536762554
0.130904196783	0.666238171025	0.719517718323	1.10142519704
-0.434372663475	-0.38504160358	-0.813772234443	1.33149257332
-0.0327355073992	-0.0581954345352	0.0168179496942	0.00228078606398
-0.143906692209	-0.311142331096	0.151972941612	0.0412951594021
0.618599489912	0.0440731013415	0.0354817366949	0.412751670744
0.881246723654	0.199134784817	0.494716239464	1.29534203412
0.126781196685	-0.433338291549	0.207408363198	-0.0857254319761
-0.641015277715	-0.285639050109	0.937270818468	1.20475502216
-0.856235089565	-0.179774232833	0.62596658521	1.16636903812
0.886332715428	-0.139092595188	-0.712453482104	1.26899033279
0.673698038178	0.84583656965	0.414122180999	1.54548435002
-0.571427248166	0.600037783119	-0.056985288651	-0.0472948424066
0.309701663649	0.0584649418805	0.452298704038	0.345039545351
0.967743275139	-0.306413160773	0.776349679995	1.00483283714
0.247037079271	0.969994922398	0.668334242533	1.39560351254
-0.207831582931	0.757049583223	-0.968074693391	0.0901432224483
-0.654054740709	0.787319142557	0.184965305254	0.0926766758868
0.766362585787	-0.0546089298688	0.231834751334	0.586548476442
0.218981037705	-0.235465994952	0.743938643574	0.374662559466
0.968316940209	0.906831403238	-0.235164848867	1.65778554262
0.906891812151	0.310551933033	-0.682790840183	1.35825108042
-0.523471170984	0.136975150381	0.989853656967	1.31771514022
-0.422700728382	0.0246863038315	-0.408106452332	0.324717223722
-0.882302803999	-0.96597171348	-0.0276122163221	1.65817284373
0.542471627948	-0.110531014275	-0.794700900315	0.953704145395
-0.302917159431	0.283435961827	0.143211492426	0.0670020077033
0.915299417514	-0.696796891481	0.47701223438	0.0951552644364
-0.29047285598	-0.654109883084	-0.052722830464	0.311641867248
-0.291536919578	-0.434311568207	-0.679999936473	0.969343384604
-0.669825466831	-0.658640788774	-0.964708982995	2.4559006372
0.305369020475	0.653830424561	0.490605599146	0.854376516065
-0.469912878714	-0.252190101625	0.426331815145	0.413567643036
-0.915525705501	0.618576115905	-0.474463974269	0.203488963052
-0.532225025596	-0.92770766944	-0.33313528237	1.19704398876
0.453650327299	-0.183022181261	-0.20924770897	0.204852122855
0.972962419059	-0.131675307568	-0.120228679951	0.848826827014
0.828968008014	-0.53954386348	-0.840484755387	1.39981637272
-0.257076944521	0.426894254872	0.582016940006	0.543547291109
0.938153179159	-0.602126210868	0.0990399694975	0.265419122585
-0.89328431489	0.391795407635	0.754512502132	1.31287582415
0.185439685893	-0.153144773911	0.671157671309	0.35365708826
0.381609117314	0.338050476676	0.310725726242	0.476220119248
-0.00795042024739	0.638634396325	0.743377338108	1.02234200172
-0.254906229863	0.0669434278729	-0.0873915753394	0.0496998850295
-0.18024917895	-0.0440061945218	0.465166910308	0.236331875849
0.113204013348	0.598269630347	0.788144925651	1.17323726901
-0.555756538906	-0.137653132126	-0.909314355868	1.33738952578
0.445195711593	0.378401195787	-0.660539749324	0.553025540675
0.476592937926	-0.274858475743	-0.855766272906	1.06369574722
0.886334663994	0.540415996548	0.62828765846	1.99886065015
0.157993710262	0.81784769449	-0.992687985797	0.327738660779
0.988055968156	-0.578063597171	-0.874146272163	1.67453925273
0.382783886152	0.422766598259	-0.0222343892235	0.299446155882
-0.417304272065	0.562294702045	-0.579986344194	-0.0502442149865
0.102183447724	-0.567091349722	-0.279223961664	0.188805621762
-0.619860087659	-0.480343362365	0.85506188922	1.00237973847
-0.284642907534	-0.667189644925	0.549806104478	0.206394198114
0.777470861814	0.167863897864	-0.918151976425	1.42384871253
-0.996703419429	0.720152951038	0.0238998874916	0.293421576618
0.966192464829	-0.637878323467	-0.41066680202	0.747817322938
-0.140721139408	0.986164392643	-0.816020585454	-0.257812587053
0.631070724534	0.435278150758	0.59617071747	1.28786116914
-0.795947497909	0.455937948012	-0.54149635006	0.316959312932
-0.52889557921	-0.329269340671	0.328097217537	0.453495062019
0.499607835941	0.995193999168	0.805121667481	2.19628786152
-0.266347875881	-0.248920144138	0.482167462359	0.24970481017
-0.816410670686	-0.594029787427	0.279973756049	1.06357119365
0.751034663984	-0.572403309588	-0.984489422151	1.66690276505
0.149088203876	0.260933424804	-0.25364173272	0.0592799107558
0.828839352902	-0.317980096055	-0.105536786696	0.468116866786
-0.836082433568	0.913139216978	0.255816890452	0.234612893482
0.0365030957296	0.499485921962	0.516795046791	0.544774229222
-0.365759344114	0.586937961302	-0.836380648768	0.127730890819
0.458212715252	0.66495479676	0.543178641102	1.17088191441
-0.581339872111	0.201073643409	-0.862616264547	0.791721345446
-0.467634776943	0.938353022912	0.313980869119	0.173084661891
-0.520814427929	0.570167169354	-0.035380978117	-0.0446248783213
-0.41286004358	-0.605137609795	-0.862476206304	1.68607255196
-0.712466120136	-0.0219868709922	0.921712727484	1.35256164619
0.370882347494	-0.887010433538	-0.40982730802	0.340056724402
-0.473966950888	0.263461716996	0.233252783666	0.21563256382
0.209291095384	-0.507885846805	0.534230644868	-0.0484190241431
-0.688093562029	0.571204183479	-0.0979316902325	0.0340824536452
-0.574802329662	-0.986924059114	-0.0988453953744	1.00500727758
0.0940048123611	-0.418092664048	0.476410060144	-0.00268282350515
0.973532678267	-0.0429852616301	-0.255872817209	0.982387977351
0.673349927012	-0.871273707351	-0.173176518004	0.0476022902105
-0.354397861336	-0.318678117465	-0.454145924475	0.589511576387
-0.185835374787	-0.0194667970227	-0.00183790292858	0.0381915620134
-0.328381890605	0.725516461379	-0.419467123392	-0.258789436597
-0.0832658536097	0.251616429428	-0.871398067985	0.526058668009
-0.252307320366	-0.746461263528	0.726749983725	0.237671452792
0.394776238721	0.586358652659	-0.251701687416	0.30309501924
-0.95401014011	-0.742784586157	0.0253956044774	1.60054084771
0.438846113719	-0.551682057962	0.910289984408	0.276919588154
-0.777859676641	-0.730341762925	0.707223965684	1.15681962385
0.572399486921	0.12578895787	-0.342750382224	0.474006318697
-0.0012857353037	0.482044436642	0.013020911516	0.00582807365813
-0.735478371432	0.603524000005	-0.811870245752	0.266199703937
0.016647975839	-0.0513611869333	0.972318821556	0.894886537299
-0.0514966068177	0.0380801864047	-0.575796888026	0.31030650356
0.545982435502	-0.0583936071426	0.615531515122	0.609150876662
-0.600693568389	-0.983094471138	0.394438691649	0.719182673542
0.176668134739	0.491441816088	-0.0836380775167	0.0839258181148
-0.753670485899	0.170462662981	-0.0358546495522	0.43472020013
-0.6910558397	0.542892709029	0.82973104498	1.24129753846
-0.834268995129	-0.63564429265	0.199507313959	1.13929056439
-0.252479680262	0.422367445708	-0.415774944939	-0.0456342053449
-0.944925969334	-0.0152223289477	0.503907702974	1.15352138576
-0.250482777297	-0.2972319014	-0.106763583049	0.180325099342
-0.577149880988	-0.281046259955	-0.865895239775	1.48843898553
-0.84441701655	-0.175962497589	0.443743583653	0.980451963844
-0.578587938401	0.529770192452	0.804555147346	1.10178367935
-0.779778113874	0.491215001981	0.15924506966	0.328597758545
-0.544161707581	-0.0112312131264	0.337091355632	0.412068197294
-0.433664309077	-0.313804097161	0.97322262348	0.965911398104
0.686513608078	0.4529785692	-0.177984879304	0.733332167294
-0.722115383785	-0.65769336045	-0.292684781999	1.27454234033
-0.528037879275	-0.350321456144	0.291883346336	0.446749889671
0.312984349952	-0.214691907951	-0.0995411387626	0.0620431113714
-0.728627277918	0.397435683624	0.44017571166	0.610011421834
-0.308761159681	-0.938377888097	-0.576197161257	1.25776194262
0.516170203018	0.677668257672	-0.453838396197	0.514641255272
0.748262695412	0.476212337154	-0.76913187638	1.14152274316
-0.574414080336	-0.26720020169	0.662378280351	0.745192469984
0.379222715392	0.553549178766	0.131666319104	0.443948092942
-0.139961730488	0.932256895723	-0.924904207345	-0.1176915348
0.846130519164	0.604793268349	0.180210230243	1.36913655882
-0.186106814703	0.951043957513	0.327079483369	0.275687939628
0.470606873085	0.537747663892	-0.829534626449	0.716585964596
-0.310689586153	-0.269765965335	0.361258940456	0.213394150324
-0.48476769984	-0.986496971462	0.455167815176	0.471377659356
-0.680964518402	-0.828640964228	-0.523143148756	1.73516436776
0.935090805531	0.613060467478	0.807446969331	2.59464644573
