0.0396833296326	0.0768305969003	0.800964987279	0.707707189469
0.464594947711	0.614191089246	-0.171802058502	0.425195196291
0.712869518034	0.00773224055748	-0.837109896695	1.20797527239
0.713264648123	-0.5904665815	-0.505438827462	0.641500664695
-0.262713303429	-0.843446537072	-0.127578392774	0.414484705711
0.54705536193	0.839958173375	-0.734490950048	0.681308470499
0.436255159951	0.755254484085	0.792255775856	1.74582617198
-0.999012406479	-0.120135537548	0.165442215598	1.12553831797
-0.814769098679	0.827298007054	-0.543158556506	-0.16454094119
0.130397961451	-0.897382356968	-0.0423598363818	-0.0602058760891
0.625633255882	-0.0975314355686	-0.775764293651	1.00786970581
0.0560792753303	-0.925066398735	0.109900460504	-0.138319280151
0.0205085785704	-0.212176109352	-0.259122355509	0.118193139748
-0.805664823068	-0.306248655248	-0.0813232212199	0.927348169223
0.303832111398	0.599744665342	-0.85090629277	0.488250649167
0.664063780722	-0.300364144063	0.608820788884	0.429314573603
-0.410652740689	-0.104797558867	-0.488034081467	0.500993123256
0.861279108097	-0.407513116016	-0.382804824286	0.693356689211
-0.897254696981	-0.0283210350939	0.773504171458	1.40687943749
-0.659954748933	-0.977339889456	-0.985808304529	3.01582816466
0.655457440196	-0.668732349595	0.727151774438	0.0337786503032
-0.831473270148	0.61483991008	-0.692427507493	0.233848635008
0.447373695455	0.0570722736936	-0.588571166161	0.538500780328
-0.27829672582	0.238673958894	-0.770580059064	0.420903120389
0.972292770063	0.0777614449448	-0.495692399764	1.22812531936
-0.916673631311	0.542815429912	0.432158363172	0.764049033626
-0.249329631373	-0.444734815695	0.743790056253	0.395485146934
-0.612787210411	-0.249176238512	0.0118201435954	0.525394594217
0.720217228094	0.772596090035	-0.155444482967	0.979217057573
0.81208181559	0.476390317635	0.614618917638	1.7168997046
0.943981782933	-0.466176304138	0.26050859268	0.397461461696
0.514585250377	0.612649504088	-0.690765142263	0.634017938277
-0.601623258769	0.85211978444	-0.461988224663	-0.330940722771
-0.743837826736	-0.715087781915	-0.837020108745	2.38434956953
0.0583465360152	0.680719803077	0.718002741674	1.04740858274
0.958312127537	0.275380174004	0.523739535269	1.60079287938
0.406853242902	-0.897635471755	-0.508355244188	0.515066412361
0.521763099119	0.786174274798	-0.360558039706	0.528974102277
-0.155590103971	0.00743826466712	0.836609689947	0.72918965769
-0.853349906542	-0.884989585731	-0.999402743636	3.36667870733
-0.495727390056	-0.646870339926	-0.45371216785	1.06576466607
0.191420721859	0.54645188093	0.505361250461	0.672789705596
0.288702613959	-0.46293672113	0.646515797621	0.0683849308827
-0.52431376888	0.179148726782	0.626778202799	0.686112216618
0.125288320346	-0.98269174241	0.465080213196	-0.348153514969
-0.36260774297	0.0628259447392	0.243608385922	0.183353173923
-0.68515641433	-0.96158994775	0.188003634598	0.982841794205
0.982367915883	0.470370184799	-0.502437224791	1.44323497487
0.100385487681	0.856174869206	0.873202276071	1.60612083736
0.647341219542	0.209348590318	-0.280663608499	0.574586156627
-0.240466129151	-0.569383420019	0.840870036016	0.423026346854
0.426361849339	0.572822155901	0.960906498607	1.89978377152
0.923725812567	0.970400912014	-0.365698335188	1.52851502214
0.559222473653	0.326108666391	0.610784946993	1.06733758613
-0.655127456472	-0.41638255988	0.294516864083	0.666084129032
0.0985663679249	-0.303748073211	-0.00199109560315	-0.01961525954
0.092722479451	-0.492905738573	-0.666317422513	0.735304604792
-0.25388526962	-0.244457317023	0.716304115324	0.464507645398
0.438700642538	0.764119288516	-0.467967389306	0.3890884455
0.45470616033	-0.859613216113	0.538702132726	-0.356989217661
0.211735914318	0.236965276044	-0.445603368322	0.187975993476
0.52743226419	0.741627653007	0.0638549206453	0.720777171342
-0.430651385189	-0.571726955373	0.835802403535	0.652390515134
0.406889007356	-0.224358449947	-0.135605529742	0.12308278347
0.240886944304	-0.596005796936	-0.635860457736	0.69775154529
0.0652641668259	0.361404264965	0.884390597296	1.12961542206
-0.313121060158	0.415192400775	0.294360186417	0.176903345453
-0.74154492501	-0.231351290862	-0.297126427523	0.878470947931
0.0905776839155	0.261233673556	0.342167601442	0.238330624908
0.308008834089	0.732150679939	0.414317548984	0.795380225778
-0.397324533027	0.575470613029	0.573899458379	0.588841053411
-0.933522925115	0.0633610414733	0.629357797625	1.24828406989
0.938819695	-0.00674492230468	-0.945434344148	1.77527313411
0.682164265998	-0.614981848872	-0.318576746884	0.343239504728
0.15877257575	-0.568324077274	-0.0110459272761	-0.0586258678631
0.254053379313	0.097693392767	0.605197686739	0.514750511456
-0.215612935091	0.335245643485	-0.114233800866	-0.0510413822085
0.199004636728	-0.409148011888	0.41315018621	-0.0401660069683
-0.266239780757	0.724207091749	-0.420799651393	-0.249602861604
-0.422945368289	-0.124816450631	0.4019242	0.343049634717
0.733965215032	0.681462270321	-0.691027651814	1.04548448176
-0.984299216066	-0.172511646513	0.789332924123	1.62552536789
0.160601667223	0.879268115812	-0.455028861795	-0.026036284034
-0.332102911567	0.957020178508	0.0257887657877	-0.182191414161
-0.712852582372	0.316368343352	0.604896129646	0.839904127752
-0.514220432324	0.446693496688	0.111572690126	0.0970109903057
0.630205204294	0.291446869362	-0.532688178341	0.709336326786
0.323331775868	-0.550233596717	-0.284371918937	0.163973803359
-0.141137861291	-0.310517882725	0.904107018266	0.600413829159
-0.0894678099678	-0.702115838805	-0.421125405958	0.543846680651
-0.818624149814	0.202740456725	0.913295497882	1.52344787746
-0.0262302248103	-0.468810546055	0.166913502115	-0.037405662172
0.0303249348359	-0.580465299858	-0.325681865654	0.278432728701
-0.507352810325	-0.741705683628	-0.323798159494	0.978721520504
0.502665790369	-0.90945712782	-0.225202452987	0.0510480317473
-0.721150069463	-0.398685409512	-0.666828862801	1.51808510396
0.161836449667	-0.366618906221	-0.150917547749	0.0449640667813
-0.956495528124	0.323861170332	-0.316948459981	0.602920961266
0.367277756686	-0.633324660354	0.909662350581	0.153660882893
-0.747133501874	-0.951086993327	-0.838296577692	2.7688315493
-0.240007562776	0.630857513694	0.217113892785	0.0902994289
-0.91302247863	-0.296770246832	-0.175830035478	1.18766527723
0.606090528054	0.756667287349	-0.117339140365	0.75093638877
-0.376708930892	-0.751025409827	0.722081115127	0.403927469228
-0.325822780107	-0.545513022497	-0.560067349097	0.903100521544
-0.0477216859601	0.0555569514825	0.423219584119	0.202253694202
-0.183998201188	-0.569975622824	-0.351566644953	0.462713350626
-0.742198740967	0.999698584381	0.96748164632	1.71209470863
0.0399242872192	0.697326449391	0.304400960822	0.334360996312
-0.52305303721	-0.882946203932	0.309954013955	0.557810944146
0.964756905413	0.750266397964	0.205576407529	1.85107930499
-0.407333987721	0.416790989025	-0.317721613157	-0.0353286399679
-0.00342120063388	-0.996696814321	0.0882473800698	-0.0767466781119
-0.340593050949	-0.356130428883	0.78601930563	0.575200132062
0.180023080222	-0.710102168697	-0.304167852533	0.213081863978
-0.112982314588	-0.615558813958	0.922680339897	0.365687256919
0.278648898295	0.168874095775	-0.276531879126	0.154472598392
0.80342742599	-0.390291839816	0.750902771369	0.602708208475
-0.870785943283	0.111231891812	0.112535754521	0.686590852102
0.494148319497	0.739387583117	0.974732584041	2.28035847321
0.482109089066	-0.309791132438	-0.2723241729	0.241600122158
-0.507803174298	-0.600359599691	-0.524577686991	1.15284557413
0.397492137203	0.818508788289	0.904615212575	2.04211499105
0.983148416599	0.143054869246	0.901220761868	2.04834785712
0.820954219916	-0.329761844343	-0.895411468501	1.50028068874
0.563497353186	-0.985332388583	-0.576470357202	0.662630060814
-0.702177305751	-0.56005168547	-0.300893179726	1.14536099035
-0.61436308483	-0.0312829458891	-0.728896248552	0.950752850197
-0.871447250315	-0.0450844209827	-0.306387842224	0.906395833104
-0.210924449662	-0.844245909543	0.389535225478	0.0454353984698
0.417659334319	-0.224429958703	-0.652207193206	0.652453108697
-0.937236587825	0.354765276045	0.172659445615	0.636978284803
-0.744461485802	0.865373488001	0.0831867362831	-0.0111066995823
0.0641341477858	-0.112339731732	-0.521248833261	0.327165676226
-0.0125576946117	-0.782736770078	-0.193732346165	0.199160717862
0.911481270951	-0.417911815962	-0.555192567214	0.990139634799
-0.435020535308	-0.755412040435	-0.619083199806	1.36878952779
-0.139004040168	0.323938665861	0.0567335320507	-0.00410978179727
-0.142737911251	-0.9542773141	-0.0886682595153	0.249061830659
-0.563023844627	-0.571455790893	-0.0425955822593	0.664894961818
-0.911033371788	0.997052667351	-0.486847246818	-0.326758553174
-0.451130436109	0.937373252827	0.725859739384	0.9879149323
-0.627398296823	0.461711615797	-0.994317394743	0.633530732028
-0.256018330716	-0.127758588174	-0.87269700198	0.971348520282
-0.860664344203	0.226059724659	0.883984023224	1.52744250692
0.538350631322	0.150977925278	-0.21842237152	0.385831839528
0.251733510441	0.779993165926	0.954982170164	1.9165906897
-0.303249570658	-0.132153224284	-0.923142991215	1.10622501562
0.495940375833	-0.934888296906	0.817717314915	-0.313504737728
0.15722984005	0.324675913527	-0.518018756394	0.175925183574
0.738395481245	0.822720118988	0.952449758826	2.84348082691
-0.60034182332	0.338081079256	-0.307625027367	0.148077049481
-0.63049199154	-0.055387232383	-0.134298542414	0.457915880919
-0.518241029451	-0.0126560341832	-0.854048136455	1.01533972258
-0.640542426942	-0.300928144697	-0.594727200111	1.13572244033
-0.670661473675	-0.370028167073	-0.505827193459	1.140981907
0.487995345089	0.663253534562	-0.932495727081	0.812871288383
0.665787005151	-0.08038469391	-0.132026455438	0.417797142753
0.400543992228	-0.514726457115	-0.358740369552	0.267612711862
0.798000804471	0.792119394582	0.185939851421	1.45077738893
0.913032455682	-0.284717388003	0.618009230086	0.779649483905
0.651691324483	0.326406030596	0.850689308857	1.63875998158
-0.865579897721	-0.0134212357352	0.929737507046	1.61277931695
-0.179256877634	-0.54421760105	0.803972609256	0.338523687811
-0.560591938084	0.677849393744	0.541826244991	0.595118687119
-0.995186183503	-0.595760033342	0.751090473907	1.69995490792
0.380446957523	-0.940775417425	-0.0443454459938	-0.169489633737
0.0319511406463	-0.181744488003	0.795678415305	0.483707906068
-0.998279645973	-0.511354164058	0.584819218535	1.55000048118
0.516336267393	-0.946850503039	-0.607824326518	0.722679067737
-0.207166580948	0.418967951429	0.670482540573	0.686579367944
-0.821420981351	-0.106064069639	0.546343352904	1.00239934061
0.220965925401	-0.0579357745545	0.711899045622	0.501579936695
-0.144141120676	-0.278777571201	-0.912272895072	1.14752303125
0.624576295281	-0.516303169658	0.150588452564	0.0125524143535
0.315979405718	0.905341553853	-0.543691603312	0.189286229548
-0.472354940425	-0.150394403636	-0.174686772458	0.350946110752
0.226781378116	0.859198381871	-0.878521188086	0.263255481249
-0.157067515333	0.625295750318	0.44208935578	0.398336148446
-0.718696838342	0.015289723311	-0.813605180999	1.15505006209
-0.237056851163	0.425793407699	0.747016565414	0.831367184206
0.509340310043	0.902344918491	-0.923495450029	0.738560611626
-0.694620972818	0.401099206859	0.881280768908	1.33402318569
-0.0520067976075	-0.671308967873	-0.173548699095	0.184241285645
-0.426838000232	0.515789720401	-0.766405222725	0.154105055522
-0.059590863243	0.000550646269791	0.623833292616	0.393029745947
-0.712033843751	-0.120016877967	-0.136109383062	0.627309460954
0.647835963041	-0.0370695069393	-0.199310994361	0.442789708044
0.403058779252	-0.933786976559	0.24436797711	-0.382386585598
-0.514073864109	-0.816349264326	-0.686052091449	1.71466135086
0.078845800549	0.761460354087	-0.162819293789	-0.0312157032024
0.514861297622	0.48709829132	-0.0685690814655	0.487172050642
-0.688361597905	0.51934497987	-0.794706532047	0.335176173453
-0.383200561262	-0.197122742276	0.500975932809	0.374603351193
-0.771418818675	-0.716785369684	-0.857912621863	2.4989819995
-0.41042647316	-0.374319870796	-0.639681965224	0.970719361482
0.34360409668	0.704581459481	0.0543632770614	0.401419574164
0.536144691388	-0.473705941998	-0.755245027486	0.961635312749
0.803312591649	-0.163253787601	0.0802300152811	0.507506298166
0.553214502628	-0.563284057699	-0.679633022936	0.83915686887
0.679847130627	0.296984958003	0.362691946085	0.903355992692
-0.822881685298	0.390686789228	0.660703146815	1.05030190373
-0.914053769492	-0.892104000657	-0.863948980013	3.1680654996
0.111073315493	0.184786421536	0.190514555911	0.104362420964
0.163132884479	-0.379837658555	-0.441095774244	0.326758593268
-0.926723553248	0.59231470971	-0.330125310772	0.223349194915
-0.305393876745	-0.514616252705	0.574712354517	0.284964044573
0.211076192733	0.848538577971	0.126620598499	0.347134690119
0.501907107634	0.882914717816	-0.446347418345	0.500191229948
0.270396531403	0.315285019464	-0.625607968597	0.352506769677
-0.069447288327	-0.320778567376	0.00713054931572	0.0248636448531
0.457606886323	-0.588850414255	-0.946116778686	1.39220027381
-0.974912582169	-0.0435763096067	0.539392191907	1.26037685093
-0.808348530578	-0.50054463808	-0.00767958322291	1.06194481977
0.63501129244	-0.87768832556	0.295392464261	-0.326108465845
0.977391029233	0.17741481484	-0.737534125713	1.54180397874
-0.490457260154	-0.484609836872	0.117029725326	0.435210937384
0.503736517095	-0.83061466896	-0.577824073371	0.649169349452
-0.630547147907	0.999402897265	-0.197923232837	-0.391212386984
-0.402113944333	-0.374611707781	0.818448684702	0.67559000562
0.425782561405	-0.795262590896	-0.388148752676	0.302021483565
0.358467519702	0.341911920222	-0.481938593202	0.318547538467
-0.620599333521	-0.647695925434	-0.117339678141	0.876872223905
0.828789026902	-0.129927475136	-0.855027220262	1.42137186072
0.00272695477487	0.300726244505	-0.0624021798967	-0.0140444380027
0.983514473628	0.0966533732856	-0.27801731097	1.11278302565
0.204638206424	-0.951800101087	0.630499950979	-0.355477598924
-0.311516818291	-0.833703031007	0.397335095754	0.18337094836
0.017823394623	0.793609539314	0.106786490782	0.11061262176
-0.671551801921	-0.400310323966	0.669109397038	0.899666927758
-0.790514700019	-0.240858169259	0.608652060285	1.0391739239
-0.0789860788165	-0.918551316029	-0.0771985194135	0.155661980294
-0.0631075431957	-0.783180690395	-0.12410346649	0.166004280218
-0.104793749871	-0.158008557177	-0.812603858947	0.816263434114
0.561973256732	0.760440727944	0.766356658011	1.91323263588
0.657715865962	0.585760180946	0.876761159194	2.10013583052
0.841430765796	-0.90105260676	-0.394508595641	0.460942379226
0.136016396315	-0.900125957914	0.0353246924178	-0.134480267664
-0.894074161227	-0.920538006803	-0.127817664141	1.75639622513
0.12367881668	0.99722613966	-0.311368590053	-0.0749222995877
-0.101015672917	-0.358732924426	-0.511135123632	0.491061926221
0.64774572907	0.709817780874	0.816538454105	2.12568452603
0.77705877965	-0.373694717302	0.514849534429	0.386111077923
-0.0141862913484	-0.139463133915	0.125055134744	0.000377921234556
-0.347934613632	-0.407936816328	-0.437501839846	0.632874801491
0.305615860593	-0.781974692212	-0.996988147325	1.62802205127
0.0652726951588	-0.82028329998	0.805459205784	-0.0612217801883
-0.0373365624076	0.349323919996	-0.404992453212	0.0108968003867
0.211081332438	0.424283708473	-0.116690023275	0.0982205851346
0.167220959892	0.907415804469	0.770264342541	1.4719589867
0.953137978911	0.389067021607	-0.954347003627	1.81877981853
0.313117891645	-0.753805675606	-0.63393276764	0.7417456423
-0.702698603949	0.0651272980583	0.687878891249	0.965997529172
0.755348238638	0.16761892126	-0.678175194443	1.04340821839
-0.284381793186	0.755946845053	-0.18705890154	-0.240520068866
0.151451990376	-0.551120786755	0.256278519882	-0.136092374456
-0.537663401494	-0.0302497054123	-0.498148099268	0.56856645487
0.291190135488	-0.560188998794	0.48527894626	-0.11468208681
0.698941157734	0.144170845543	0.240569777356	0.68184264566
-0.248723905106	0.434972468268	-0.442856554102	-0.0428329508655
-0.479519975963	0.960316055156	-0.318957043527	-0.435117298527
-0.585768165683	0.875253093352	0.48042498095	0.481730557947
0.365877305663	-0.731503600232	0.658413329269	-0.181897972179
-0.488609926326	-0.679914270023	0.376598965176	0.45672429156
-0.596597339967	0.370090767884	0.174194416765	0.229944658683
0.230850757747	0.150947433327	0.530971061366	0.450217388608
-0.95950829427	-0.891133947357	0.0754722072901	1.71414678864
0.524463794029	-0.0271259483645	-0.854261387482	1.01377086188
0.371469491228	0.818463629549	0.709796098852	1.52677664422
-0.520939318978	0.285682537144	0.0694210373997	0.147206166243
0.684263161148	0.983670823577	0.239514797001	1.43427683658
-0.781651008068	-0.0593736590257	-0.368728283983	0.81524107366
0.947027692648	0.742697164213	0.511781289065	2.24223483233
-0.912573496051	-0.372076614493	-0.443520672254	1.53407189949
-0.858805257391	-0.845698257953	-0.102757153667	1.5612971587
0.776045915689	0.471034356598	-0.019040157165	0.95918551125
0.0735329188498	-0.153339969464	-0.123172649313	0.0281903464468
-0.849231158988	-0.126120008837	-0.812751333961	1.59136753895
0.531805999845	0.741006493892	-0.805722457163	0.729032425792
0.264832497098	-0.657795618273	0.0932566934541	-0.156716438103
0.431837481613	-0.516023412927	0.477894121895	-0.054576404622
-0.40773708642	0.448455551137	0.751918020071	0.885980090841
0.558773424768	0.0507648103812	0.890890637653	1.17950578973
0.566220661497	-0.73353734519	-0.317276852741	0.238660858215
0.831294410923	-0.566150126053	0.797573593977	0.404990209143
0.000358827817771	0.728491539471	0.336214328543	0.358230900297
-0.224942399109	0.848446195566	0.185750287622	0.0518498543808
0.421697708991	-0.99754640445	0.837295770528	-0.377011253608
0.357566804937	-0.447429332259	0.937018802173	0.426622681876
0.815933986643	-0.0266361441247	0.00826139947047	0.643863134189
0.117879904056	0.0268344535513	0.339729851665	0.141591751627
0.867733676187	0.303452378113	0.112872172941	1.06326903712
0.377359704846	-0.923082388673	-0.42510933194	0.367195130781
0.93415928111	-0.0548901530159	0.250617790143	0.870430244489
-0.0661519901373	0.313549042042	-0.948868084587	0.586468155664
0.233602492938	-0.21593493128	0.472732670871	0.125523867758
0.510872094923	0.153278621077	-0.350246237384	0.408283234126
0.615837421513	-0.629181971621	-0.691612887863	0.905260673713
-0.58469353359	0.105319608381	0.0477399560049	0.287593891111
0.565261771671	0.159584873683	-0.202398587565	0.418393534161
-0.932920782522	-0.512645618679	0.841508390737	1.62533972028
-0.312822890891	-0.862509517623	0.46064895408	0.182554233507
-0.701942396857	-0.553871691287	-0.478134586152	1.37494704541
-0.978094389186	0.966794085871	-0.100328969808	-0.0758787892008
0.538949501754	-0.0433383892096	0.960993290887	1.14896956603
0.315185670622	0.851513467419	-0.812925044189	0.336357354579
-0.323491561561	0.836523530978	0.997507484565	1.66349815201
0.411060657018	0.0957196584532	-0.584019893903	0.493494501142
0.346953637333	0.0657505128233	-0.469189512222	0.332478553378
-0.724808647814	-0.66254306292	0.916434949234	1.23823991544
0.680995348129	0.969692357174	-0.548737224184	0.893116897341
0.636806814235	-0.132725919593	0.616135625295	0.618848089931
-0.593414379992	-0.678984924757	-0.05751718707	0.797421574273
0.21978959182	-0.75282596042	0.483158943852	-0.247447876796
0.703047746437	0.92947211556	-0.34028116768	0.947248826261
-0.498773396248	0.11798524671	0.664948432739	0.710537521684
-0.187511182592	0.0465017149162	-0.318610586913	0.113137619452
0.621947034602	-0.0788187455497	0.668043020124	0.731424192701
-0.413996186864	-0.730113501914	-0.327546374793	0.820089706886
0.554691890269	0.256230454216	-0.480215287492	0.557372989229
0.854897768591	-0.557531211746	-0.88259574132	1.52526792164
-0.467032213053	-0.979639368383	-0.369949303526	1.17492161946
-0.695450740513	-0.725708384866	0.708100476143	0.975877997581
-0.0251062232108	0.150743216206	-0.281494429634	0.033651467858
0.60311324673	0.115601180941	0.53104619753	0.776865823425
0.191226067278	0.985953914016	-0.67156915481	0.0139763912756
0.130226739438	0.476955543273	-0.783048423098	0.31875691579
0.600094281873	0.00939724613707	0.718047770346	0.888092652944
-0.70085093978	-0.15719541485	0.892328200645	1.25734231
0.0597336070432	0.108683444054	-0.709262705163	0.436028629349
0.470746094065	-0.461473975695	-0.218167958727	0.152640907004
-0.221292022186	-0.446379749443	-0.393836236354	0.478657938071
0.842053140695	-0.717904740156	0.94128514439	0.31480420664
0.440840031453	0.686356125154	0.844807590124	1.79045191752
-0.831022006436	-0.904212316095	0.534730643843	1.24444473585
0.0752957104321	0.624692499182	0.545827704035	0.691608464586
-0.468508203027	0.950937106477	-0.10367439788	-0.313861349804
0.863248969688	0.662804165914	-0.395086636261	1.21159217874
-0.782634112718	-0.800392123474	0.92073564632	1.34973490506
-0.770297276105	0.990250731989	0.821314865311	1.31843620661
0.0947760465144	-0.366040703201	-0.85744147736	1.0233549767
0.826112865948	-0.196087985973	0.211961630912	0.523836262884
0.204380854327	0.836448642542	0.125898109961	0.333883259046
0.540921308335	0.918509079306	0.731798856914	1.99713045599
-0.801409556217	-0.301572104208	-0.50957289875	1.29727755346
0.586556961896	0.405906804122	-0.952660806649	1.10300764047
-0.111784044382	0.744113524684	0.991670072265	1.65064029833
-0.816382000116	0.320342312744	-0.253088288912	0.3879366663
0.818832384879	0.712684370205	0.828054318574	2.52987084208
0.928988693179	-0.540631439635	0.419931223928	0.310093708147
-0.865395402237	0.917722338867	0.174729596633	0.145600195658
-0.0866156591184	-0.271873229241	-0.233685626003	0.149192588921
0.323809440028	-0.306689505806	0.253414470501	-0.0079570685491
-0.763832088816	0.385019793496	-0.189279149817	0.252299364183
-0.82716266025	0.929405407411	-0.391963311013	-0.295228966314
-0.28131902409	-0.300531307487	0.365249703533	0.187323942415
-0.813130928757	-0.969378685516	0.61361450883	1.23111163764
-0.0434223629655	0.538137870084	0.678949390594	0.804858937622
-0.56909994804	-0.279963528896	-0.00573865748963	0.484841527598
-0.379886275862	0.726460368416	-0.39171857342	-0.26278331973
-0.629869799457	0.226232280091	0.742191103441	0.972994302997
0.468900365222	-0.910809388714	0.0751344229895	-0.269999258867
0.608120748128	-0.66108068392	-0.95872079855	1.52073133499
0.444594244059	-0.435937720891	-0.780687313356	0.953652369723
0.516282471267	-0.800303565121	0.485015400681	-0.299554727633
0.816810507207	0.0726580460673	-0.0811526880393	0.727216623174
-0.841912111317	0.229286187559	-0.942431205057	1.18786730314
-0.573764123046	-0.652753022171	0.104569556898	0.646408232163
0.68081999855	0.0127748373298	0.520208994155	0.749476218035
0.796754444088	-0.722227856517	-0.973519456519	1.71022239243
0.661193238674	0.0553860085218	0.734364801797	1.05376255051
0.162232147328	0.466438175031	0.246196953128	0.277439133603
-0.257661002336	-0.129246797641	0.299938522798	0.150888075451
0.418788203744	-0.405363187763	0.369581426424	-0.00760203606819
-0.633124423081	0.991018230715	0.848421953652	1.33403012436
-0.46423872455	-0.496829609352	0.960743681867	0.891867651634
0.355221240273	0.0452452341353	0.506471886771	0.421683408917
0.742670443717	0.639393152412	-0.473649147246	0.947913277473
0.450545821501	-0.599419819788	0.2105502025	-0.148951134525
0.218876641653	-0.955626473145	-0.940496199805	1.62203883942
0.825376158824	-0.596067999809	-0.578182437262	0.868196467136
0.245900391192	-0.612556589959	-0.710965598238	0.850817841604
-0.827501906622	0.631457341718	-0.0429747025359	0.136937384875
-0.169322062796	-0.955024698047	0.56755174367	-0.0295342380376
-0.21856634087	0.675064466489	0.0823474524809	-0.0374041829247
-0.95999732643	-0.138888720549	0.472092844842	1.2122309501
0.117983260376	0.964456111757	0.753883703652	1.42313811046
0.283743825263	-0.18668931416	-0.929307474047	1.06464277453
0.880680309971	0.136631947218	0.880595063068	1.79169195728
0.944057011905	-0.0111021049589	0.178582835307	0.910671805379
0.549253032132	-0.148754935056	-0.859647230876	1.08684492374
0.260593023771	-0.829591233492	0.588870440081	-0.290030323544
0.734765123723	-0.175710427888	0.942547425374	1.13355413041
0.199718694402	0.192977993633	0.0598009509061	0.0935452910826
0.95745451229	-0.421240457863	-0.501075069154	0.975549882446
-0.706365203336	-0.942400676018	-0.739220068546	2.40771864769
-0.0822015901221	-0.815726427693	-0.0579402301909	0.124431558147
0.211018090778	0.689718249026	0.147353583723	0.31341719711
0.753200790184	-0.130195352973	-0.439464245256	0.719593212985
0.0583751825468	-0.618188740342	0.33930836049	-0.127305663089
0.523008118699	0.78506497204	-0.997973042604	0.896609361284
0.964921198136	-0.711312588293	-0.904526013842	1.70628037347
0.709676531034	-0.68445096789	0.903303956307	0.215592760432
0.220007226779	0.604014129388	0.264311693924	0.410799322615
-0.556452664735	0.865678595249	-0.882074784747	-0.157606927718
0.0191016646334	-0.144496752698	0.845611601004	0.590475594445
0.59972595345	-0.902940499754	-0.507244401065	0.533462762525
0.190253052594	0.46029012363	0.643217282619	0.833562860318
-0.998640347594	0.746479896956	-0.998261969657	0.503162067894
0.431001559001	0.854599489991	0.664318640997	1.56314168493
0.470093294871	0.965845576247	0.673726184265	1.7796476612
0.409384167024	0.276202167483	0.00401943020624	0.28179452163
-0.402345898599	-0.36252508885	-0.127987800007	0.370522370277
0.556472582964	0.963138948341	0.499738156559	1.5766776616
0.348552870238	-0.227614461693	-0.893119234864	1.04310225098
-0.362251024355	0.728784389253	-0.530046715703	-0.238117338046
0.720014108459	-0.74142283808	-0.571328082416	0.734596878725
0.776884971799	0.10715001438	0.295177691598	0.805551658824
-0.0748062341237	0.849069862833	-0.575022933893	-0.215503015386
0.456628288179	0.189650082676	0.705307890088	0.926329905658
0.348334865378	0.64424304803	-0.924059880437	0.604317002542
0.324998682416	0.405849159006	0.992414267789	1.62518116039
-0.858151243638	0.310999476116	-0.752522841367	0.801795387107
0.768371731911	0.366581267008	0.658159834663	1.54650923547
-0.122067062795	0.271668993928	0.645731509381	0.574132943386
-0.66297816685	-0.613700768737	-0.0029767204594	0.84824593687
0.761907068725	-0.245700525594	0.636978971365	0.642537556038
0.651398595647	0.213639622981	0.302446548072	0.719573161738
-0.224455645	-0.240096109519	-0.50671769821	0.482695037341
-0.166836358916	-0.695242508999	0.0267540911164	0.125941299379
-0.271630517054	0.251474213748	-0.960395673771	0.686320170338
0.123930782381	0.376642996476	0.430952162449	0.410071380175
-0.123416201951	-0.223186845026	0.817641466886	0.528827180657
0.151524889854	0.109983401511	0.401564512465	0.245044503723
-0.964013968763	0.167718544161	0.0361360757619	0.775006418568
-0.455633360043	0.552448439771	-0.251663773941	-0.119808784226
0.0194627079913	-0.52984934531	0.758981009792	0.163973075998
-0.197696413136	0.72726006382	0.983052416146	1.57663398153
-0.393790525808	0.724132442387	-0.124711682448	-0.204840288492
-0.862867868513	0.94848876041	0.942185507007	1.70748637674
0.70356401692	0.683553601765	0.581755530148	1.71202662858
0.195155076789	-0.127641330802	-0.542960202848	0.377285595024
0.992384828233	-0.19421210543	-0.804713810467	1.59594398057
-0.953711534284	-0.250278614791	-0.493602622248	1.51544102158
0.0839169894656	-0.506395604022	-0.195707776455	0.101953957987
0.980310347498	-0.796078445894	0.438440457233	0.0238014762087
0.995315835529	-0.519403344379	0.339461796478	0.412599957656
-0.187726228193	-0.264227921749	0.568129198525	0.257498836691
0.133031663086	-0.752547160868	-0.00831127351461	-0.0760914744232
-0.280416786091	0.870932560097	-0.589061186755	-0.331630021176
-0.308772115032	0.727528587767	0.163174531725	0.0160397426598
0.191574233932	0.233286275594	-0.804728781929	0.541248558706
0.0906048839446	-0.367428637684	-0.169994063748	0.0662770848861
-0.876514857675	0.829466204278	-0.58412243347	-0.102071956705
0.933849411923	0.239581645931	0.946223264907	2.21784409758
-0.89452604762	0.664816616566	0.214197844047	0.393764071812
-0.450022885501	-0.961478027573	0.395589445934	0.411348163318
-0.358934283535	-0.466413674547	-0.0991458406689	0.352318551586
-0.297086744076	-0.840449008348	-0.895372716751	1.89215420675
-0.352497332275	0.653627780442	0.0941240720835	-0.0357662303779
0.914545156604	-0.940712178664	-0.608144427976	0.917997591774
0.836567305817	-0.253917745736	-0.385895169014	0.734326285588
-0.0746130448399	-0.458740278222	-0.74244899079	0.931616875936
0.512636698608	0.569241253673	0.774766364649	1.59590223826
0.956849483664	-0.785115196589	-0.959972848265	1.83956100481
-0.101865918015	-0.492703173211	0.512979343979	0.0709675830805
0.7766949997	-0.24734748804	0.758023179132	0.798245576277
-0.435474017863	-0.389375054046	-0.30938144324	0.575382633078
0.0382691329068	0.872328099083	-0.407112768292	-0.154547334675
-0.0918351890428	0.668568092819	-0.47746600237	-0.144209126417
0.866300618909	0.894989414153	-0.349730839312	1.3351129067
-0.468443576777	-0.0322150461291	0.30689685262	0.318829297943
0.592573236053	-0.989113206159	0.759438707183	-0.409402677886
0.594734087177	-0.992190614063	-0.408251702586	0.335352015436
0.606312295282	0.191627822772	-0.458013680899	0.605809271895
-0.000382680509213	-0.440797421147	0.233127812194	-0.0482447305685
-0.409464918478	0.966711282494	0.2108455712	0.0201098104242
-0.553070587689	-0.213728851164	0.00425875435061	0.423202134601
0.980033489003	0.284688954107	-0.7721025474	1.61580362556
-0.0495159047162	-0.377574372747	-0.0450756258118	0.0401989746685
-0.802596229652	-0.277416014956	0.60202825171	1.06223949288
-0.844121820917	0.540235425284	0.276145245601	0.481956778499
-0.84294151725	0.564614671209	-0.638524623473	0.281806578334
-0.133839693673	-0.392822125211	0.901749093787	0.529412689225
-0.110967272503	-0.946958995811	-0.962808076196	1.95613435309
0.55499412656	-0.256867813017	-0.491220810855	0.532935053399
0.744548746538	0.874098813721	-0.79278498039	1.14069762631
-0.297996852492	-0.49270083028	-0.263406699275	0.434789209396
0.951768096434	-0.496508504246	0.157978735137	0.37982105071
-0.862962053962	-0.56837491708	0.668320977344	1.30198554112
-0.168689746939	-0.854470443826	-0.89673968622	1.74297625618
0.435602578582	-0.091990506144	0.749780540175	0.642876471823
0.601088360629	-0.246922436772	-0.597690314505	0.717701875508
0.833618600519	0.951185733404	0.714106755729	2.6770427078
-0.929073790052	0.304119576993	-0.885728053948	1.09577552379
0.400168957307	-0.545104410129	0.192596766406	-0.125890501347
-0.120481271447	-0.447580650662	0.812918063404	0.365430204692
0.349174742033	-0.651933505163	-0.997957394708	1.54080511097
-0.2864246033	-0.29621816213	0.883816654136	0.686212556134
0.991083574767	0.875631341658	0.475073694456	2.49175492407
0.0470008663437	-0.147784031716	-0.186937646468	0.0578351866562
0.613987098713	-0.363566921285	-0.437603142942	0.504349296335
-0.664871762263	0.781603421663	0.0790909985158	-0.00953840298841
0.332412959566	-0.317053454782	-0.0257027980079	0.0139154931742
-0.590556582558	0.494588178099	0.476024185432	0.518709732691
-0.214976259896	0.0879495017352	0.985488078284	1.08516767527
-0.837021985458	-0.52432641178	-0.309688701228	1.39776359551
0.760506044032	-0.948585756517	-0.11646298731	-0.0189969997682
0.764215192187	-0.441957448985	0.375439340289	0.221300748309
-0.752210627806	-0.694804672368	-0.992843530679	2.76403088785
-0.226340108939	-0.463396963586	-0.93838869557	1.4715349803
-0.282389468075	0.325891286409	-0.47395664424	0.0578921047865
