0.290835667306	0.619176175209	0.737626814591	1.26547816887
-0.153626312937	-0.260762253024	0.781031192197	0.470007257337
0.947976391359	0.939317349995	-0.266459337378	1.60982061017
0.547428028731	-0.666370867564	-0.724978250099	0.943585204807
0.531290756462	-0.569018931752	0.701776384752	0.0731214146251
0.91713718212	-0.733093479816	0.126163137723	0.0922210861805
0.623224504158	0.358930236659	0.131411787116	0.676539622994
-0.592947454516	-0.571287187773	-0.777651941075	1.73933509954
0.914641654873	0.777947628838	-0.0339237920744	1.52287255354
0.245829181118	-0.328237791329	-0.749510585458	0.787525375696
-0.827497270795	-0.446516118685	0.302400639545	1.01066198969
-0.846097220871	0.175025597547	-0.784407182682	1.04579512788
-0.276772610633	0.643452538992	0.838063143238	1.14011672837
0.381351364169	-0.293863150554	0.672414107136	0.287906753087
0.838965832639	0.987254105034	-0.450337348719	1.29034246207
-0.590613281932	-0.825416655128	0.681562402568	0.738280438447
-0.665405426621	0.56196871814	0.836360172417	1.23833393914
0.908098153197	-0.799777820567	0.177810051124	-0.0122266268667
-0.294899589396	0.928880341577	-0.190501798897	-0.327623104151
0.790380163158	-0.847004357172	-0.011112993161	-0.0352183874582
0.218365634057	0.497611672969	0.38875412407	0.500923197654
-0.147774697168	-0.167204099081	0.216886182694	0.0573212536931
-0.0111249397568	0.37129044284	0.951856517925	1.25543923925
-0.869197251746	-0.271291792821	0.910022569422	1.57256936568
-0.0187303593738	-0.673215731371	0.228249927398	-0.0886030135045
0.859911371728	0.581543364936	0.312352671465	1.51873413487
0.316103658316	0.6735574435	-0.724993034579	0.350125940039
-0.00868030754244	-0.79060832894	-0.670036080104	0.985622525442
-0.56282402544	-0.536179057227	-0.454677562043	1.06906561094
0.671088226403	-0.589742441463	-0.517143665759	0.627009337607
-0.0288581760916	-0.562307678012	0.992672855987	0.444271798655
0.385227593462	-0.821446118161	-0.500561409347	0.493702538644
0.385856339366	-0.790640755047	-0.999435802694	1.6328779685
-0.195159621917	-0.844461864339	0.711353785843	0.10820520063
-0.376333193364	0.443500620278	0.459969704984	0.390291646712
0.0751317593924	-0.0202278489954	0.729275480985	0.521216080246
0.574995029962	-0.351524610273	-0.386701744313	0.413967799681
0.977782655066	-0.258252197739	0.198086680754	0.691626413411
-0.220039503476	-0.0274368896929	-0.234647333656	0.115951946877
0.0945517374655	0.526147182467	-0.230958298059	-0.0094881610263
-0.214413968472	-0.170608050226	0.974450513869	0.865858800745
-0.603589689267	0.28312254507	-0.88688955937	0.728905325261
0.0679525684047	-0.608464660041	0.401626774167	-0.11980081776
-0.989397860109	0.252571001749	0.27928671609	0.877555712375
-0.993162133999	-0.722274823492	-0.366992147302	2.10345945404
0.909833561359	-0.874954052512	-0.209230582314	0.258579130233
0.554247651246	0.851884507571	0.240556266189	1.04213891993
0.528168257668	-0.394486694727	-0.59876553485	0.665331560665
-0.250922458231	-0.761974011122	-0.463228146664	0.821706596863
0.599826602201	0.693809914358	0.320615275403	1.1011978078
0.903563243448	0.405690532787	-0.950931740432	1.70148075909
-0.103049105449	0.316584235371	-0.404453316625	0.0135343372215
0.262575881328	-0.40539125273	0.762954720134	0.23530486319
-0.627130745764	0.75176848394	0.605369216089	0.7434052279
0.983121467025	-0.911799563445	-0.476551279253	0.731738464619
-0.448186388314	-0.48908655368	0.345757004615	0.37051577918
-0.422865486574	-0.306493814091	-0.67745266326	0.97499803715
0.5209459786	-0.0480127981033	0.46218304467	0.437795104097
0.61801226709	-0.0695697509967	-0.0601582977063	0.346748421314
-0.698888983975	0.644913320157	0.0572440252278	0.0779173096379
-0.28355971793	-0.236491542228	-0.665204852129	0.747278405313
-0.752553305355	-0.859642621625	0.813049411469	1.17538079163
-0.375501468951	-0.414754321666	0.648143316884	0.448011727709
0.39597119045	0.967684312287	0.154016839172	0.712729158625
0.595073527013	-0.894381516548	-0.89511842201	1.42370410019
0.301071401255	0.679737328803	-0.908636605821	0.503279720866
-0.687765808495	-0.527448081597	-0.109085058281	0.905218818275
0.00204126038762	-0.399082249844	-0.343996127112	0.254805619769
0.581290384428	-0.074261594205	-0.218834076549	0.358870280835
0.8287015849	0.618207554984	-0.0496277773269	1.17083854683
0.623484853879	0.747015542067	0.29849471516	1.16656552554
-0.0786728662753	0.610849318074	0.917796688597	1.36111839613
-0.44205695304	-0.572998649707	0.542633553474	0.432235266846
-0.977381252924	0.975439559861	-0.0564134336983	-0.0499476450364
-0.0443799092365	-0.492264194245	0.803083217913	0.27342975832
-0.117445998814	-0.240002869735	-0.787566908063	0.851260892111
0.699195455172	0.65681752824	0.27643506295	1.20610185395
0.733426900327	-0.0918473967419	-0.657933076618	0.963857040253
0.151457739104	-0.819696362322	-0.464014296633	0.494450187441
0.0773064176169	0.493281895424	-0.912499500934	0.426645994226
-0.667867323279	-0.260539207687	0.898249064032	1.19287466634
0.76695987144	0.918837168958	0.626749355181	2.26163403876
0.802282498008	-0.615304310577	-0.0115326954175	0.157238447552
-0.975980100373	-0.96863919549	0.179770331882	1.75609451814
0.169735841348	0.360372847209	-0.110727606869	0.0623358242292
-0.0217857892414	-0.790289588899	-0.404978340158	0.50174932499
0.545388058757	-0.221924273341	-0.484496440247	0.518671607056
-0.114069329614	0.533096123241	0.802091423185	1.02314437389
-0.215974399472	-0.222821571441	0.349677893785	0.139127547919
-0.759308054915	-0.305327244567	-0.240417166329	0.93959248325
0.717951583013	-0.181820292528	-0.650661721738	0.926580489424
-0.175691326727	0.720648915315	0.54812581844	0.599703867607
-0.0470498731161	0.740222908653	0.593748963787	0.759430713614
-0.791019881152	0.0564455364428	0.787492184368	1.24565727008
-0.500195988628	0.438192718797	0.736915966742	0.896970139882
0.238373912217	-0.000674526581993	-0.474428594075	0.282063838059
0.00590545127843	0.934597449686	-0.138056062752	-0.10441327364
-0.148426650494	0.534623357261	0.0966282461941	0.00367485173174
-0.388700902787	-0.605136119962	-0.560184164828	1.03909931846
0.677814563713	-0.589600286529	-0.944706493374	1.50926249961
-0.971493826478	-0.66644488172	0.467296316455	1.49818595219
-0.633163796465	0.292868997911	-0.785106980858	0.601921823226
0.679269732168	-0.427300447553	-0.441418582163	0.55462383087
0.60241975335	-0.640607422975	-0.841338453804	1.22381304607
-0.48885438651	0.515344046781	0.850894916644	1.14957620228
0.602209725183	0.200961036592	-0.145046301288	0.47556701818
-0.436380191051	-0.121709989667	0.580931390486	0.510315626604
0.114276009016	0.254397878424	0.755544827681	0.805187568337
-0.0883761047805	0.879145962481	-0.5615568962	-0.248229490129
0.0309481347766	-0.754939419363	0.927832397227	0.138009526262
-0.660793447207	0.151069940196	0.448937046136	0.606187317425
0.670422353634	-0.706943637928	0.364854865704	-0.149297438423
0.847617540351	-0.953431781856	0.15995414743	-0.216610045638
-0.133727135148	0.0382193926416	0.493092523499	0.274757910285
0.553622924067	0.548826075888	-0.870693652901	0.89058909537
-0.27469448743	-0.580768693999	0.84653887975	0.459975815455
0.92231601703	0.687216134303	0.780836765848	2.63080696175
-0.252213605184	0.802792703901	-0.813693414965	-0.129993702615
-0.608515192983	0.464427615575	-0.694532836926	0.24749511215
0.518975914236	-0.304328006946	-0.742150399502	0.888041461341
0.831963530018	-0.528078515172	-0.428611062909	0.662868986606
-0.152899482131	0.177107098802	-0.685930811933	0.345316530626
-0.211225052899	-0.412563254138	0.0968036232892	0.101193041797
-0.0704984168864	0.271303627654	-0.0152047665934	-0.018050372869
-0.832106721761	0.666882518698	0.00340379943368	0.139765690156
0.787987058393	-0.972033205333	0.240857579788	-0.321135173505
-0.369840266041	-0.578472863948	-0.877874426619	1.62921442295
-0.052956573122	0.448724959765	-0.99219066707	0.518263065154
0.717165607877	0.290045987169	-0.395547882575	0.764068567158
-0.184959323684	-0.627187788944	-0.66565871226	1.01080871783
-0.375845598606	-0.320553647968	0.154313425973	0.236085493507
0.421981937282	0.216165938101	0.169258008542	0.33452296638
0.243459454919	-0.469800009762	0.859241810203	0.279519929471
0.66145053758	-0.326533790775	-0.59331433983	0.767289948572
0.425090934088	0.681786211896	-0.401588745043	0.35799929083
0.815758886571	-0.50207240991	-0.91419286644	1.55063214356
0.562792904486	0.216186866143	-0.100272794315	0.426781259765
-0.444591029897	0.184866343165	-0.397203562146	0.199812365719
0.243450608243	0.0464994786389	-0.8362410414	0.731002831891
0.20942706996	-0.732795762172	0.580879439737	-0.197852639981
0.865576253264	0.209915060567	-0.891769459035	1.53897666991
0.450635117595	-0.675335051572	0.187913647735	-0.19285081515
0.0249102111041	0.847646088461	0.298884203455	0.364415354659
0.866340027919	-0.0604542540672	-0.0122338528473	0.699060359422
0.213738108767	0.897210454668	0.134599490632	0.376333137953
0.155892360147	0.892026540163	0.894688422011	1.7619157407
0.915102275045	0.129585423902	0.776665264845	1.65984952121
-0.625780634312	-0.247285919149	-0.294959656994	0.706288710768
-0.854222825828	0.838309091517	-0.112063047714	-0.0677914699666
0.899738855508	0.375217277307	0.975801878758	2.46545460249
0.309305916573	0.507811821393	0.601598004535	0.92015808838
0.649113443846	0.898396738373	0.935256703408	2.71944633692
0.167947524079	0.159816974906	-0.816310998287	0.590950527682
-0.520162567153	-0.59611245412	-0.694320138576	1.4766178173
-0.302125593358	-0.152501517746	0.532706727999	0.339892359221
-0.130450605713	0.830256224525	-0.128318241142	-0.181361514274
0.556524321006	0.393612539875	0.325734099175	0.763090000831
0.308025689708	-0.390354102239	0.322874161377	-0.0471467953682
0.265163971188	-0.211391506888	0.736104221237	0.400501764144
-0.0212245170505	-0.499778142866	-0.0830449613861	0.0594585520263
-0.842981626366	-0.39544541253	0.00609330960341	1.04159879648
-0.607941469122	-0.198355475943	0.166179099131	0.48483430802
0.875145600634	-0.258224469983	-0.888539587698	1.55884107643
0.604678450799	0.667991461166	-0.391639860337	0.661325768393
0.715974932324	0.482019235307	0.350437388602	1.1494577185
-0.216539275273	-0.628298612628	0.562117248839	0.145738897831
0.2937894877	0.713087488161	0.325701087315	0.634144439437
-0.13080650392	0.856747601	-0.222857862343	-0.236225129079
0.829194565919	-0.948919643234	0.77540694356	-0.233818335638
-0.203814148043	0.515948952401	0.187118551897	0.0679394840656
-0.440089720569	-0.0524930024306	0.918241616377	1.01174699957
0.0963632724584	-0.87610518003	0.996701385059	0.0450599226989
-0.67281977304	-0.859928937079	0.461968950174	0.847418481908
-0.389820670043	-0.163756440244	0.183335015831	0.219385238518
-0.679430941417	-0.0627737599559	0.881151966575	1.22539240514
-0.454116244752	0.0603909310423	0.833849118205	0.924458337454
-0.241886834348	-0.153164312542	-0.260856640774	0.203557786419
0.0581184709642	0.738712303781	-0.331468906926	-0.0886779373629
-0.70751314457	-0.0798188598352	-0.44815724549	0.793664059304
0.676576662403	0.419456362178	0.770519515363	1.65845000211
0.805756251482	-0.688070247515	-0.512221162074	0.709640894055
-0.149743366445	0.50420945704	-0.195277739721	-0.113406433183
0.587876049954	-0.831809958049	-0.0413029986072	-0.107340719108
-0.483299668447	0.738721437123	0.924900714056	1.41524005943
-0.131440683011	-0.0971279265763	0.486558466939	0.219523940857
-0.748129349132	-0.715974584332	0.260043531338	0.976777201738
-0.68580258481	0.555588698607	-0.269960762704	0.0121926843104
-0.309286353025	-0.525865742047	0.119248669257	0.209812600878
0.0148819865349	-0.106338432803	0.320598893431	0.0673306129815
0.251574927797	-0.378342085572	0.855532422749	0.376360366713
-0.818399565824	0.309181746221	0.436253172145	0.741941990238
-0.385528913574	-0.940881682355	-0.871932898893	2.09202230898
0.182086487041	0.569286167707	-0.135591448491	0.0780095119804
0.333768286246	-0.263798553165	-0.218421790267	0.128681108615
-0.741770272704	-0.871945178395	0.863870729303	1.19003087
0.801627672208	-0.196261383131	-0.0982580080239	0.514217257845
-0.142519768991	-0.338769364271	-0.707294750983	0.808468874002
0.325102051575	0.0332012083832	-0.319001617111	0.207655917454
-0.610248590995	0.210517446804	-0.746262020425	0.643741195462
-0.993839332784	-0.0119024222591	0.083053205436	1.0054550154
-0.848970867298	-0.40319159019	0.812660379073	1.39580850872
0.449740204157	0.15480278914	0.876918327297	1.17662244489
-0.343125382309	0.86040048925	-0.191637858625	-0.305650457289
-0.485887371315	0.16740532003	0.357731001532	0.342603948963
-0.927668010682	0.12116622445	0.366744899924	0.927104824125
0.856534334331	0.74375897497	0.410821560089	1.84503274108
-0.611062224405	0.611134521814	0.881911583121	1.31669047586
-0.422673891627	0.284638593128	-0.000302362455734	0.0582579441973
-0.454496007381	0.542367134479	0.131637925958	0.0487875518115
-0.656169404682	-0.52730724421	0.945761862601	1.17231958746
-0.328398972979	0.0660768229972	-0.154161726809	0.0997256455211
-0.914708458452	0.492466070228	-0.909775201089	0.765886182472
0.240138198302	-0.76578686966	0.0730332619075	-0.176822380552
-0.230799623394	-0.949264976795	0.696580948667	0.0963435852772
-0.621939158253	-0.825558358428	-0.235139957654	1.14966794423
0.851181389069	-0.389652907116	-0.370682903261	0.674687940007
-0.911860399124	-0.0251404752348	-0.706160495828	1.3708298476
0.622267185462	0.382966089896	0.331069456126	0.861919040865
0.0149645471734	0.00270977962628	-0.361470858483	0.129946163462
-0.308544509242	0.0921205009572	-0.657261399321	0.438221737096
-0.718078342192	0.870726531655	-0.593392350964	-0.274181340311
-0.212551039546	0.853221854918	-0.245346933565	-0.285315495759
0.992823241193	-0.396812600838	0.0296387621458	0.580850637672
0.10474277848	0.400550202865	-0.1048681181	0.0219181670275
-0.79644829755	-0.3283367731	0.529177118646	1.00211326999
-0.518605788653	0.138423799467	0.147015456492	0.239128562849
-0.557946837347	0.761185044399	-0.132184031315	-0.196540004463
-0.180508174098	0.700059094499	-0.452430955869	-0.205817823453
0.886020323285	0.880616915138	0.0492860678703	1.61110775865
-0.821800142033	0.157542414023	-0.473648829446	0.69561052887
-0.929350120148	-0.869228880002	-0.0912952359198	1.75920088566
-0.165010601319	0.0795471148205	-0.288489719351	0.0743801746392
0.593908491369	-0.39967277284	0.194352459238	0.0754537346811
-0.341136209099	0.0174248766731	0.438207416048	0.310091106447
-0.281881626376	0.236485962712	0.84425459549	0.925216386298
-0.504368835634	0.427207471013	-0.268571775697	-0.00368728274989
0.740109134942	-0.192083991624	0.0799052780546	0.396634743447
-0.85710136099	0.504565183746	-0.321429034545	0.243293961686
0.241368934703	0.654666113825	-0.517657685158	0.145351559089
-0.0878691315305	-0.494200012978	0.0730187094698	0.0203917949837
-0.722603383461	-0.197134464447	-0.96096922211	1.77750767959
0.610302037585	-0.152927292461	-0.623381541619	0.76307333665
0.862077970869	0.373270275254	-0.481658822249	1.11717280923
-0.266684448739	-0.0448123261175	-0.571306528484	0.435064069643
0.981130476571	-0.708721512537	-0.911941201954	1.74521784052
0.54327870349	-0.891491491673	0.58502178634	-0.368468046576
-0.99178048453	-0.777075781521	-0.0760096369827	1.81915983758
-0.854332178114	-0.969843338779	-0.0334145326297	1.59197523549
-0.336319762327	0.019920119415	0.497156075032	0.363479024029
0.0835245640144	-0.594919403492	-0.309461857311	0.237157473678
0.514649027603	-0.340016836697	0.953543000829	0.674897866871
-0.416042930261	-0.537633447623	0.766942098259	0.572636772443
-0.0459050817767	-0.278596100468	-0.631865805214	0.590185998458
0.745235926716	0.94784318673	-0.187977906643	1.11890549743
-0.964092812441	0.918970053225	-0.0262547471344	0.0200645132138
-0.757535099306	0.665881939256	-0.971462414694	0.366290432252
0.838747254319	0.840264410175	-0.847481631852	1.41438288637
-0.914177738287	0.509762230035	-0.0290435244406	0.355745889187
0.128665368048	0.209510839617	0.0124148573724	0.0462667420999
0.954759486211	-0.968684473333	-0.156518730079	0.162820362929
-0.381802792497	-0.0303307721308	0.262015916221	0.21805894116
0.486874311599	0.395902733472	0.208238835119	0.555607202605
-0.319366494095	-0.468692323245	-0.117632069002	0.320650133001
-0.44429432226	0.875014097231	-0.899616223998	-0.16923387812
0.87545962395	-0.503926951928	-0.37671017777	0.657006823013
-0.130733501368	-0.261745602045	-0.822619926575	0.943330858938
-0.152400441682	0.646624971189	0.461751039444	0.436473738417
0.364301293869	-0.611308369643	-0.813013361157	1.06800760043
0.694502889636	-0.891647224614	0.669135184345	-0.285807945402
0.331578025141	-0.383345405525	-0.148854538594	0.0620554513674
-0.25042414762	0.654733086115	-0.234176113545	-0.199733118659
-0.367554369605	0.586809017157	0.969170072032	1.42742036219
-0.224606124653	-0.8353662899	0.235385406198	0.0968495522509
0.751832150191	-0.023467604595	-0.257809817199	0.620123963133
0.317691031654	-0.741012358444	0.0652033600333	-0.178550406466
-0.255116915756	0.077586176093	0.7508985065	0.667399005572
0.793255868559	0.637155623406	0.62862018223	1.93037452806
-0.165872689001	-0.137951994935	-0.728800346824	0.682085624594
0.288707528118	-0.737215292832	0.907783576123	0.0253515180871
-0.0712134836041	-0.196211390854	0.991247624329	0.8071220346
-0.325880344534	0.542982259097	-0.511443663324	-0.0868794616746
-0.668744069578	0.671374421355	-0.0190951437962	-0.0142143987525
0.681753782658	-0.845844848489	0.528352728022	-0.279617532805
-0.543548582197	-0.627410497162	-0.657988586555	1.48225107365
0.489043931942	0.923066547194	0.377666837356	1.18182792464
-0.151459584435	0.0576641852898	0.557464801796	0.357118971041
0.212506037008	0.805465735534	0.506412984567	0.880677565205
-0.516861117104	0.677363958857	0.0410094208977	-0.0534976017949
-0.961607279175	0.310450437506	-0.783208214257	0.996424932938
-0.34362398419	-0.300461243383	0.679297164782	0.478665299381
-0.0579397334671	-0.464929118724	-0.788211774998	1.0180352901
0.788476874316	-0.668952510381	0.816745989393	0.214951928122
0.155584195293	0.159343626637	-0.716414804442	0.448091830658
0.407421220163	-0.0649282721864	-0.36718160339	0.298201691717
-0.826704132316	0.628833875491	0.446089239364	0.643091793661
-0.317644055754	-0.279109038928	0.229034759547	0.178086322741
0.130518069564	-0.4943105081	-0.144964095206	0.0451903776569
0.605388400689	-0.327676444658	-0.431912066072	0.496199039948
0.358783698379	-0.564491195353	-0.427203007577	0.34985024954
0.442144233857	0.6954415326	0.408449470224	0.953860682446
0.24647064645	0.701505876724	-0.663239944366	0.208268891638
-0.917935427097	-0.700943431825	-0.979696693066	3.13254382937
0.888401143319	-0.209674952206	0.676571522262	0.918870047327
-0.0921381560181	-0.165014966529	0.410545137377	0.124494832247
-0.89285681852	0.314500927524	0.904232513012	1.61840740244
0.5897278862	0.260645191595	-0.538800954507	0.651359308207
-0.382053292775	-0.129171387091	-0.200658420169	0.26149820034
-0.352286260495	-0.323008859204	-0.760671918953	1.0622227295
0.0545686887378	0.690074870557	-0.674911849306	0.0304005198939
-0.889109183226	0.0528066981919	-0.117584094717	0.751181010927
0.783184274763	-0.642918654384	-0.411519017121	0.543774982364
0.239449439203	-0.0616110380249	-0.190151811863	0.090456467497
-0.655342400596	-0.706506035806	0.952657534139	1.12697510299
-0.213159233146	0.964396336906	-0.794748097627	-0.294960740381
-0.28779423334	0.24666422224	-0.232120865433	0.00846116344344
-0.493771965336	0.0230654240637	-0.45324297819	0.427396649763
0.675361776298	0.148734707153	0.000236127870682	0.55659844107
0.391367109545	0.925146739958	-0.318437810508	0.322041156847
-0.254509687007	-0.240730623289	0.777685374485	0.543625313133
-0.592735380193	0.231060720928	-0.557536330516	0.396399380039
0.15255243515	0.017447949009	0.409034597149	0.200380089039
-0.527251176261	-0.605022271499	-0.3878536715	0.982083087017
-0.0900605035295	0.779302683803	0.699880464406	0.973177890901
-0.789103569685	-0.568631544079	0.930887976335	1.4086137821
0.577967399622	0.905711457887	0.70494001544	1.99293068562
0.080992231485	-0.948242922253	-0.612411919732	0.885523059116
0.922293334447	0.809985379501	0.56608025262	2.37663269193
-0.54168883129	-0.203374639185	-0.876849117349	1.35078580802
-0.988370341835	0.736118729759	0.397807875077	0.700402945219
-0.639900161666	-0.485273062045	-0.216432633483	0.871870539368
0.756279618763	-0.263604366544	-0.116755107424	0.417009163165
0.988139360317	0.783869002864	0.82408646314	3.07608554334
0.99130422099	0.715503757711	-0.0358411488711	1.66760606496
0.281943218358	-0.497282559509	0.0613882184196	-0.0874722439019
-0.40988580479	-0.445653267653	-0.575575319053	0.938467290857
0.877828970851	-0.376256286572	-0.445356992887	0.806206252703
-0.457509325976	-0.239174705777	-0.76631777243	1.08926619788
0.688803312591	-0.373762452303	0.595941325411	0.349406760287
-0.061847527246	0.517475617227	-0.1471574141	-0.0826745398754
-0.791181370058	0.55570998732	-0.221350458527	0.112289936194
-0.861306190171	-0.482199655732	-0.62349565588	1.84656612512
0.115124858155	0.0618529967312	-0.545465893526	0.284168891312
-0.85641328363	-0.83189691555	0.669039402243	1.33693318811
0.484498731384	-0.905691754873	-0.159884745306	-0.0336980582128
-0.761082662008	0.815708405508	0.887093115362	1.46896879971
-0.802400073923	-0.0461399582807	0.722379894567	1.16937071844
0.920246667828	-0.887121780736	0.636540131563	-0.129022208963
-0.736373855047	-0.336205825548	-0.711080384735	1.53452431558
-0.880677917962	0.127885958952	-0.66018198304	1.01437949987
0.0376067410841	-0.406998900345	-0.749321982017	0.852565020127
0.53096130697	-0.986661790737	0.925627064037	-0.298454719328
-0.397789739847	-0.745038102145	-0.00137667299515	0.45563275902
-0.701498590919	0.561098788736	-0.454521281283	0.0500485181529
0.446464578551	-0.95200680899	-0.893753055601	1.42394682003
0.438357861639	0.447104228578	-0.752480870354	0.61793934962
-0.634759879126	-0.0309311807252	-0.201830321123	0.46953230535
0.619210384177	-0.928058030246	-0.977319219843	1.67092013799
0.8624062718	0.985938244624	-0.162656476461	1.46011179187
-0.426666494023	0.233157724531	0.741399036117	0.805099151227
-0.364289120959	-0.781332381151	0.951925259394	0.579729119828
-0.0463687412593	-0.313597665829	0.211130596895	-0.00494274423376
0.208012156347	-0.37828502101	0.758219495897	0.252654900278
-0.0392048371762	-0.825195605003	-0.771388228222	1.26547465291
-0.476216720446	-0.228257938454	-0.868033567998	1.28710043961
-0.587865939194	-0.328608487648	-0.536804521241	1.0033217156
0.694678036642	-0.579698840581	-0.427616163691	0.51061769993
-0.881107256083	-0.287298554005	0.338146607924	1.04668493427
0.418270883801	0.265032115723	-0.72446828547	0.618652683694
0.372958048323	0.313110889418	-0.0859465279921	0.236350943887
-0.726387824679	-0.939217829016	-0.0872272779026	1.29940968015
0.590990984169	-0.184844081048	0.197618785873	0.24255367965
0.372282650307	-0.453077902762	0.360452574747	-0.0634657086859
-0.553107047363	0.419598429304	-0.293733598692	0.0368738278878
-0.0697323082983	-0.373000810099	-0.964621134391	1.32117119979
0.122404497027	-0.402065645382	-0.991267505325	1.34693409419
-0.080622568315	-0.803445651281	-0.891673036979	1.58276747923
-0.920715859599	-0.36822312841	0.636129531843	1.35716974331
-0.857261313571	0.415818320464	-0.665562845988	0.544652677316
0.841052277087	0.436724629175	0.212075205751	1.2122715351
-0.336284585454	-0.533043242823	0.0967837730327	0.250118710849
-0.841986567264	0.747577083991	0.680744433366	1.05181343874
0.0169867163704	-0.203134590135	0.535868859596	0.17513989239
-0.321493783461	0.322848813695	-0.91935960798	0.547972296192
0.83782853747	-0.236200437354	-0.872585867529	1.47157245097
0.644501585712	0.0710454927261	-0.326973696002	0.544853017241
0.262009332612	-0.926481510097	0.860197973598	-0.231114875542
0.138622596346	0.379028862384	0.534877122992	0.560585593355
-0.91854826301	0.970181134136	0.972092315105	1.84064180975
0.35932190092	-0.806209299027	0.0700607612532	-0.212151556337
-0.745689328698	-0.300166844746	0.579376743786	0.941651510028
0.244091399844	-0.525950688235	-0.843579849961	1.08650893766
-0.841075139669	0.124712985447	-0.19210027757	0.615459516438
-0.352689015481	0.860705070744	0.22548141616	0.0657431849017
-0.937227357775	-0.448100375328	-0.838615013645	2.37742589443
0.0186749350666	-0.179912530265	0.170328857054	-0.00464347772505
0.0803352824829	-0.751743661294	0.908634186729	0.0886183132115
-0.0580308454677	-0.212735602436	-0.323145972601	0.18888077866
-0.444903399672	-0.907200689902	-0.0977985506718	0.699843175317
0.00562120139965	-0.296536723056	-0.0393969653357	0.0115994731392
0.558255459011	0.02675372351	-0.598608671952	0.668901900949
-0.930697203153	-0.725069938457	-0.543802187034	2.23103328468
-0.880491043213	0.547146198561	-0.929543914934	0.648962620357
-0.320826410648	0.127902823717	-0.774715962715	0.5629914456
0.896553633331	0.572886547097	-0.250152981666	1.23669916905
-0.980098832104	0.0572303941613	-0.994478023332	1.83657444784
-0.289222933373	0.732169302656	0.677712485577	0.827384242821
0.588144217012	0.354920937223	-0.77669482377	0.882247911211
-0.923163140036	-0.761794666777	0.843793147205	1.62468069563
0.848530348127	-0.614150672201	-0.470517199505	0.709233157395
0.788005242495	0.926174608436	-0.621276608246	1.16135671369
-0.832926537463	-0.571974978255	0.429404074499	1.10895922798
-0.503925128645	0.336865235483	-0.221983018622	0.0586837768684
0.0641575888364	-0.998661184637	-0.489977426651	0.669443818507
0.469245780862	0.194982242256	-0.908721390524	0.960276228665
0.443810689142	0.961824690629	0.965685637852	2.4852050476
0.0854190270562	0.0474990195405	-0.998552277946	0.961030127847
0.718350496179	0.565713009494	0.00867465641029	0.927390272075
0.108882266441	0.325766031336	-0.375334423116	0.0659302154999
0.338623099246	-0.668709980833	-0.650931661921	0.747221484795
0.0647200771906	0.081430913484	0.575044764383	0.3869618049
0.162058265939	0.905472758111	-0.202136433502	0.0308323303842
0.848150827926	-0.357414742612	-0.583113966877	0.964653643805
-0.888984384355	-0.161453809284	0.169113326327	0.935118477279
-0.0429608228809	0.95556484097	-0.53780445772	-0.263879615952
0.979471860252	0.416708492391	0.908731406817	2.57198823151
0.0560711782873	-0.933085868252	0.441742633097	-0.266222501493
0.83337531669	-0.559438637578	0.386114168309	0.161369033408
0.375237589984	-0.670536825543	0.0520304515841	-0.14298853942
0.559818954832	0.597333050126	0.742053449081	1.64169199739
0.423372635726	0.384357159736	0.792585480976	1.27479834143
-0.0927717452386	0.818820310677	-0.834068924714	-0.0546383974307
-0.553802928245	-0.629729619878	0.754852256937	0.749892895802
-0.886889966452	0.473420580943	0.67915629891	1.14948169737
0.384981133635	0.85571715585	-0.803210598794	0.435471610852
0.116408477323	-0.608935099725	0.375360362828	-0.145008972144
-0.788112384275	-0.273819899873	0.765181403597	1.21290266949
-0.94393087882	0.351954566153	-0.823666927854	0.947318592849
-0.692905760943	0.135208743013	-0.555709085604	0.620107337462
0.219093470182	-0.987207691485	-0.371133983496	0.335837946543
0.711433256644	-0.861025729431	0.336805419456	-0.282985301472
-0.258312815009	0.05519733698	-0.938950617224	0.882268018861
-0.61314972927	-0.709838303728	0.381305177319	0.685918372239
-0.172271550398	-0.784615345312	0.508424679941	0.0244222384359
0.388433666063	-0.745718692774	0.144659732616	-0.225730561218
-0.224935745504	-0.223651513436	0.456982240424	0.207531307892
0.564191453391	0.762377215956	-0.970933868876	0.950933423481
0.549017304064	0.518845913761	-0.379329171012	0.53335261459
-0.195218743705	-0.272205375682	-0.326272927422	0.286517217317
0.891684352098	-0.233412434654	0.103863693947	0.573515357453
0.829256079756	-0.724700855591	0.675866884826	0.0536977916144
-0.301030693035	0.491288743609	-0.737887362676	0.124688491843
0.958677335198	-0.892474292645	0.375203025479	-0.130614388017
0.459658787502	-0.129321308075	0.944188287706	0.921230383465
-0.740581785101	0.273194746194	0.665704659334	0.971168036513
0.451863067282	-0.736100474136	-0.681582328451	0.837831159095
0.39801063667	0.747030426424	0.467266148972	1.02313820703
0.893933781443	-0.166603951044	-0.806853416667	1.43562210876
-0.161403980616	0.143369164564	0.31962351428	0.150894238199
0.720436731122	0.826551042138	-0.871738842422	1.15389877516
0.860793297967	0.401206180458	-0.314077164649	1.05895545882
0.024586723911	-0.312816163733	-0.0740349673982	0.0215538932213
-0.785181796296	-0.764387212671	-0.599778382568	2.03489041221
-0.495273618635	0.704779040222	-0.214880950431	-0.209032275422
-0.228685915604	-0.152290457979	-0.600078290134	0.538604082735
0.701068926305	-0.608976800245	0.0440823826339	0.0396610360736
0.200902372861	0.558681385951	0.962576900961	1.61693026691
0.892497490299	0.030421205703	-0.290220513118	0.899101708237
-0.449893691751	0.687431003849	-0.976621883651	0.175563603499
0.433642837233	0.808338916966	-0.438297965457	0.3763882955
0.663013862484	-0.233050011295	-0.708664536443	0.952431697139
0.541373092713	-0.533814322715	0.57270458899	0.0263647486535
-0.479461293815	-0.470593262949	-0.270242861727	0.655720061383
-0.0214303318825	-0.356001638074	-0.365540309907	0.271841159655
0.772025328242	-0.792602303903	0.953856009776	0.137926870055
0.246133456161	-0.629761131356	0.103376831473	-0.148839546634
0.237526589982	0.361862068237	0.702705589968	0.89044838838
0.933532648711	0.688785219579	-0.478054705721	1.41374598285
-0.693002620823	-0.758821665521	-0.706851588494	2.04213150322
-0.95440983169	0.300563740229	-0.0767723576605	0.606856146038
0.3143068587	-0.445799797131	-0.420637394271	0.323126750071
0.0516561201542	-0.269211219487	0.128687861833	-0.0293217027853
-0.702391125518	0.340945714413	0.850258998968	1.26670857628
-0.325858304756	-0.0934318820378	-0.643835852769	0.611308590228
-0.0430363213938	0.522725216671	0.56213935231	0.589201020685
0.546941790419	0.430847545921	-0.832740126547	0.86946592872
-0.447396499567	0.914316787434	0.575281654011	0.648040152837
-0.557145921943	0.123632800124	0.300304296484	0.36884019948
-0.759431077078	0.254043308357	0.988110275966	1.61119189854
-0.738964164628	0.488581626975	0.766114806549	1.14626523822
-0.725383198378	0.621587709927	0.524245578444	0.675989538452
0.335465384112	-0.864182552559	0.453707847184	-0.363601902899
0.576964288063	-0.780872195672	0.352807769193	-0.268672036121
0.443069790241	-0.926936404294	0.59734190413	-0.411267285512
-0.931993481275	0.388701689415	-0.78620175352	0.818859655867
-0.558681497021	0.946769202146	-0.795308830944	-0.33727519083
0.393332377231	-0.654410409004	0.937477712179	0.162678844892
-0.615642920805	-0.49299379853	-0.979383723313	2.12454692747
-0.861185630877	-0.255382992731	-0.0171570665715	0.96624884248
0.482285183469	-0.648725928452	-0.338687656932	0.254152888426
0.74667501124	0.436861086656	-0.739024879138	1.10702338942
0.471037049856	0.749905933788	-0.928355181989	0.740773665347
0.0438783938672	-0.446418935027	-0.653981415736	0.701978546855
0.785647373502	-0.494435255129	-0.709786210147	1.08352982595
0.702496614319	-0.597531927247	-0.902688860993	1.42796993187
-0.306044693861	0.985534077193	-0.969966306127	-0.2230543337
-0.744574316526	0.895331590589	0.71433461723	1.03759030013
0.395817478798	0.983432692492	-0.650940639192	0.32949873573
-0.279873729903	-0.378950265338	-0.806000267069	1.13945797448
0.467627710002	0.525319961847	0.405373836059	0.841608760992
0.671040824203	0.450982381681	0.684959197379	1.53099700911
0.342815016973	0.84149048674	-0.838247986087	0.403279691714
0.524037590842	-0.731202170171	-0.0740139223207	-0.0489648257383
