0.796099681824	-0.202777650421	-0.644808363152	1.01887403046
-0.534495165666	-0.72722629987	-0.867030189155	2.05665252899
0.583420688764	-0.431827057711	-0.391567034918	0.410856844061
-0.61563444192	-0.390910349902	-0.400578228659	0.936716733984
-0.945480511744	-0.926769194028	-0.638301806847	2.76916325763
0.667966607078	-0.0752185017983	-0.135183691005	0.424378885754
-0.611828319017	-0.352699139159	0.640950306812	0.774879887728
-0.239920957878	0.00753023919691	-0.821919370969	0.725117606738
-0.788533599619	0.0495200926679	0.687437398864	1.08934912186
-0.832322075502	0.722050829898	0.82067655054	1.35786137701
0.31340886544	-0.0703666401561	0.981762054894	0.970945023274
-0.62297808546	-0.443953628637	0.815419561176	0.967575664267
0.364017234243	-0.593587279498	0.730533770277	0.0164765832954
0.637704337309	-0.333714120873	0.647649167878	0.397175651482
-0.533111491382	-0.145185485895	-0.156984384137	0.409043864108
-0.628074801578	0.737677962864	0.730470815312	1.00360085122
0.250825077998	0.727337900624	0.522165569312	0.897795496144
0.662029609085	-0.946112311854	0.870592982079	-0.253817759175
-0.110196292149	0.106944465161	-0.943918679357	0.790393934198
-0.601541907563	0.522227959927	0.126121366049	0.129481366026
-0.857367904425	0.709728030193	-0.135916707263	0.0485911439763
0.558039138003	0.267380263078	-0.262991296181	0.459462070977
0.709930607801	0.542750872089	-0.935236432731	1.25638372003
0.882081839871	-0.370984305831	-0.526612647821	0.923515761619
-0.272702143879	0.737179309315	0.346533143446	0.24887836405
0.218625285315	0.306855045848	-0.397660564803	0.150993061282
0.683644359232	-0.295659459648	0.103383784484	0.245365501106
-0.92789670851	-0.932421425422	-0.245751973005	2.01572151046
-0.368324838688	0.58814072659	0.0936748178861	-0.0170947044919
0.308219899864	-0.193840677559	-0.962621983403	1.14849033287
-0.119975154346	0.981744581981	0.659235613997	0.978401666961
0.677871635492	0.514711138569	0.275805328674	1.02644668958
0.798224935842	0.901634486749	-0.387530617895	1.15763918858
0.318634808188	-0.0514767573913	-0.712450069168	0.629385574692
0.171122445846	0.453843106297	0.222451117204	0.257388039429
-0.25936475513	0.343472400628	0.537414799984	0.451587259846
0.0751634525966	0.229513366668	-0.828486239825	0.519141345102
0.876730407708	0.49258815891	0.667961545171	1.97572579878
-0.401577996576	0.410034819937	0.640933105348	0.670204061792
0.874189338366	-0.29556960421	-0.607551697263	1.05451608211
0.532396938411	-0.400538289192	0.261072679928	0.0337904807788
-0.545397920759	0.710379969339	-0.724499715196	-0.0797511144066
0.515054290213	-0.965246010518	-0.781987139969	1.13444067725
0.318061125544	-0.651730007622	-0.702311227163	0.844831261038
-0.399006304139	0.351048842376	0.178279922371	0.113504020662
0.424199330159	0.828861072589	-0.476839793053	0.36368962941
-0.287175018074	-0.527542088501	0.21828186174	0.166460501746
-0.738405428204	-0.245797360865	-0.560503271386	1.178674824
0.530962362616	-0.63369515688	-0.0598943334922	-0.0130051669172
0.714389376195	-0.965840014811	-0.691855255959	0.967251520996
0.223027740844	-0.0877037939149	-0.399110838055	0.224473989909
-0.728231336038	-0.616143300178	0.75355490439	1.08256292574
-0.144030399992	0.296477815562	-0.494235112737	0.0757815378216
-0.0662082869625	0.638524098461	0.266992257179	0.203873806224
0.668939073898	0.925503306348	0.553024337075	1.88424657908
-0.826486656875	-0.25998706275	0.629958488051	1.13102267202
-0.282353235109	-0.480957081254	-0.634682771166	0.923600530374
-0.0671048868752	0.450533078945	0.944252029938	1.29129876494
-0.271646711304	0.852647819286	0.683700009773	0.892573985495
0.721001778613	-0.602231396479	0.257623166419	-0.00314540663692
-0.0891259148389	0.360879536798	-0.041015678354	-0.0373397233029
-0.271158995004	0.908372810097	-0.879926919025	-0.197816562994
0.304626225339	0.307717948109	-0.229023662196	0.168513240612
0.778524883169	-0.387864073267	-0.378131962333	0.593786745468
-0.943858133343	-0.216839233059	-0.572051682227	1.54682002481
-0.166907587321	-0.628704726306	-0.531459583888	0.749374173248
-0.395950263697	0.18888840723	-0.597969304914	0.326604016711
0.739188956236	-0.789881808987	-0.740144609423	1.09496920895
0.649297558613	0.171300740217	-0.080089321033	0.5255074114
-0.521160970084	0.786202258014	-0.25263795036	-0.272927767801
0.849594715964	0.5492978569	0.00589781856176	1.19176618147
-0.799849073786	0.280060201282	0.277348362834	0.570349000924
0.625582908761	-0.234972468642	0.978892197106	0.972576432788
-0.254330104736	0.545324972062	-0.935077798178	0.290440459394
-0.0185840928407	-0.150437384557	-0.483388265146	0.309524992043
0.791452831206	0.495831905523	0.550479171446	1.59479760418
-0.492215143778	-0.777911353483	-0.0259930611751	0.646071433095
0.228208421798	-0.932776225274	-0.772322356287	1.15609744773
0.280897555345	0.457989008783	0.302084927875	0.437158309876
0.903952589121	0.894705484449	0.989698716337	3.49089404112
0.783165972643	0.278350668307	0.911629301983	1.91616432227
0.0279853533746	0.541672759775	0.0850783820832	0.0692650567172
0.350157904661	-0.3667394035	-0.834267010156	0.996153887009
-0.0796814342742	-0.843576224065	-0.942931657971	1.75812133361
0.259742106301	-0.985131192238	0.933403897295	-0.236696547765
0.803715599248	0.340242790954	-0.439451709685	0.963014732047
0.85118001193	-0.130195695207	-0.743937711155	1.26398824488
0.359145477358	0.145739556468	-0.171610554177	0.185766912738
0.857071712724	-0.118679252673	-0.398012396638	0.838504972063
0.578496532807	-0.605678789302	0.926759514194	0.28183977548
-0.0462693149522	0.61027059684	0.921171434763	1.38462470056
0.869676536734	-0.881815930522	-0.317144498778	0.369686358458
-0.324350659778	-0.825637902643	-0.320302284846	0.740046809307
-0.692933312938	0.302371007132	-0.873694113832	0.76979526789
-0.23865960031	0.358622591895	-0.527759663124	0.06063340411
-0.119785633699	-0.578344915909	-0.86168625599	1.32448107931
-0.884802471032	0.0848471392912	0.943460741318	1.67797056958
0.667515108741	0.195371142126	0.051430855158	0.588682847353
-0.705550027749	-0.62098897743	0.119397003514	0.876051053242
-0.580967173881	0.0488882531106	-0.0277599519088	0.308533866256
-0.572329525887	0.9475420783	0.615911575008	0.748203979833
-0.202776817455	-0.646979102639	-0.792951631856	1.31410622677
0.489483483081	-0.564282885086	-0.871838885435	1.21545373193
0.523597657744	0.224482879408	0.527551046667	0.788429501887
0.787834763157	0.116103724615	0.868733005845	1.56771433754
0.665183338701	0.833479231349	-0.988670263687	1.15031813079
0.305543371653	-0.438807210814	-0.534402020764	0.479367097245
-0.491243462693	-0.275244951097	-0.335627187065	0.581557719892
-0.48164186247	-0.185749828115	-0.313672455152	0.4780987906
0.243165327195	-0.62957795467	-0.736254215362	0.91163753967
0.553222112082	0.704248646098	0.974171824681	2.33073056132
0.626221339312	0.958213439427	0.954668010196	2.81837359645
-0.501428866586	0.938311933742	-0.118244756427	-0.31603442483
0.154704530683	-0.599433506712	0.372093609552	-0.153393310447
-0.0441312931185	-0.0358616764141	0.219085382677	0.0436718289879
0.181079511109	0.0498671883102	-0.815728309652	0.666554313363
0.895047449376	0.132579591935	-0.638663749996	1.24299256844
0.243985141487	-0.279317825212	-0.231400342797	0.109559709312
0.3549511161	-0.425602687413	-0.0540671082519	0.000856504675585
-0.38299015004	-0.312921599521	0.373483570136	0.289146246379
-0.825561037934	0.95629256744	0.974271006179	1.77296525817
0.397146265039	-0.163600567947	-0.0378602136692	0.100379149554
-0.636791673913	-0.513171613595	-0.149813193885	0.831610918296
-0.554657550617	-0.0798237711991	0.965153550959	1.20639903658
-0.424576719888	-0.283726312834	-0.363172002857	0.535664335274
-0.666150247319	-0.572490555286	0.204065747882	0.749937993134
0.986504982939	-0.558525947132	0.137099242903	0.364426169328
-0.94292301863	-0.710411567843	0.673908873457	1.53436774943
0.484362406524	0.946076680217	-0.546735808395	0.474516964058
-0.886338560623	0.492819765073	0.874279593221	1.54401795369
-0.804942891949	-0.375942337855	-0.883528715195	2.06332401327
-0.524183202816	-0.44195184937	0.946449209191	0.983912893249
0.313359375794	-0.915400790704	0.729432492802	-0.324306641099
-0.516369858513	-0.408155672702	0.5393525312	0.548158475462
-0.54936183154	-0.191875135388	0.304681876988	0.441577467525
0.177320270602	0.0598203136507	0.628177328141	0.474234352958
0.955971689378	-0.918409647278	0.0589241264191	-0.0147361846427
0.933820554979	-0.946547721049	-0.110407873855	0.10481133071
-0.997163906578	0.643539753433	-0.945626304065	0.638282230391
0.440582997444	-0.971282135552	-0.180045469943	-0.0265256972185
0.74072471192	0.699889166715	0.0041512930352	1.0700209785
-0.489238275452	0.671933587582	0.832880428613	1.16394860335
-0.463515333997	-0.253405156785	0.765389108106	0.7241705806
-0.352427306737	0.460288645772	-0.402413185212	-0.0613031296469
-0.910883439452	-0.998525424316	0.107574395575	1.64340539475
0.116525678573	-0.0429405354488	-0.396232240682	0.182588971869
-0.365238200957	0.256679828525	-0.911242929085	0.636115661671
-0.222068806547	-0.349572014427	-0.666073573227	0.803438280588
0.856982165818	-0.954428750334	-0.760606692197	1.22095744989
-0.479451839222	-0.139681242162	0.490353193923	0.468797606158
0.162563004824	-0.909626751003	-0.910896274678	1.53686271468
-0.182341698136	-0.00461351892252	-0.682880021778	0.5035653358
-0.719919111718	-0.0224777173385	0.413499868809	0.696153274051
-0.590185906129	-0.776064786112	-0.23047672477	1.03832629357
0.0345710957223	-0.581579295357	0.442787523892	-0.0803659376538
0.210567575981	0.130626603944	0.246461130518	0.164781900746
-0.954090052018	-0.123363408043	0.0514692700926	1.02428728895
0.290454566784	0.542205912687	0.951582696004	1.66331343036
0.738547772187	0.586187615905	-0.272748527372	0.892890319794
0.273389112876	0.861078648076	-0.287761655563	0.145172487826
-0.872209336063	-0.655826531905	-0.134919211675	1.43945394224
-0.853189524102	-0.730381944204	0.896025437762	1.49950737125
0.120798416526	-0.507611658445	0.804971270664	0.192639517777
-0.191019098709	-0.163306132286	0.647542926199	0.381246996778
0.440178597538	-0.165788850316	0.100731848872	0.114227182074
0.527933827646	0.68083315732	-0.768605688548	0.705611447905
0.233053229344	0.650794830517	-0.616537270963	0.184862582323
-0.603764363884	-0.84548350406	0.839278041138	0.869796108334
0.305786191936	0.490767983707	0.237287908697	0.416334128163
-0.553244840818	0.523223815346	0.599472426229	0.689634417313
0.910321672324	-0.389471508646	-0.206634463059	0.597317229419
0.925590315137	0.139746262714	0.299155501748	1.11736509638
0.00798177060854	-0.382313765508	-0.782203803418	0.907902239447
0.506274613004	-0.0311462048482	0.193332206427	0.271901228503
0.36226910239	-0.250134829816	0.197270896394	0.0301942667394
-0.0599771705847	-0.133146478456	-0.630923414421	0.493652595712
-0.186645457307	0.541537207038	-0.262382869248	-0.139484249035
0.257298014249	0.902608443687	-0.263774076209	0.12993368321
-0.615767034489	0.776743497143	-0.619244875372	-0.19665421344
0.283655682177	0.129624834555	0.19687261152	0.181507771767
0.635645923337	0.566508578173	-0.191061425797	0.692411139861
-0.961838264955	-0.0277801830688	-0.650418792988	1.39296625043
0.695759690314	-0.231317544831	-0.444113048721	0.623107663413
-0.350323269583	0.597099196113	-0.0212791571771	-0.0987043145506
0.0311855064061	-0.8827732416	0.988811589209	0.078294752244
0.360880971525	-0.532836029811	-0.608246742953	0.63200457148
0.671241234334	0.520590959935	-0.280509582457	0.732661786248
0.148328762275	0.6643437719	-0.218066046204	0.0232246919776
0.745466139722	-0.356216282714	-0.218880402334	0.416049982095
-0.807089177116	0.647654979024	0.566500304178	0.816496952994
-0.64119010035	0.881237789533	-0.789466703055	-0.226366418993
0.449169360574	0.197439719136	0.374079033887	0.504230169854
-0.598514242785	-0.0145279888943	0.604920625552	0.724055190177
0.939081062196	-0.093175473509	-0.662697052445	1.29528841372
0.165859696976	0.802020217268	-0.205122265691	0.0380952090724
0.91263813203	0.97662927508	0.864808075929	3.3167073698
0.86817378301	0.844640719678	-0.698058378269	1.38469761487
0.156024605483	0.279098420139	-0.795493185733	0.478678415588
0.616955694873	0.575296777652	0.237736755249	0.928854906671
-0.757241687818	-0.979940874119	-0.577202182974	2.21425342701
0.114911955448	-0.664309861069	-0.555081104569	0.613728496453
-0.844826002121	-0.936566325384	-0.534289690351	2.29082976345
-0.677022423089	0.307830969178	-0.111255106984	0.228080824132
0.671593601705	0.228986085511	0.0560924138505	0.620814296926
0.879707152401	0.40630745381	-0.805750861072	1.45316811653
-0.754066806519	-0.757699750503	-0.0124529641558	1.149563664
0.211588281249	0.953100609335	0.916800071339	1.96075959799
0.187675313306	0.917666300641	-0.101899064321	0.124319415623
0.0636307310686	-0.818792577532	-0.458972886403	0.538408202763
0.0923064880599	-0.731071665617	-0.814857845252	1.2007506199
-0.0657038916771	-0.0356752455512	-0.869936277425	0.794485320943
0.139094144895	-0.122824999728	0.132083104456	0.00348578204909
0.285556212568	0.551727942445	-0.851495007716	0.494341851704
0.552235753786	-0.884105507475	0.826070102772	-0.231211656315
-0.61472176589	-0.559263795108	0.484185571592	0.685322684619
0.576052375515	0.256237440541	0.282312306915	0.631481747249
-0.570008636078	0.609977489956	-0.00432098713691	-0.0253996258422
-0.573966559115	-0.517469234727	0.525056894275	0.630431600044
-0.554462416992	0.622711520085	0.728975130573	0.947504389998
0.0628466218698	-0.266247450741	-0.34841410233	0.20137369827
-0.162512624665	-0.879605142752	-0.894115381246	1.75526809613
-0.182378264558	-0.541555508106	0.448033688457	0.0901288593051
-0.612054993207	-0.676496429216	-0.337502980907	1.13089215565
0.0443596973248	-0.0974633213384	-0.930185299166	0.953547978813
-0.600660997556	-0.561303095596	0.229299705873	0.621818231704
0.672911056775	0.117090816509	0.232852889461	0.61308639849
-0.24374953697	0.937869429958	0.384211852349	0.338767895914
-0.513234204674	-0.834707236945	-0.484617563565	1.33117762411
0.808677912636	-0.783791302989	-0.0302513028833	0.0447511009723
0.615049341404	-0.569453468773	-0.051117516623	0.0597657590944
-0.0866947104489	0.59979557056	0.351828429202	0.290325246529
-0.245411634068	0.164183980907	-0.682887051812	0.37414982195
0.515540151778	0.748698665127	-0.0274807504391	0.631946262025
-0.839076196542	-0.846867244584	-0.707177397722	2.51362025626
-0.155138924834	-0.980982459941	0.824328945224	0.0471226235623
0.223223292148	0.724312528937	-0.506689779293	0.101244842425
0.739601738027	-0.508795702917	0.706510342011	0.310391982001
0.594983254949	-0.930367925401	0.96888532121	-0.162229323475
-0.578799105096	-0.909413606688	0.561739709383	0.666073951741
0.751096102126	0.225022150475	-0.0495542876951	0.724463429789
-0.522618950294	-0.677577085364	0.0531647106791	0.594048489058
0.979874867943	0.794538682105	0.512805974337	2.40911739337
-0.294671353355	0.977757412843	0.10002048132	-0.0934860298765
0.0833203286511	0.144146541733	0.374647028949	0.213317084291
-0.847537218657	-0.347632429828	-0.615228610992	1.60533042042
-0.298179314664	0.113896848837	-0.025655340319	0.0526853534335
0.564986760821	-0.136119986714	-0.862837389351	1.10424182396
0.263133270739	0.805466700334	0.247656113566	0.541996508699
-0.632171259797	0.908346713664	0.849092797526	1.31763904644
-0.739674073705	-0.266562279413	-0.579903141721	1.23515489949
0.932986935195	0.265505791454	0.250831706154	1.24769187137
0.553351686239	-0.098004399368	-0.0385648356048	0.257233959109
0.858147867083	0.107497389805	0.291946133196	0.945282409527
0.380835911067	0.611867954779	0.398676432412	0.780937512249
-0.943739369085	-0.520395482146	0.898116270322	1.72099888626
-0.436535900226	-0.027261706916	-0.0988129332513	0.21492211096
0.45588718203	-0.879552644658	-0.636148630921	0.771067637465
-0.159226291248	-0.481465083412	0.992460032454	0.609156975132
-0.446772899052	0.61207169198	0.280133320919	0.176085332277
-0.11788867446	-0.277673777	0.663143892202	0.302254485592
0.191981413368	0.774462332991	-0.155838101669	0.0891340105113
0.20262731251	-0.358738802704	-0.380969817623	0.25017420647
0.727861527297	-0.55084334044	-0.146042515554	0.230619691308
-0.810685324605	0.82064847151	-0.237704382872	-0.146645341821
0.862077379768	0.596526978601	0.783200278369	2.33803259511
0.451470919229	-0.1742714755	-0.470992811115	0.429062327935
-0.829250136005	0.0993767066878	0.154551454331	0.644492607109
-0.68678988281	-0.379942903969	-0.0113950434564	0.737080598538
0.267891696378	0.485175393127	0.183013282354	0.324027822826
0.910294204851	0.616416664608	-0.848374802116	1.58654349596
0.133561329375	-0.46384163071	0.532691543783	-0.00743690962832
0.771483583843	-0.54728074417	-0.218861251965	0.340647606715
0.203553312568	0.304504036206	-0.302998533072	0.102960591076
-0.775819104493	-0.989879937312	0.398468522577	1.13420421675
-0.808108441544	0.228157970193	-0.0688534771896	0.457694203301
-0.25349073405	-0.140853553153	-0.72038123444	0.72038000226
0.0806900344778	0.648310256334	0.469724069417	0.583990691839
-0.776219352604	-0.740795322043	-0.385545902382	1.61179239241
0.0239114692402	0.597321701667	0.077162161277	0.0668992304684
-0.648670859565	0.296442014564	0.265241487072	0.377462354888
-0.375638309483	-0.180626879143	0.041032570578	0.203226601761
0.672363597971	-0.482798879352	-0.177643253622	0.24477950559
-0.0610712784469	-0.981808841363	-0.256912023862	0.381932306669
-0.472473614789	0.0646009285261	0.73073062183	0.773882200805
0.736478058235	-0.489726969908	0.80027045373	0.430245537099
-0.0013350061677	0.524162041173	-0.724255992103	0.144221265628
-0.137765531068	-0.468207462242	0.990430399839	0.600707664126
-0.308297557015	0.336208013051	0.9669467762	1.25147659694
-0.0827166608875	0.291680319532	0.945180693959	1.15177237497
0.617741827778	-0.966309349651	0.833786343038	-0.325820611118
0.640620781839	0.612003436141	0.618595375408	1.56369983968
-0.801021455126	-0.155627353882	-0.920817208405	1.75750489789
-0.00716038860057	-0.612570788879	-0.99255004186	1.5976002638
-0.962810542819	-0.414911594198	0.97705843297	1.87573570799
-0.26949021266	0.278326032953	-0.203730047659	-0.0175786107286
-0.361496960568	-0.877654335293	-0.328453203307	0.844099311725
-0.0786263878524	-0.212064516322	0.0366971261626	0.0164204965353
0.11418769483	0.562522337783	-0.810345721485	0.278094577359
-0.575530882157	0.866382725905	-0.25939623645	-0.32484422915
-0.503189190972	-0.35387054109	0.838374711703	0.837459237548
0.781914537212	0.904531088498	0.207130931116	1.54891594017
0.110499011828	-0.992574613631	-0.801400038163	1.34022287206
0.509013881695	-0.416980139699	0.894770265414	0.474358849857
-0.40329810882	0.907073869884	-0.686696069	-0.354504381269
0.460084041636	0.955905309233	0.570004669939	1.5212499175
-0.797423600415	-0.0608611066619	-0.217083614889	0.744753726192
-0.269859331048	-0.56254541145	0.941911085398	0.581960920682
-0.126017846476	0.751527064014	0.366035652833	0.330242474098
-0.975016078699	0.749709908906	-0.304849239923	0.0840617013669
-0.54021669221	-0.598715644726	0.741846603019	0.721451474907
0.75955112756	-0.763623872104	0.304110209989	-0.142836253989
0.532597335613	0.883722603065	0.386138130039	1.24466987461
0.89761237392	0.0481114870353	0.19533918858	0.896448897339
-0.0577709041262	-0.968260217346	0.510462175374	-0.174413838838
0.723448560109	0.125579325369	0.892006931661	1.52192199608
-0.605475951303	0.855698340172	0.335549773432	0.248219395683
-0.673028159647	-0.675017050306	-0.659798750074	1.78798218345
-0.512111304062	0.347693471748	0.614287601675	0.675133276968
0.133592627348	0.478417603514	-0.0930830017649	0.0458919532903
-0.605088214985	0.0958516549378	0.0515149220033	0.315724618842
-0.312615630376	-0.978548254051	0.377196903633	0.176810144276
0.059444263215	-0.261546759171	0.196458420471	-0.0248009861781
0.243189119649	0.440384240334	0.807698472155	1.17431210363
0.641161765608	0.974301220643	-0.949633177831	1.01234750865
0.377302951779	-0.604395373955	0.624094966959	-0.0733882243689
0.552495332911	0.0564425603849	-0.694588747058	0.779684504319
-0.359669279169	-0.26773932336	-0.611812903538	0.763781001568
-0.373144977063	-0.0083080908984	-0.0404139182972	0.144306343594
0.107927481368	0.667391562179	0.708687744478	1.05888877168
0.381567970693	0.811379890957	-0.369738561571	0.291898864855
-0.253143971941	0.33099559169	-0.222728371745	-0.0438218498573
0.369815152484	-0.302099538695	0.44806226995	0.0904426527332
-0.282868098256	-0.25784930168	0.451553339942	0.240419408051
0.487841764879	-0.744340565716	-0.283682539269	0.166501377159
-0.0575642285332	0.342915480705	-0.46570543706	0.0407579255988
-0.717050248922	-0.0815979761089	0.315917213018	0.646696388841
-0.748057529036	-0.702969870691	-0.803329083444	2.29550572942
-0.89010108282	0.774118882455	0.85271229763	1.49045483556
0.461602973606	-0.479712297679	-0.0612937470353	0.0248009698071
-0.528863246343	0.361268808203	-0.872218316637	0.534294058757
0.00431492443199	0.982817858145	0.103467133462	0.116654197566
-0.239912002023	0.0113842818988	-0.315145240721	0.150555363342
-0.465280137734	-0.489379088759	-0.0606750786449	0.477558556259
-0.576064416935	-0.902874856513	0.946510373751	0.89326575997
0.501176225128	-0.0102341669141	-0.641207853152	0.663758226632
-0.472017978972	-0.430307450711	0.770139428527	0.687631830885
0.171348698081	0.167985061747	0.21468779214	0.140299588074
0.351267281083	-0.571041787952	0.532099760851	-0.0979206367863
0.163964945937	-0.121647646228	-0.930736985588	0.986431853655
0.826806477892	-0.680601247791	-0.205268374084	0.302724448282
-0.382004352648	-0.998533279216	0.250549640563	0.339964352554
-0.345094509986	-0.0589784376257	0.0925684806671	0.142552735104
0.849100890959	-0.858300499705	-0.253858943856	0.274520225759
0.718239495633	-0.881546072341	-0.474454715848	0.526067735362
-0.171422651506	0.650082628834	0.601897899745	0.671511288189
-0.248147022962	0.929066727416	0.183840219068	0.0356288593079
0.82460160513	0.772631141961	-0.99817906238	1.54221789874
0.706944045114	0.218679438294	0.414691643743	0.917017704723
0.437946623596	-0.643845987078	-0.96316705212	1.45764908064
-0.992742420017	-0.417354035513	-0.719361392016	2.21757175999
-0.27745102433	-0.677618512532	-0.243363406311	0.489118318229
-0.274371988293	-0.524204118894	0.351240203721	0.15835503353
-0.356074754426	-0.40254936626	0.877904799942	0.687443714383
0.429284362422	0.0644578835667	0.169209609025	0.251494610333
-0.231335257933	0.763147131766	-0.758592316955	-0.126482084526
0.964676805686	0.601069607328	-0.271299978767	1.42097275499
-0.414358584827	0.769509358692	-0.522263980823	-0.276287127345
-0.404119519211	-0.984481333374	0.934903813753	0.514810496752
0.512872532617	-0.773491835564	0.522583974975	-0.264784909091
-0.360976124621	-0.86455475867	0.283764349839	0.277579776099
-0.156159045904	0.0076762947508	-0.394736430019	0.175973660751
-0.561608885588	-0.0232987478694	0.0484852155929	0.329710495516
-0.659245014188	-0.733507352044	0.972342273892	1.15039434443
0.842958688202	-0.702168181408	-0.157106956661	0.253678682795
-0.905057102551	-0.226545836034	0.145078619409	1.01234612552
-0.550528613777	-0.376284188076	0.0874255181854	0.484983348138
0.791906647183	0.966225665906	0.280436777017	1.74188666288
0.219063977711	-0.152158671981	-0.965309958152	1.09336013899
0.833059038918	0.871431111954	0.573774181594	2.24916241147
0.984403366704	-0.541850824414	-0.598705893982	1.1185082423
0.381998879864	-0.802035622967	-0.364646914738	0.264973622486
-0.00844087295434	-0.0920162183182	0.757543467948	0.505013766243
0.00583680213796	0.604311286988	0.505766544194	0.565001542134
-0.221439134018	-0.811261075067	0.757256184599	0.187784702694
0.00218604141886	0.0964158301501	0.0890913429596	0.0167426309562
-0.0576800913133	0.840521369279	-0.967667107969	0.0778803928523
-0.630179527976	0.469014795974	-0.706378891477	0.269231701397
-0.591877153449	-0.236195091262	-0.188446251806	0.570139112512
-0.0317165400232	0.537552361061	-0.426926054697	-0.0632726145846
-0.702030081416	0.665170179882	-0.165255735604	-0.0567369695533
-0.639089999423	0.02751197068	0.579460938541	0.742570493683
-0.77417577761	0.923389709871	0.521575918874	0.638141463516
0.046895267792	0.572092055099	0.704425375997	0.928238847633
0.0549910789017	-0.855265231955	0.841952605824	-0.0552165393548
-0.129918598082	0.0322246755415	-0.265879159408	0.0748161152203
-0.528856911234	-0.700793143576	-0.458071862888	1.18115238223
-0.353550178146	0.419528334644	-0.0183669669483	-0.0306947065651
0.266281869774	0.596977970528	0.958511616173	1.72082528206
0.798548640821	0.070917037548	-0.379883528845	0.811681916711
0.0167623608403	-0.689116242287	-0.751818491817	1.07205114023
-0.287040627943	0.439753018635	0.732318826158	0.814495617033
0.8239870924	0.578787604783	0.613588925605	1.88749727822
0.105824573553	0.267955489737	0.505069961699	0.429987050949
-0.384007091737	-0.100090725344	0.569536947993	0.453263963748
-0.960185386042	-0.555436779128	0.701327740878	1.55759563238
0.963533962768	0.119738138293	0.25116025369	1.13692439451
-0.977501929949	-0.33722915405	0.224454659873	1.25983941124
-0.688054062549	-0.781764296495	0.0172127386273	0.998154467017
0.203188915883	-0.64092945534	0.505360687703	-0.157455151294
-0.666824017539	0.794469147974	-0.516663491201	-0.2286488792
-0.546942756256	-0.349043109571	0.487638889834	0.557637671445
0.521852018699	0.954237022066	0.587639709317	1.67636803994
0.848862116859	0.0546457989619	-0.541486433579	1.03057124098
-0.637577972268	-0.20595901206	-0.0160466338203	0.541383043307
-0.673145349679	0.338822551956	-0.0584394806581	0.208662395507
0.237748046021	0.725116956975	-0.0712342741443	0.182340414757
-0.598900450272	0.791089685066	0.320259579038	0.24081802823
-0.825930033498	-0.989008455794	0.587427882818	1.26311258149
0.118960113037	-0.968333019642	-0.255176353842	0.211169163838
0.430990936406	0.359827694964	0.22971549384	0.476262867217
-0.171107981122	-0.465020863598	0.534931228321	0.146243959628
-0.324635716857	0.763680288443	0.731818138818	0.951903326415
-0.946641119905	0.525949331063	-0.870623043366	0.698325022498
0.814878903631	0.473418824933	0.695922071003	1.86357677861
0.577043216915	0.400374772347	0.160770337962	0.654227909825
0.869651829134	-0.238403238697	-0.465988929239	0.877205443413
0.885269003261	0.517229049021	-0.107737310098	1.19747051436
-0.289494968843	-0.326806748155	-0.484150214461	0.57104123373
0.841316331597	-0.260538091917	-0.261128308781	0.624840083042
-0.143724600695	0.340093915154	-0.496695899004	0.0495604618447
-0.319919317909	-0.269259119613	-0.336408929742	0.392241704121
-0.350660289984	0.0488410038891	-0.250167071336	0.156201191062
-0.678300084112	0.0243446834631	-0.845423747729	1.13773774296
0.480348838052	0.0292087799476	-0.456910466021	0.440186786428
0.21902082687	0.864921060461	0.88553513377	1.78749630856
-0.790390238444	-0.799102960551	0.69174862042	1.18205769188
0.689471021219	0.188422112176	0.904088174823	1.59300750655
0.882882707707	-0.551575810229	-0.720957332788	1.2099472314
0.63100359853	-0.17905765504	-0.202667735722	0.362542937296
-0.689676408034	0.82349392268	0.895695723655	1.44758003154
-0.146897780551	-0.0197571982372	0.328691394144	0.126025258053
-0.159862760778	-0.134199987582	0.0151819685726	0.0452027549706
-0.610721533199	-0.05285347982	-0.639291272756	0.847741649149
0.847075844862	0.839335020377	-0.384089333052	1.25366289604
-0.507405582293	-0.968358226009	0.451009258723	0.515481620242
-0.754571564417	-0.539549518663	-0.17919128893	1.10529906192
0.00182683033384	0.979488395367	-0.276050626909	-0.192391740553
-0.874284110439	-0.501329315767	0.479716486762	1.19230893024
-0.670153306537	-0.00723866230604	0.721220070499	0.968894189294
0.249997456702	0.962247189164	0.0311248842322	0.333976669151
-0.123526436137	0.886417457856	-0.954579004558	-0.029171627675
-0.0137365509635	0.101891222312	-0.213946275037	0.022762819994
-0.244261139588	0.940897537789	-0.973879170129	-0.13804107577
0.237674746842	0.928133983009	-0.321462494338	0.0820611647412
-0.268040722738	-0.77759622561	-0.00328602988806	0.282839285787
0.676260953233	-0.78668029321	0.580356130959	-0.194413780636
0.254865815402	-0.0568186367225	0.728396181167	0.539649974413
0.141339045431	-0.67713448957	-0.0797368220395	-0.0153783035401
0.994431861873	-0.4705489005	-0.130128911568	0.599131458569
-0.365196340891	-0.516291967586	0.792549725876	0.540864315397
0.57185471058	-0.754387118014	-0.824541182052	1.19750938989
0.74508232664	0.665616435381	0.751100364697	2.11518322101
-0.512980496951	0.718744232653	0.751473757869	0.99927745483
0.842988163901	0.820514266843	0.664725694062	2.3895900236
-0.236097728756	0.158011733695	0.0695810282853	0.0342720644905
-0.470428853956	-0.770200747595	0.896923158608	0.697288226793
-0.317185607123	-0.0587469274807	0.0293083407252	0.118377593095
0.441716275882	0.91999188831	0.367790714177	1.0751231422
0.492619995152	-0.294007892259	0.477478044052	0.185443262384
0.862204002247	-0.995127516451	0.577981139382	-0.355709924248
-0.455867187715	0.896133609108	-0.37212509704	-0.395699733769
-0.302371604034	-0.0914073751984	-0.23893223311	0.197996361883
0.962034804457	0.525532668183	0.31511640873	1.69599400078
-0.824023652802	-0.524702174017	0.359756850438	1.05204177234
0.097199370285	-0.552911268975	0.229595083938	-0.118526716226
-0.461697513707	-0.856174556306	-0.175132297819	0.789073397228
0.849403593291	-0.334707063837	-0.363397197128	0.69087421331
-0.915407838891	-0.0781354198362	-0.941417684528	1.86932261008
0.194151609138	0.855038755948	-0.822421059156	0.17687651693
-0.405485485746	0.865907441125	-0.200211851874	-0.319974566934
-0.126279451748	0.39247196412	-0.392752284082	-0.0335045482167
-0.559057080559	-0.283897438188	0.411399294722	0.523713866149
-0.440722897749	0.223094187429	0.622805573081	0.622745040959
0.140669964479	-0.158667749082	-0.868523019643	0.889607080481
-0.348445709926	0.697307450516	0.481927945301	0.446747114466
-0.802026524317	-0.592654224076	0.77374522569	1.25868925108
0.557586489271	0.377883591119	-0.306368752176	0.499695565973
0.587778316094	-0.913942931978	-0.63627905586	0.794661294101
0.300963065725	-0.854083000065	-0.653295545646	0.818295018363
0.00605678823007	-0.0390224736391	0.379832768161	0.129251251411
-0.822885894609	-0.719180093155	0.523198513738	1.16640707882
-0.293373563326	-0.69581209304	-0.0552055475838	0.331661260895
0.361084986865	0.162691903214	-0.545816038476	0.398243269227
-0.890743274215	-0.682265489262	0.215213951092	1.30063096946
-0.438101102135	-0.00779983993152	-0.849274383756	0.923240877317
-0.923008619539	0.606162715417	0.0320179565952	0.312884741627
0.755117234422	0.585733735386	0.540854456834	1.62181992087
0.33861978419	0.0138805564598	-0.115629724815	0.131128817615
-0.121194404695	0.0439787814117	-0.863608595239	0.717197453633
0.00472816967267	-0.323771036637	-0.821563778936	0.939457110422
-0.586476941316	-0.527252285475	-0.669141853112	1.45373390133
-0.107436092506	0.175018862463	-0.804631136884	0.499344811439
-0.630258572907	-0.801934746793	0.264081237067	0.760615097591
0.716339702111	0.838499152951	0.832180432336	2.50409966184
-0.40747132305	0.709789432194	0.894023985782	1.31066170447
-0.558305744661	-0.126154857508	-0.017389278331	0.384634415115
-0.0588826299217	0.657797871501	0.772795906124	1.07029131015
-0.205005934948	-0.952354547324	-0.502187825927	0.967719239883
0.598224111701	-0.934586055723	0.035383928022	-0.233037128536
0.36914998847	-0.379096923363	-0.0870361795307	0.0368985335275
0.127239239236	-0.334750478367	-0.240110107146	0.111626264582
-0.103612325213	0.644557998665	-0.634102361698	-0.0626785831343
