0.186869426302	-0.0993510538887	-0.145985117385	0.0521699378061
-0.846252210988	0.592002079023	-0.739708384081	0.324419328552
-0.596935507467	-0.433300694283	0.4486083635	0.621851718339
0.791888572766	-0.689095043419	0.661846125207	0.0633664303095
0.988867286519	0.0687072832315	-0.141679368973	1.05613953414
-0.873503908786	0.418976525816	0.445467962209	0.782113770197
-0.234325008561	0.450011941096	-0.0207179316242	-0.0594349262477
-0.316945444348	0.212237433078	0.691080017794	0.657451367182
0.652479707972	-0.364121042263	0.407268279698	0.205720679158
0.600437420654	-0.432490071907	-0.127917665052	0.172527922077
-0.935002552144	0.132529594211	-0.419407095913	0.870632723566
-0.530815211362	0.644129256385	-0.872186801196	0.138759961738
-0.754422353434	-0.0897889235644	-0.565989394168	1.00805543115
0.963987039737	0.182930427734	-0.0896900847002	1.09725084003
-0.355963560444	0.313364384288	0.307870157246	0.206423330405
0.66509831695	0.623687542956	-0.440276037805	0.776417615556
-0.712150440255	-0.685996880466	0.924027054111	1.21563755014
0.994149475171	-0.531087873207	-0.60972580009	1.15593597827
0.450858278489	0.123332949804	-0.140327179141	0.261263620976
-0.672848199427	-0.0786621227083	-0.667383624557	1.00355108199
0.210754547065	-0.753440296724	-0.658502014314	0.815393366546
0.32027611738	-0.316418979372	-0.64595876781	0.622891692923
-0.174930990392	0.248132542482	-0.0531408768609	-0.0231672480969
-0.538399012208	0.063823728146	-0.794230643841	0.835622419076
-0.464740595135	0.134437644688	-0.805844975866	0.694555414355
-0.671960052249	0.64028860598	-0.804340706929	0.15323572954
-0.484489006275	-0.993253108597	-0.00957955982632	0.725556504309
-0.643630536899	-0.368512133022	-0.884262244596	1.75922701318
-0.902092921681	0.306551182421	0.405739876665	0.826238874015
-0.811677543863	-0.647744290143	-0.163458380825	1.3171778048
0.063815732673	-0.0921849580881	0.629742472444	0.336712395267
0.0932464467367	0.505889910766	-0.337312517734	-0.000995928428707
0.0121863734661	0.679572386423	0.29791053098	0.299632485544
0.229917723218	-0.965248802228	-0.7358616019	1.08271617949
-0.677069321131	0.361414553614	0.705956788839	0.967238204571
0.882913675769	0.391902967939	-0.0571818113594	1.1064130868
-0.520570970693	0.0977326849073	-0.113142654664	0.221860861765
-0.691151338177	-0.227574395298	-0.155194478347	0.694382135781
-0.818894746	0.997810339224	-0.642941356918	-0.374672984281
-0.101783596521	-0.697133292928	-0.726441548458	1.11546054645
0.536404713539	-0.636180325307	-0.0624497395166	-0.00989084288197
-0.563548389231	0.704306844812	0.266013167403	0.17879369893
0.189969865768	-0.234586350955	-0.961991033874	1.14262092784
-0.195176116857	0.344721097132	-0.443841349927	0.0148060582602
-0.507045350532	0.102993123428	-0.524057443768	0.425534694505
-0.212554586377	0.512157047424	-0.655882031275	0.0305847571682
-0.820982037119	-0.0852635549241	0.524609048409	0.974495973545
-0.436361741945	0.986483040084	-0.176403336219	-0.382952650303
-0.519238053685	-0.453854053112	-0.886449691542	1.69337829261
-0.0658780397744	0.494571830745	-0.825719442123	0.245193514314
0.047866719752	-0.859672161746	-0.222768072321	0.202274660761
-0.90149366828	0.35756562049	0.448910172292	0.852382878169
-0.332438592709	-0.917073628389	0.346819331794	0.217610870257
0.739803031763	0.247664968269	-0.996456367398	1.47666977771
-0.189081304506	-0.740874137331	-0.497665011574	0.79221478795
0.154775493322	-0.233384273422	0.681319286678	0.29302005099
-0.976848971102	-0.29541194591	-0.838240803309	2.19308075893
0.517369089477	0.633649416085	0.193531188682	0.755586641888
0.338074230717	-0.217918418766	0.808716520798	0.518409769262
0.3799345121	-0.670202091753	0.836677079545	0.0290031353496
0.963284866524	-0.196069858344	-0.122475627573	0.778060665048
-0.241156468847	0.157229954302	0.0827292932083	0.0400910808356
-0.0871217354899	-0.264710885218	0.547882518652	0.185797056255
-0.712226890252	-0.412949599152	0.274289809884	0.763347984797
0.411452196038	-0.748890435552	0.372336752726	-0.279044480166
0.544246263291	-0.651108177868	-0.666088948548	0.819211251269
0.963681247502	0.386702164317	-0.591517817041	1.4224912787
-0.257650288895	0.388320105141	-0.348213081801	-0.0476329061045
0.448389706917	0.858801456182	-0.812695336384	0.548660833967
-0.924603622779	0.170731098443	-0.0830125714583	0.689751526626
0.723411631075	-0.849911947845	0.41940033341	-0.272068515117
0.0217960355016	0.593835908088	-0.922106602673	0.316118910639
0.958546904431	-0.409304498871	-0.0089184310815	0.530204500009
-0.521776811243	-0.536287565989	0.462051452083	0.517772552615
0.0330638684345	0.823298752806	-0.730906335919	-0.0392155418526
-0.600890291366	0.480751529652	0.596931665256	0.715493439685
0.114710518413	-0.0424535177132	-0.911291931283	0.877429170176
-0.339179932867	0.741734772828	-0.6347626532	-0.204440430066
0.80975395264	0.85874152239	-0.0988587622366	1.27594973675
0.552413653278	-0.489043922485	0.454285966126	0.0192162527098
-0.248336652442	0.0538862663489	-0.636400493388	0.419001499442
-0.967927287104	0.218380829863	-0.236613061682	0.729820453107
-0.784718806228	-0.0006766639531	-0.406206674085	0.781593323263
-0.771481165545	0.581901661633	0.598951389346	0.853530592138
-0.509302942412	0.644113768347	0.176733441444	0.0764116019688
-0.0272130985855	-0.963599056724	-0.861101434854	1.59821528034
0.0519325446824	0.10677699516	0.124307240821	0.0369676340413
-0.31666125451	0.569809992098	0.295864088284	0.175959475722
-0.240670226899	-0.62711196659	0.9645602086	0.53433848411
0.625238282284	-0.294943818154	-0.0522043924291	0.224635404817
1.45915376211e-05	0.585149090459	-0.208346121435	-0.0784968987036
-0.0703558928613	0.431846740919	0.905238491974	1.18494800849
0.316839212645	0.282656533023	0.993813407667	1.45851670158
-0.378529772035	-0.960368379391	0.927058039643	0.47593219377
-0.620170952918	-0.444394622339	-0.825454884034	1.70841612428
-0.854376225876	-0.662408509316	-0.668853054669	2.18632318115
-0.678529644326	-0.376192296856	0.0606283369646	0.696527985519
0.483442357327	-0.940176113677	0.955730114037	-0.205939017303
-0.590537536298	-0.880635865588	-0.767143806208	2.13286708543
0.691148453767	-0.34648424631	-0.668861923059	0.917340525467
0.330409353243	-0.00525204502147	-0.346196232287	0.22910508536
-0.580867024864	-0.714707508926	-0.434997567003	1.25267543573
0.714227250087	-0.536969359059	0.38185051325	0.0673702051775
0.776807517907	0.0437912469862	-0.8962976554	1.40154678483
-0.369282271682	0.447685093688	-0.776999498857	0.226924355566
-0.895803324393	-0.820832906112	0.461568630848	1.37194332241
0.955192811821	0.68445407173	-0.614593320594	1.52324296607
0.0265921595736	-0.02642289423	0.978140073634	0.930917213072
0.581341943011	0.178529646953	-0.960556312823	1.19292587725
-0.130773796995	0.913215209759	0.564182251382	0.731198591339
-0.568128190249	0.873916321734	-0.330663617014	-0.353360762035
0.31425097653	-0.740272729904	0.959239571344	0.0761639070999
0.794443878274	0.0342666246497	0.388835156667	0.822880833333
0.639711937126	-0.774266310139	0.0252043909791	-0.104955688087
0.5432539064	-0.0850070313796	-0.351137374259	0.402091006345
0.557585139842	-0.490396706341	0.564468005195	0.0792741503956
0.677601674147	-0.642550646869	0.629364098789	0.0154514948155
-0.936345554418	0.915277447981	0.632921315646	0.999615026159
0.30377505858	0.0526251055024	-0.268448416784	0.166202906941
-0.332810384018	-0.947230437642	-0.934625632378	2.1848417969
-0.999874448579	0.667465143404	0.0408021311904	0.36126638497
0.771060021914	-0.642046080701	-0.70975626247	1.05892767103
0.352283822608	0.642690156577	0.365401162905	0.718870977236
-0.473952541794	-0.51035759734	0.339252359068	0.408468436624
-0.70173273633	0.550191423167	0.880620786267	1.36634447322
-0.79224400129	-0.0262612865685	-0.303970012447	0.748836316402
-0.569242194619	0.312840554778	-0.738809497289	0.460664532445
0.246621358409	-0.76318082633	0.30440822675	-0.267048751197
-0.659607898644	-0.952128230642	-0.984105182614	2.96857121814
0.442341110569	0.356355976712	-0.369285524467	0.35807125142
-0.925406093296	-0.240780495034	-0.235671121941	1.19148206188
-0.701930422548	-0.959235628874	-0.285369014686	1.5211945892
0.12327962231	0.972474459873	0.78660256678	1.51877865372
-0.00876517590913	0.868782871902	-0.854193486423	-0.0200003644377
0.0228492999586	-0.93397666392	0.867397082769	-0.0785695569022
0.334514446575	0.163899070653	0.951731217026	1.22850669333
0.838001732544	0.45861532179	-0.160514402625	1.03871784702
-0.837370672701	-0.530434133599	0.403798482259	1.09422434696
-0.765137490531	-0.30335352912	0.163028924902	0.794665568069
-0.409248660664	0.372428039309	0.988263165617	1.35978978758
0.749832075681	-0.0819184434854	-0.0143769409144	0.502207498257
0.210417152457	0.344566850482	-0.791413144981	0.470418184811
-0.457197849051	0.330654785311	-0.045195038463	0.0449538523157
0.724313228796	0.497212167943	0.78037692904	1.88176806025
-0.26812258263	-0.910783949336	0.889505439599	0.297164113872
0.360163725596	-0.645472046384	0.365945939968	-0.205049151516
0.24480451052	0.859057316498	0.789400700611	1.57152426788
0.732734789912	0.0819867288475	0.863615815308	1.41361211301
0.673942965213	-0.128202248246	-0.961905381965	1.41637851345
0.343157217161	-0.728636099091	-0.604377616295	0.673363791396
-0.22118952146	-0.87624855578	0.816277989375	0.19378914977
0.203132107651	-0.828257965035	0.606216948889	-0.261588160294
-0.309558739731	0.405090448858	-0.634345091151	0.11585388148
0.83142150065	0.33291904095	0.86602797994	2.00637942692
-0.581908407914	0.192759782261	0.114390494713	0.26158392933
0.939781499678	-0.54019380106	0.431575318581	0.328648070481
0.630191439468	-0.785641195384	-0.99886730502	1.68452409114
0.228519537847	-0.440100783137	0.381341327874	-0.0707578570859
-0.135981714587	0.291247723852	0.600931417081	0.515025137293
0.759460558114	0.0136799191882	0.261140956691	0.658936684838
0.394941727379	-0.670214205166	0.52610765359	-0.184532147593
0.691547995684	0.405173091682	0.500614206678	1.21188525958
0.567593926521	-0.213452350937	-0.20546535709	0.287081683901
0.204583630327	-0.361009045898	-0.472311788192	0.361585173894
0.243215298901	0.926920860584	-0.294825899147	0.0982370504314
0.390559542288	-0.117580117696	-0.270943855032	0.211882902066
0.734038814492	-0.207270269336	-0.41928042939	0.649369004394
0.461530811742	0.484155427651	-0.671400584028	0.562179845069
-0.389220134673	-0.0802130426448	-0.52744533346	0.503219419309
0.236414026256	0.235711623407	-0.1240693357	0.0977657412638
0.0722717649008	-0.943918010413	-0.128997849768	0.0754084264125
0.41437983581	-0.580351058439	-0.662273876941	0.754182905555
-0.577970633274	-0.537397501877	0.09478483662	0.602697058245
0.120269859439	-0.748471905618	0.0491377064214	-0.109917450364
-0.582207499719	-0.229871333638	-0.435761579804	0.762855637076
-0.962296676369	-0.701417521645	0.450929983759	1.48803430179
0.34127889416	0.767952151888	-0.366737909486	0.231416672248
0.899459609828	0.305164886965	0.521965547381	1.51524466979
0.111457611258	-0.183241356717	-0.0808990373771	0.0133678588186
0.59783896013	-0.127054793531	0.358087687177	0.364183151152
0.452586954842	0.893281478683	-0.776058743669	0.518150767483
0.196557966031	-0.124355702671	-0.163855365084	0.0614168597571
0.600555874336	0.174970893818	-0.475820468402	0.608897541818
-0.528508414774	-0.780578126068	0.743394759306	0.664221332517
0.280512512713	0.837057068004	0.490980032071	0.965531949205
0.881264358585	0.169951526729	0.553223846472	1.32647695454
0.664678608946	0.891005992245	0.265883646916	1.34162831302
0.901737649061	-0.622638290258	0.0570614376848	0.219401771333
-0.267777685083	-0.821209257411	-0.86881658923	1.75992889434
-0.396452702755	-0.531817526292	0.27284196645	0.297355840183
-0.0169809194847	-0.0718350678849	-0.845888711605	0.777800362573
-0.982860341658	0.791824130239	-0.89466952518	0.279774556682
-0.464362825222	-0.26586739605	0.158449401428	0.322071451663
-0.655560689827	-0.552179575157	-0.602483774847	1.48741297503
0.995287519786	-0.141963629945	-0.437741439798	1.10306354978
0.908172306364	-0.0883648698047	-0.789205234469	1.43710933034
-0.979665800583	0.154944523592	0.204825808295	0.881641479111
0.530602941242	-0.255221337359	-0.102236382333	0.182663473083
-0.91043284901	0.456424633371	0.735864437343	1.29070711941
-0.988610392329	-0.194861670381	-0.542824642152	1.57042708885
-0.17458825587	-0.398595570042	-0.307799173634	0.317498882821
0.127429297543	0.0478099128848	0.0975609550245	0.0365131301927
-0.29713168976	-0.0927004843754	-0.163361898351	0.157662329562
0.927873671934	-0.589441564772	0.769155219065	0.45224993711
-0.350553002096	-0.00348177025564	0.551747642377	0.426612354633
-0.816291910459	0.586548604478	0.364150523749	0.533735187626
0.545526881628	-0.805175307061	0.602562739979	-0.263731979421
0.218823132175	-0.00862506019185	-0.0862170314538	0.0541732040871
-0.686328218996	0.235424672373	0.707488167925	0.976567505988
-0.0975934816431	0.341183347482	-0.716981304274	0.245667326104
-0.543392497333	-0.512816380524	-0.886274222392	1.813913916
0.878359151895	-0.928981085831	0.255934908234	-0.21672025066
0.955891339112	-0.0840825730925	0.650359607468	1.2016381586
0.847718110007	-0.702344345287	0.592594157005	0.0581986527661
0.172912433892	0.292233994714	0.769939370073	0.898238692479
0.943842947322	-0.347212835439	-0.684836749041	1.26991060555
0.0229189497361	0.790468482268	-0.940855005799	0.160133899139
0.373819368886	0.461235447145	-0.806398966386	0.590499169463
0.904643310848	0.792085540112	0.897265428911	3.05073062714
-0.00959074338823	0.514805571413	0.731631745141	0.907087723348
0.990132279089	0.431121680303	-0.889441466602	1.81487804488
0.265375683163	-0.312034734733	0.670324412801	0.227788140377
-0.405017583001	-0.0220135519185	0.775387887285	0.757112452367
-0.157467795603	-0.295581834574	-0.764314047248	0.88143403766
0.345799060256	-0.638275803615	0.0459937218163	-0.128379440307
-0.529384830623	-0.0105012644464	-0.255000561845	0.35351062387
0.171385418503	-0.24260543413	-0.683767004237	0.621216834806
-0.295334224694	-0.518504018603	-0.268351126663	0.451507751363
0.59120481787	-0.903761241395	0.733296224573	-0.309786216702
0.174094179084	-0.631676081948	0.65492560219	-0.0644356396975
0.974875396851	0.196273617023	0.612212017171	1.63668898064
0.798981524076	-0.772421381561	-0.407335796451	0.501778392871
0.622954768725	-0.441985266956	-0.962843573591	1.46536623524
-0.773590848851	0.769730636206	-0.0209210324181	-0.012679644819
-0.110130320397	0.490938866203	0.207861033204	0.103314701934
-0.703777653488	0.56891798143	0.0847823497755	0.15033347368
-0.466807758375	-0.18290385288	-0.521976217494	0.671221053761
-0.656604195866	-0.473213866574	0.29153262956	0.688877271595
-0.307270527329	-0.915966603349	0.33044504445	0.182382020635
-0.944232741365	0.586444392222	-0.483814498446	0.288181643158
0.712640209874	0.643872744868	0.799415070639	2.12049170775
0.998357709442	0.944741744672	-0.0369654779468	1.90635193666
-0.235114811472	0.0618690839343	-0.130492336227	0.0496874450795
-0.597745530209	0.214589013678	0.638069391502	0.77308532488
0.406161186025	-0.854917448583	0.795366154662	-0.229632459488
-0.977117917322	-0.635976681098	0.0249855627456	1.56091767753
0.161860543336	-0.0889833924813	0.78962898362	0.565046001242
-0.192036240492	0.827617469402	-0.00491585443599	-0.126098911111
-0.980645848316	-0.544114775767	-0.742690876188	2.45094899282
-0.585327812485	0.905002539154	0.509581400253	0.533731156152
0.628287805779	-0.523811871105	0.240814950552	-0.00250893367629
0.636227216822	0.454910592028	0.620790370758	1.36199637081
-0.650443801994	0.783833780821	-0.639271944616	-0.179177011125
0.626036192869	-0.590149438719	0.181304449736	-0.051659008812
-0.178867936121	0.579846993034	0.494580883477	0.45966919206
-0.473846753308	-0.931287781414	0.749843611713	0.529763685706
-0.882745722131	0.434364823161	-0.80383536788	0.692799811686
0.53444633101	0.743302812881	0.749934692003	1.80271895021
0.559864149894	0.00508703705322	-0.699999668138	0.802734527156
0.855867801265	-0.205725715655	0.878248848839	1.14707834486
-0.248098418519	0.5664861849	0.514806158539	0.477664456268
-0.195034333204	0.173434114681	-0.766812787021	0.459223137712
0.835179011334	-0.538226988873	-0.957842597165	1.68100727436
0.822602941352	-0.563355110519	0.324858984069	0.13578041884
-0.587557137365	0.445823881065	-0.349890391149	0.0497101800301
0.235407701243	-0.194148734814	0.147045487843	0.00278635851313
0.742651539335	0.782274780911	-0.313071114145	0.985594764387
-0.709908270586	-0.702614094547	0.960383615713	1.25031893415
0.926345444986	-0.913028840788	0.905253785006	0.00529737696588
0.847384315455	-0.305099553181	-0.618661288691	1.03101867494
0.913097923268	0.432438384884	0.464691524747	1.64549507426
0.926469503426	0.592964283438	0.460867531547	1.89338593324
0.515987721344	-0.801486078857	0.861050222326	-0.0960259279631
0.0573832675149	-0.994269565379	0.942395388011	-0.10264758257
-0.660510713427	0.271441485048	-0.0290082773743	0.249951823877
0.100064449286	0.685309140841	0.621688933367	0.891134214447
0.894329623499	0.711778469069	-0.711798772824	1.43640449791
0.482781053401	0.499209892187	-0.377259176227	0.428079596499
0.940149532279	-0.258397832317	0.447877092253	0.725811961833
-0.870001514533	-0.866446957406	0.483562313394	1.32556421627
-0.431424441071	-0.690257462283	0.0574217508734	0.44758245365
-0.128584107368	0.373345287504	-0.640346213128	0.139500633759
-0.32040577219	0.777740061529	-0.5777115446	-0.262091329603
-0.828894834077	-0.0477794807131	0.0850805507437	0.729844406279
-0.918002158766	-0.455109274243	-0.439952778936	1.65430429735
-0.760563905436	0.305986613904	-0.0902911518682	0.326259688451
-0.602866567554	0.925110155948	-0.649872656198	-0.373139211099
0.406397579578	-0.610816526985	-0.754816437159	0.947726843016
0.43254950842	0.933601048925	-0.498111926219	0.374005426249
-0.345963052503	0.84375842705	0.418227353757	0.355578166286
0.927262728614	0.878166922278	-0.875667216963	1.67191871441
0.245606451692	-0.296034486876	-0.196289510091	0.0842525853834
0.159579467816	0.907147569905	0.683549815228	1.25754863668
0.734823463733	0.446376097717	-0.322798054876	0.82808240125
0.151693339046	-0.269409279789	0.539878072513	0.12816344638
0.0952239780334	-0.0729497298412	-0.427521309285	0.216083076427
0.963306278252	-0.314361742468	-0.577618534535	1.14035668599
-0.721046944542	0.770080060129	0.108727397174	0.0601952692739
0.544809018264	0.131028184449	-0.299378820161	0.418602817609
-0.0254445989522	-0.652386558379	-0.667189938793	0.897655304337
-0.0118747220279	0.920856296137	0.0275489408893	0.0153336562929
0.720168906153	-0.0338795212778	0.769225860613	1.05989169633
-0.647414009764	0.567875156026	-0.546262970853	0.0396886317506
-0.588679504028	0.126374891986	-0.981228454726	1.11095589011
-0.605028676249	0.767876439799	-0.378903038499	-0.245910770458
-0.18039093554	0.492149748526	0.89780924734	1.19167957598
0.949902108977	-0.388967530534	0.00729336829661	0.530049248826
-0.4560898554	0.173771727149	-0.719972498068	0.522011967776
-0.349009599048	0.753174222936	-0.337265653026	-0.281329008762
0.560135833049	0.347637351131	0.102498302312	0.554614429028
-0.899031642436	-0.882809323378	-0.752676690664	2.83292361073
-0.233297251948	-0.586713880438	0.217814737101	0.11095467383
0.105820858782	-0.550583180773	-0.0509505833154	-0.0164166347028
0.507093788948	0.657549672252	0.891848512168	1.97241193104
0.190800317957	-0.366145648962	0.686738289346	0.186707296526
-0.211335219047	-0.225526066965	-0.830904229889	0.970116577811
0.0372144158921	0.341948376993	0.191986327239	0.116618484716
-0.607362689325	0.177646373674	-0.972155288388	1.03337970023
0.131807597833	0.0308406757407	0.508061573957	0.295233803422
-0.0126145342986	-0.349658513551	-0.153690079373	0.0819295909862
0.861650776936	0.154269494664	-0.469511092499	1.02337791833
-0.459518536262	0.783799207316	0.0400170852368	-0.116046252502
0.624851005246	0.678472261186	-0.0312964198909	0.794128566318
-0.371481886014	-0.90535264076	-0.501509000361	1.17987467342
0.488426124227	-0.427815779227	-0.0503749407723	0.053692505094
-0.676170001904	0.643098482684	-0.240470325556	-0.0744581548086
-0.688210587419	-0.266634242263	-0.944182643849	1.80036660988
-0.125045958886	-0.217708465233	-0.981048382224	1.2188985215
0.0190724158754	-0.396178418167	-0.932219563248	1.23116626355
-0.754341596228	-0.922203338427	0.843874952638	1.19858821931
0.0962018704248	-0.264120226014	0.0516814088664	-0.0271331972545
-0.0140327312218	-0.13855083536	0.538305648582	0.217331438183
0.725965141552	-0.00969940389638	-0.614198071932	0.903180584364
-0.500255041583	0.429744971954	-0.891509670333	0.446940711838
-0.439495605053	0.248159834	-0.702448071819	0.403205127173
-0.250004480263	-0.207134169304	-0.303019942909	0.268873580451
-0.271979317307	0.607262254114	0.913027313936	1.29687587646
-0.904626643774	0.988232035512	-0.433493805396	-0.3161072513
-0.373162612932	-0.548634975551	-0.332872009769	0.637409398542
0.339843267049	0.402639044466	-0.558606033172	0.339451715338
0.179681244168	0.939162564605	0.911307769653	1.88738324071
0.160081553903	0.0200363823303	-0.804475047204	0.659894891071
-0.914347779085	-0.537102090695	-0.377711054292	1.67266500236
-0.423420089563	0.703973056088	0.942276004616	1.43242922531
-0.328867367907	0.847331626637	-0.489839188783	-0.345619781877
0.347142735497	-0.457335200263	-0.0501960303901	-0.0127764605721
-0.408999629203	0.15359575575	-0.986402980131	0.925943617544
0.136189621542	0.815433752438	-0.978123263231	0.288731622343
0.0904082623049	-0.15482402604	0.372113165834	0.075032432446
-0.827905735066	0.242607232585	-0.364941497487	0.529216836758
-0.419149183373	-0.746009991663	0.259566804234	0.362111013114
0.472536585553	0.812309870258	-0.648101175398	0.500713109039
0.45308080122	0.480849001162	0.0520243118694	0.45086803057
0.425201756348	-0.898400187438	0.567929085074	-0.388888954809
-0.41345509151	0.49364729949	0.692250512351	0.787782491153
-0.89348018556	-0.858008594805	0.428370698509	1.38087623474
0.120172289078	-0.688915014472	-0.369089513958	0.322151261957
0.321228938979	-0.511845961931	-0.678743315541	0.746872809604
0.446959628553	0.317810423899	-0.697804538658	0.606982956514
0.114320852717	0.879427871545	-0.510997504309	-0.0746607966248
-0.643837095517	0.00853656378384	-0.414344576898	0.577174398627
0.303287121275	0.94392315864	-0.454618476784	0.155815866271
-0.734880150657	-0.358078717613	0.501685439168	0.875239178947
0.205872518464	-0.450002250051	0.793757721098	0.22259895664
-0.909405028884	-0.697560573415	0.513596202397	1.36689919764
0.38245844934	0.975999050329	-0.880928689984	0.435803340822
-0.775236724977	0.364391238512	-0.929436404977	0.843676057567
-0.185742944294	-0.598625450432	-0.58542189502	0.838858135815
-0.901478898727	-0.603686091205	-0.0621341913307	1.39824468235
-0.316336734473	-0.750318798802	-0.0642331003538	0.389743522086
0.43572811162	-0.307865358982	0.917159900877	0.614533917403
-0.39494930802	0.529147597334	-0.393476031523	-0.106385030808
-0.255588042582	0.390394003471	-0.152630976726	-0.0707447946735
0.509091184653	-0.33217301241	0.328413116727	0.0888326828342
-0.967095546602	0.796608700668	-0.900385855205	0.258316551496
0.937768732491	0.753663779089	-0.691012466296	1.54287968431
0.512122934356	-0.0318844747488	0.402964679019	0.395473344529
-0.328143166906	-0.832676723268	-0.79259452555	1.66909620932
-0.525423782912	-0.209459729552	-0.398942785461	0.628843069139
0.790958101295	0.0713743146411	-0.375582125687	0.796323826717
0.689571878579	-0.285754720135	0.392389228021	0.320303188781
0.438843409028	-0.342428372524	-0.891277806742	1.14188604092
-0.315430034599	0.647461524698	-0.664661545288	-0.0933005121456
-0.0401471568371	0.934594488341	-0.18407530455	-0.174061564627
-0.761529093852	0.00476808783224	0.595546009873	0.933810188736
0.485368946965	-0.520015246857	-0.4602500732	0.434350947216
0.157226819653	0.542142241445	0.106272912664	0.178868540282
0.756601951571	0.00294390570484	-0.67810321087	1.0325015706
0.0236519366793	-0.877419976646	-0.872729288102	1.50721325428
0.201380055214	-0.849904348491	0.780173698036	-0.185001877419
-0.485292376594	-0.538462048098	-0.512016289916	1.03468223908
-0.0771281172649	0.740033399663	-0.162010907182	-0.144774584735
0.384272230762	0.00771608428804	0.516267293482	0.421145704528
0.310147143016	-0.606898579903	0.652903802348	-0.0619996256743
-0.616038477903	0.688757949534	-0.292208262179	-0.160673087627
0.469567811833	0.927914628437	0.300476525382	1.02531547726
0.853895865888	0.861969176642	0.572237638221	2.28587718669
0.918975845298	-0.693979349992	0.597088816461	0.14891409047
-0.64164374363	-0.291113887686	-0.395357099004	0.869899276305
-0.66000661038	0.973798520011	-0.244410238915	-0.385374698685
0.0560444166594	0.0487344298231	0.994194785039	1.04274705591
-0.614885006998	0.621842828532	-0.864439536568	0.205431925725
0.744623719831	0.768818866961	-0.962057423276	1.31285183629
-0.0262847470721	0.0336524931856	-0.503676877633	0.236546755027
-0.685323765998	-0.258357975351	0.366713130499	0.686462783035
-0.0226024088267	-0.253340883913	-0.512899804889	0.3992416829
0.207356444524	-0.494517360804	-0.549836670513	0.514679476811
-0.190311928107	-0.834040944547	-0.921040157477	1.81144674485
0.147956270794	-0.511958208694	-0.77364203078	0.940738010743
0.338609139718	-0.904008476525	-0.825410225179	1.23603049697
-0.0898281715982	0.405401579306	-0.461360606879	-0.00253009129765
0.371721811122	-0.639415770138	0.453572105238	-0.183801185606
-0.693501276573	0.144177602478	-0.242789485507	0.404898597583
0.553760535993	-0.918141771952	0.66756351756	-0.369056849457
0.300414596829	-0.367108201641	-0.674254313218	0.682107434867
0.0919156656245	0.370173274642	0.994693442053	1.4000971849
-0.821997357138	0.470370259522	0.200059009733	0.423161960642
-0.635784961685	0.257291278186	-0.846942031892	0.740040599512
-0.220361587078	0.701467699512	-0.110137639043	-0.171145003244
0.22319116641	0.0851599506926	0.714298771185	0.63987362814
-0.391264267136	0.566160910916	0.705039586342	0.827815865592
-0.420084007016	-0.696139203103	-0.86916886618	1.82942455863
-0.17534554811	-0.940335174069	0.517426277015	-0.0231945283724
0.81569765406	0.117223912924	-0.997710774089	1.63945316144
0.710908917073	-0.500524469575	-0.785913008219	1.1605921278
0.52567980485	0.5818947878	0.476833697165	1.0870670135
0.618404101833	-0.721246766701	-0.277250926424	0.213236084654
-0.169632787044	-0.480489047592	0.288633894066	0.0549060786683
0.909464290415	-0.325846309369	-0.222744133895	0.652975016153
0.181307515491	0.267804498348	-0.931917799253	0.70032638924
-0.644820313141	-0.168734192627	-0.456001928983	0.809477347727
0.343504623153	-0.348814910659	-0.662454280924	0.668095496822
0.0651530857695	0.897720857096	-0.129478702925	-0.0367367890699
-0.596016244346	-0.145783502638	-0.139993026587	0.482131420508
-0.623726356889	-0.171621962547	-0.738366151783	1.16798413189
0.0461939537091	0.494762651594	0.300879210473	0.264381019662
-0.55853499824	-0.410273925347	0.795585386285	0.847661857922
0.438962367039	-0.641100525814	0.0454920766388	-0.115826509861
0.32793764669	-0.976670717391	0.453361882503	-0.449992275051
0.431081937415	0.522957236327	0.434054645926	0.826664509084
0.639553242714	0.62689152763	0.382721225024	1.19635908909
-0.505004434788	0.108500469481	0.755019777563	0.852211125736
-0.207634996779	-0.548806670876	0.39141353668	0.0954579599223
-0.478137414853	0.481647388206	-0.397804429984	-0.0350313497886
-0.2361658697	0.569282131868	0.225890297515	0.100951044883
-0.460528640388	-0.0523192221363	0.891720421857	0.984692320777
-0.1595479961	-0.189650502909	0.674176043206	0.382369432348
-0.907126969364	-0.371474230245	-0.219907253675	1.28990270923
0.236747284316	-0.0347876769099	-0.589247286381	0.415524297321
0.59749489249	-0.369700903506	-0.360310736186	0.39913677628
0.389544186816	0.0808283252143	-0.273485511964	0.235919827051
0.963874812125	0.977439989499	0.648145440592	2.92480022449
0.891396119484	0.0127323118663	0.945790099559	1.71249758215
0.94444905401	0.492289866276	-0.802130387782	1.60545921179
0.159548592489	0.31903701381	-0.0276733310065	0.0682946562329
0.780358512321	-0.78735741267	-0.98556415303	1.74186628982
-0.319122467325	0.482939902156	0.645018692459	0.675276553852
-0.969168626602	0.55438272511	0.49734175227	0.925063976968
0.237403147214	-0.13454382069	-0.54202165233	0.391132263433
0.609739816569	-0.223224534961	-0.171283287976	0.303246353954
0.672983140459	-0.217798217107	0.207516901783	0.304198232505
-0.451367222017	0.312557119348	-0.858756109922	0.531706050819
0.397741217088	-0.798744779306	-0.318565180478	0.196440404095
0.102089061797	0.671956939597	-0.54901424646	0.0115243400398
0.316833664778	0.215537888134	-0.429370880987	0.260486890658
0.667641664396	0.7789767498	-0.245708775938	0.834794104696
-0.841405257105	0.35581794845	-0.971872129724	1.00730160346
0.169800147705	0.667192879979	-0.327362645196	0.0308738151523
-0.703518526676	0.718079607795	-0.396520265036	-0.137748786152
0.703316237377	-0.757569421775	0.834322637629	0.0258797999811
0.40843126325	-0.254159795153	-0.070681118663	0.0859694097742
0.730532136393	0.722637744837	-0.9232961591	1.24685444106
-0.58595733364	-0.369901331802	0.570141604015	0.674257704926
-0.701287133006	-0.348804776475	0.630888580109	0.914379394939
-0.80849601418	0.3439264099	0.963558876147	1.63544172617
-0.776765165736	-0.0530821835403	0.802518230548	1.24603260415
0.881638111214	-0.257042506087	-0.473886102786	0.89704419945
-0.154526768227	-0.969675340077	-0.231362742754	0.451594783626
-0.272986814693	-0.0489802741157	0.16747002421	0.107736251327
-0.920271908906	-0.528505604269	-0.897004919005	2.6119591991
0.383701403246	-0.825426169042	0.347624856677	-0.335586025215
0.307663631242	0.290943661714	0.253956574775	0.322550691092
-0.515881254972	0.568412955391	-0.405612628873	-0.0931339879582
-0.433284003888	-0.139749024142	-0.218397066239	0.326504100168
-0.258009845999	0.969902622457	-0.687414041887	-0.377861962579
0.549058696316	0.354612862365	0.320734604627	0.712776030719
-0.356141239787	0.374001474128	-0.164144787447	-0.0408076472306
0.899351968067	-0.615188374401	-0.718831313943	1.21449821262
-0.123727317862	0.0796833967639	0.955185646162	0.993941491686
-0.756805465569	0.87733352874	0.020350704596	-0.0729477903096
-0.426553828758	-0.150363798375	0.895226819212	0.912907775625
0.237239460446	0.426854519179	-0.753107602173	0.403252974447
0.175803797577	-0.482357058541	0.818851435655	0.221645676352
-0.191478704308	-0.266643044909	0.634394455701	0.321020015038
0.120681480532	-0.137421921343	0.397022816666	0.101047217488
0.111149165198	0.785117346006	0.273623046338	0.38931504595
0.0958299632383	0.440073910855	-0.972261411299	0.568781018811
-0.287638958862	0.31319941612	-0.671900252075	0.233658998785
0.728707033886	0.607576905519	-0.801691943107	1.12937996758
-0.0815232489893	-0.0932186233737	-0.957858531025	1.02102874428
-0.502942665528	-0.0602839764816	0.749658699036	0.800066466286
0.840224826989	0.82635619515	-0.811294064036	1.38808293342
-0.16350448104	-0.565774642276	-0.681465529896	0.969191589427
-0.934946584487	0.735619631836	0.605556893032	0.998518742984
-0.703864966514	-0.651492066251	0.571226852256	0.908138686946
-0.681606143168	-0.912504681379	0.664442095256	0.921732506423
0.523122207614	-0.399839420102	-0.445652231456	0.441287205158
-0.00309020859217	0.959998958387	-0.347116226939	-0.215698588937
-0.41012388695	0.605590667857	-0.19568729828	-0.160378478904
0.201407080349	-0.462904167013	-0.232877275553	0.10936432198
-0.890379141349	0.514772410662	0.396232321499	0.695401918274
0.0905122321738	-0.654728389422	0.884949379213	0.152665458176
