-0.0218417452321	0.470013585963	-0.100945289254	-0.0470445611311
-0.825733049732	0.0778057453777	0.947716312729	1.58949227753
0.265795257816	0.341833362119	0.603321695769	0.731737357981
-0.265491267645	-0.57269286653	-0.887158403179	1.51764988962
0.179313395242	-0.0356215580171	0.614877391987	0.381937187686
0.45719131874	0.265940517748	-0.285407003408	0.336165469285
0.349939716808	0.163559993696	0.587787068708	0.621326030668
0.836761839005	-0.0534476721755	-0.048839750821	0.660443095007
-0.390058346341	-0.626390572158	-0.634764518915	1.19701088895
0.336204343289	0.549726508834	-0.732826450589	0.432034280756
0.554910972579	0.0380785290325	0.284872319806	0.42105613856
0.0174743830876	0.307156182612	-0.411641612963	0.0486832699477
0.727986375658	0.549628769967	0.793340854869	1.99551908958
-0.00664629384238	-0.747813681174	-0.25664981515	0.262809733342
0.861091412104	0.013009101581	0.784939784578	1.37902227246
-0.0804513217383	0.810841084445	-0.754359374318	-0.101368329306
0.354731979576	0.507282202802	0.0617428404931	0.340917219823
0.225414911133	0.682593284104	-0.0947971856087	0.148957170789
-0.599732255668	-0.994445760875	0.552723810284	0.711929738182
-0.817799430326	-0.00563733997574	0.305519037645	0.765025689342
0.79005553511	0.869224730395	-0.964246573254	1.40254804442
-0.0645579869763	-0.449452733571	-0.52785038619	0.549053326593
-0.366145593959	-0.292072397237	0.557512664154	0.388989927723
-0.115712889362	-0.327438210133	0.50480745196	0.140815609169
-0.85788404972	-0.163970504168	0.105719572871	0.870474459338
-0.104982040192	0.221848574191	-0.279317538889	0.00378320261224
0.768416203881	0.977835117509	-0.285377079944	1.14423615866
-0.265506647764	0.919389987338	-0.325977641637	-0.367049530489
0.17862012512	-0.153910148188	-0.461524220461	0.288451566406
0.00669349185346	0.116041828016	-0.644664802701	0.341606153542
0.231104951834	0.289937266745	-0.274949788677	0.116294632901
-0.0935444161932	0.243000888642	-0.655532740171	0.256447316579
-0.349788736524	0.91704939381	0.228588421791	0.0634581516201
0.930639272368	-0.92261428114	0.602434536415	-0.185418964086
-0.313258145028	0.6789118993	-0.166857236634	-0.199984042804
-0.608555140097	0.720303044301	-0.488793774174	-0.1811650514
-0.164662948615	0.949383185401	-0.345615767644	-0.337885887593
0.916977006412	-0.122217761485	0.782536114374	1.24549891135
0.713850282156	0.604042980038	0.557071270249	1.58760186738
0.903845973198	-0.607197945361	-0.797340076994	1.3880185803
0.179416491541	0.1938378924	0.308590026529	0.22201223685
0.672365313838	0.783736985094	-0.505388023979	0.838358447766
-0.513253483584	-0.107612693316	0.521896642305	0.534875130072
-0.541817281588	0.881273287809	0.352976709855	0.251738372805
0.538337670883	0.427559626527	0.377159745999	0.823486655543
0.957098421712	0.434931312434	0.824715009173	2.37115868921
0.0837729434586	0.365757788908	0.815825555729	1.0016244014
0.690495111754	-0.730014465969	-0.618391795427	0.806555448045
0.345452360138	0.317564386163	0.843646787423	1.20869277594
0.581385646189	0.917535612594	0.557619675979	1.69402691866
0.941130392566	-0.785714638515	-0.561703583413	0.903116133234
-0.527643791097	0.0543562521392	-0.00969793701806	0.249294137808
0.35940534275	0.466627932229	0.0259449840296	0.309660568762
0.8573949526	-0.168080578691	-0.950650509745	1.65453694443
0.0180864290462	-0.818338745762	-0.268416829811	0.277229779629
0.958651699297	-0.663395495472	-0.416620447378	0.733004586811
-0.914210644767	-0.48115726402	0.276881212549	1.21909999475
-0.589607067183	0.497881240095	0.611737815699	0.732878133343
0.119864052525	0.00980662439329	0.350575730476	0.141884160138
-0.791878157927	0.131717933325	-0.690379698262	0.908455203303
0.30667808203	0.60052157105	-0.65518492072	0.314032852045
-0.749503921875	0.0462624546792	0.745202641961	1.11688411872
-0.0680209709503	-0.523741770334	-0.263619273928	0.247815823042
0.160305425331	-0.813661680502	-0.572255013122	0.688361223317
0.700883732337	-0.0952204789685	0.662258946445	0.800025819625
-0.791328617359	0.929439760016	0.768077861782	1.19453440573
-0.266211482576	0.624185846319	0.333290744809	0.223821200097
-0.297542750758	0.823697110202	-0.773547629926	-0.195346427042
0.708435006234	-0.208726802749	-0.767699878174	1.10361342824
0.293335945008	-0.469209392038	-0.121491128142	0.0201748688045
-0.685907335081	-0.459622523572	-0.384803814366	1.11066580839
-0.0434129368532	-0.672342395394	-0.393241549312	0.450104922379
0.57424778173	0.155332848435	-0.826950362184	0.974354404709
0.109292992551	0.598368788856	-0.371746065557	-0.00690363194805
-0.201461839768	0.551526780497	0.332597690966	0.223533030737
0.645398779158	-0.561274563078	0.024599075322	0.041091945609
-0.198068515611	0.267227482032	-0.907260954441	0.566979165232
-0.796029432054	0.962115645377	-0.100380301659	-0.218710767816
-0.0042935035897	0.815826740632	-0.463104564049	-0.166831570683
0.932505682457	-0.604455183195	0.669753663646	0.349642851208
-0.602537955599	-0.0209006801214	0.490750573807	0.606224545938
-0.395264678129	-0.452117732812	-0.782428024918	1.3008835348
0.863757676763	-0.824729950228	0.408477695752	-0.13631926336
-0.661158167505	-0.706360779791	0.247493723559	0.790579604858
-0.0584436659061	0.865610098033	0.859451928771	1.4354341209
0.197247611127	0.0363218569008	0.523259975002	0.338877794974
-0.501243777819	0.890470266926	-0.467589847529	-0.392831946656
-0.71630659451	-0.508751922524	0.459072454705	0.854711019171
-0.357499049929	0.529619495311	0.552251601567	0.535932150242
-0.76218119874	-0.407189017843	0.718110467758	1.11454794128
-0.324709926143	0.4493387249	0.675575927138	0.719497050961
0.578266905872	0.927304321247	-0.316610753689	0.677269864378
-0.958707821246	0.700420211103	-0.645213628001	0.212002312202
-0.764668714756	0.172194096089	0.650758549527	0.988590275172
-0.371039331906	0.14169577679	-0.0151633999295	0.0831768184329
0.114605767995	-0.809596301908	-0.302346329027	0.256541848663
-0.937396241687	-0.0548902554665	0.0633829295427	0.930703923671
0.245087546459	-0.257933573239	-0.99022064891	1.23279968261
-0.683286085285	0.457471912065	-0.229466379384	0.101976078358
-0.371945714643	-0.682026501714	0.847650898654	0.532412118133
0.920316098021	0.7612193515	0.871824653426	2.97127216721
-0.0213756680166	0.290264773527	-0.686566181534	0.266339460179
-0.836915577827	0.304615565962	-0.784995308473	0.822586016164
-0.158255935742	-0.310555392446	-0.30664075363	0.263449666799
0.996640800447	0.776515350657	-0.841258506384	1.82166549624
0.548111654547	-0.190535996777	-0.445173132016	0.478992009322
0.338226839816	-0.808230608031	-0.858338924542	1.27151361104
0.0721351926234	0.518396974582	0.542785112231	0.61859198972
-0.0469963358247	-0.244688603023	0.215866702564	0.00748643472743
-0.644510639352	-0.526455784892	-0.498359157292	1.26542622972
-0.0860486656987	-0.007338690751	0.0493356702961	0.0101078065519
-0.553919151035	-0.349221172519	-0.123519549161	0.558659442101
-0.824847120642	-0.857133549199	-0.177484366091	1.57100541734
-0.922463030662	-0.617796539506	-0.12512837272	1.51379349642
0.338621190799	0.651209500779	0.388782913925	0.739508928919
-0.342237260818	-0.741041232409	0.74201962661	0.371464251925
-0.604978972892	0.522852633784	-0.731082679787	0.201918088325
0.0955694351071	-0.407086508911	0.975607979727	0.524882572805
-0.748804202445	0.02365091193	0.670091760861	1.00786908055
0.621300546309	0.908338596169	0.717794357446	2.11759469344
-0.598578901839	0.887306523935	-0.917807051039	-0.144832664128
-0.990626611673	0.493403309269	0.807118017432	1.54223683014
-0.754828451022	-0.560216208043	0.474319472088	0.951890628575
0.200826826104	0.971562046389	0.623260787233	1.229437671
-0.919137869195	-0.141410957291	0.822025808438	1.5342735618
-0.818319532497	-0.575659803148	-0.868566855575	2.39512792596
-0.859312429345	-0.213103430271	0.106138795398	0.9101871801
-0.711099986486	0.690186551841	-0.391734600252	-0.102042412857
0.51557636816	0.746676691018	0.276547176801	0.933757519829
0.0603312936611	0.156736103692	0.436606017077	0.272152697007
0.207538393882	-0.797916913961	0.714016403777	-0.182432550396
0.279911306289	-0.819184006842	0.608228891264	-0.279257522112
0.490645697514	-0.865294117156	0.810268519869	-0.228405144446
-0.29129784967	0.476049750748	-0.714190105731	0.116259653797
-0.0398889702559	0.440626058099	-0.773165302593	0.241122815816
0.323823492289	-0.821168078803	0.620359144502	-0.285625519567
0.494875120039	-0.290567246431	-0.119168578293	0.149934519185
0.355919530044	0.702008764556	0.0849831554442	0.443418398104
0.378076443152	-0.960904964508	0.196221194248	-0.370400896945
0.775238651557	0.943570633032	0.712705117874	2.51292359635
-0.664505985887	0.863876841255	0.280783469939	0.188918567274
-0.844517914403	-0.242660967309	0.088795307098	0.904479493215
0.885638663539	0.341610081579	0.620025506781	1.68313753147
-0.631472656443	0.836492409231	0.702771717984	0.952286927199
0.417832575596	0.424368834322	0.43974543001	0.731889483023
-0.380345632922	0.735041306661	0.735302582192	0.946240707662
-0.507933975316	0.232538160001	-0.540700440276	0.306506371879
0.338332170205	-0.861517046119	0.580038441937	-0.340278685495
-0.697302796852	0.898170273315	-0.441314343543	-0.341682527876
0.458859188735	0.0133962584708	0.807810511505	0.880078212285
-0.624330599376	-0.24673953644	-0.380177525023	0.782175516814
-0.376049625991	-0.0214649226809	-0.93909109835	1.05153480617
-0.63411324012	0.290358699619	0.583648806151	0.728092742793
0.25198983157	-0.104787412779	0.245131115688	0.0714961211915
-0.139102037085	-0.776245264001	-0.644829779174	1.0436781805
-0.0671899323111	0.475962641635	0.777386721245	0.946871741114
0.294857163816	0.0964568789792	-0.917770611204	0.869159354834
0.317056572845	0.147995013182	0.575242313731	0.563484375372
0.646487992094	0.969028391015	-0.767729360143	0.889868766543
0.196662221452	-0.466376980073	0.135902035554	-0.0979549212486
-0.507623630671	0.471597503883	-0.597147582503	0.0932596392101
-0.310416091353	0.832338488907	-0.880032756016	-0.120040593309
0.838278887234	0.465790260491	-0.87728137426	1.45416712381
-0.849131693588	0.665547346527	-0.164611206517	0.0734275851411
-0.748676026285	-0.745845001988	-0.943790561709	2.71357416239
0.0216319709846	-0.500539141715	-0.511001720861	0.506539415475
-0.645460173863	-0.996208801731	-0.93807444081	2.87413361353
0.523118249327	-0.451549444266	0.696427521607	0.207978780509
-0.127202058732	-0.460974819606	-0.868155192229	1.22870843074
0.466572223574	0.183504263495	-0.118214562999	0.295589438653
-0.5829228157	-0.344221616833	-0.363467816022	0.797675975753
0.672654908426	0.856419443803	-0.365291914184	0.849134452973
-0.252824958096	0.181870921221	-0.706171861457	0.38818552233
0.255633440908	0.85941842819	0.788598218734	1.5846675383
-0.815934144865	-0.785989092383	-0.341914989832	1.69271117952
-0.765735201257	-0.520697950749	0.476059600842	0.963816633517
0.768930772505	0.587875063549	-0.806489158652	1.21959965729
0.133882481301	0.868580987869	0.0519885829973	0.182071404205
0.772714370329	0.410598108828	0.228537825259	1.06042929366
-0.0781904910641	0.956812435974	0.513623030884	0.686549639876
0.792368668167	0.147844408167	-0.38323628734	0.835206092933
-0.162082882326	-0.428674793393	0.359429346073	0.0708628609881
0.499340780676	0.390959472352	-0.11324977629	0.413112662431
-0.0639045859429	-0.376517777336	0.61192299363	0.172194873436
0.851525405111	0.941575417944	-0.192631045577	1.38260096723
-0.239769137615	-0.50075081608	0.53849094737	0.197876549736
0.100961776701	-0.134793112664	-0.981348324907	1.09190785833
-0.74326582765	-0.661065158226	0.851411574305	1.20585437429
0.545078055191	-0.165832462705	0.0741800707547	0.199919669072
-0.0596594791299	-0.575706649617	-0.772368354432	1.07911608483
-0.387585996448	0.398942665047	0.281486904644	0.187130327686
-0.63624765269	-0.0584566601199	0.268226316295	0.498269730485
0.821710926269	-0.248827363899	0.740776727262	0.83516932205
0.621381614551	0.66651921087	-0.12473278505	0.732699364486
0.409809075305	0.763884632787	0.746289213645	1.60801678553
-0.29629077374	-0.225093300387	-0.314334576439	0.32404212392
0.473836517833	0.0148004744137	-0.656920836236	0.653356295943
-0.662975136665	-0.934908252681	-0.738021761765	2.294015715
0.781050013096	-0.915642122918	-0.978796402325	1.74914644379
-0.0324188615583	0.500022473705	0.6736156755	0.775421877902
-0.44518731394	-0.137880396593	-0.672137056718	0.804017094857
0.0639820160966	-0.928035999705	0.202009907607	-0.201948379673
0.86872475708	-0.438899613964	0.308879611761	0.333239215238
-0.685832010675	0.24308527631	0.853467578115	1.23952219199
0.198514432094	0.607366625883	-0.955901805631	0.493144428207
-0.421912848926	-0.317893637635	0.754690362387	0.641780140892
-0.187142507994	0.449294722209	-0.507519489336	-0.0195096187654
0.498371021544	0.603068617828	0.18690936652	0.696579882862
-0.642735322215	-0.89675010919	-0.490927335781	1.67073045578
0.3548744679	0.382885885495	0.330831531401	0.497932538868
0.201170853527	-0.725874084652	0.988197932848	0.153672887669
0.832085140712	-0.0626834169909	0.360916099654	0.747844718163
-0.537185020179	0.0506963867766	-0.895698904366	1.01820223554
-0.329122313881	0.946605503589	-0.323721448578	-0.404868424764
-0.619058845402	-0.707923560658	0.528404647711	0.72662156821
0.0956442547478	0.476825697065	0.482068043668	0.517005491588
0.354708877356	-0.197110796221	0.462342873355	0.178529599081
-0.473109620252	-0.452249939188	-0.887613283713	1.62707690477
-0.402553348829	0.570747671445	-0.323577744603	-0.147685875284
0.312700955093	0.641769039816	-0.306381171283	0.19570715102
0.911747713566	0.910182934066	-0.0329326024756	1.63225096581
0.378843512419	-0.95754901867	0.967261067529	-0.209844739898
-0.817444394792	0.924006716859	-0.0868855758772	-0.159842525283
-0.476359066986	0.848167102237	0.725457265071	0.964483100987
0.674629737658	-0.221563746061	-0.0577674335119	0.321788036396
0.85302399779	0.248396298365	-0.153562505369	0.924975029427
-0.851462363428	-0.0786925328972	-0.892836775135	1.65940898071
0.755130717249	0.0143473344199	-0.599730232209	0.932128334287
0.223114519109	-0.350194192285	-0.694452246266	0.697103745636
0.744399712905	-0.825177118938	0.537294107137	-0.214808523645
0.26228343959	0.831624954084	-0.15909467593	0.179918069433
0.173582754008	-0.0700096994876	0.0957283287206	0.0204404974382
0.481482435221	-0.391313434738	-0.382633772202	0.339553129211
0.110801165254	-0.216989346629	0.926270517388	0.64522046278
-0.327795356552	-0.262096247464	-0.364525423172	0.421783258322
0.893183051422	0.00517780849206	-0.31115336712	0.897606019459
0.861402052116	-0.744526907481	-0.0957758945008	0.181157241942
-0.967935468748	0.574235459757	0.675424765548	1.22512766744
-0.369244346474	-0.409638222534	-0.0202023278344	0.296281764889
0.893410040164	0.158564421573	0.859972260758	1.81575783948
0.344044684544	0.122158431776	0.504814972959	0.476900266446
-0.138237173849	-0.211828233743	-0.199558426905	0.130487727456
0.0514952241263	-0.955141912594	0.512951809335	-0.27335570229
-0.839040810879	-0.179644063324	0.658139398666	1.16963481515
-0.753218974287	0.854057918111	-0.258411271266	-0.229875613071
-0.667106941558	0.132957409899	0.0383738880944	0.362909508456
0.939633523079	-0.700542304872	-0.855172667087	1.5550630455
0.538596287662	0.590000093315	0.116343568841	0.690036363545
-0.801152756563	0.54696317778	-0.0444873830264	0.181290848589
0.436833297594	0.310646902875	-0.291547672925	0.320955904811
0.851093608909	-0.790975138128	-0.139479411713	0.180945699497
0.178415738911	-0.397936504581	0.0502113774154	-0.0566257172103
-0.149937662026	0.984335847033	-0.97278865185	-0.136340693493
0.263742795432	-0.471001208682	0.745668001552	0.150147325245
0.132353282585	-0.353363694534	-0.309264892138	0.175676304878
-0.844160142101	-0.501071757595	-0.0775976558769	1.18049454162
-0.597679107839	-0.68434523723	-0.099710675885	0.844417911818
0.826864890641	-0.266261323372	-0.0538501463727	0.480781456845
-0.225192734632	-0.165981641368	0.315409056366	0.135220387409
0.477772440242	0.599805765464	0.695767002115	1.41625394941
-0.785211144339	0.283849358225	-0.476832116018	0.485695238555
0.461665076464	-0.408608048531	-0.301435973039	0.2385273874
0.486229574011	0.534629207649	0.169198723169	0.615458517757
0.08353921141	-0.949847972075	-0.039529883232	-0.0332607596109
-0.78987820703	-0.116571543727	-0.340845322814	0.871893303427
-0.158809744118	0.857831569224	-0.80361360695	-0.154581769403
0.47095559332	-0.138408875458	-0.819371070148	0.941391915814
-0.443658745819	-0.974365404496	-0.117860762428	0.757849424847
-0.68008974008	-0.0474673305807	-0.883228930815	1.31682196295
-0.168462608343	-0.164490228133	0.133936540852	0.0519978481032
0.197509561487	0.769144904791	-0.0322945174714	0.167127272037
0.287886406208	-0.368271580958	-0.762469436174	0.83901366672
0.633743945789	-0.840250628624	-0.027058931149	-0.107403890349
-0.456333510655	0.955364504191	-0.574275303467	-0.446574681599
-0.0280844087153	0.455930370521	-0.52470458124	0.0240703425772
0.697367693487	0.490411969366	-0.296207238665	0.770794316837
0.189469242341	0.512765997215	-0.50053775322	0.126931281009
-0.285487040036	0.326464185144	-0.952623336975	0.584795376829
0.370598080636	-0.107189839427	-0.903183479526	1.01017107845
0.586969218346	0.571904176217	0.436135396913	1.1198647499
-0.929056421153	0.455848480228	-0.459883746751	0.441492629543
-0.685995816392	0.162722528946	-0.179965865369	0.362066497979
-0.25642945733	0.548052330946	-0.985545174675	0.356388265866
0.964012626729	0.283314943847	0.532120865838	1.63634993679
0.396394435759	-0.13200433604	-0.986755234474	1.20874462672
0.218059293214	0.944625995413	-0.71619269952	0.089932073422
-0.0609488394586	-0.177235127136	0.0965155464664	0.00672634190275
0.696801677633	0.620108618501	-0.598812251321	0.904872778063
-0.191999490495	0.122372062145	0.813890805804	0.775384170807
-0.357429877929	-0.944739593187	-0.991530628636	2.38530550536
-0.895644513147	0.5951349135	-0.835246225857	0.469701841503
-0.265745522175	-0.246674203564	-0.509185400161	0.521045922378
-0.492522540237	0.733387102071	0.369432021113	0.288785471752
-0.264528682009	-0.257790982405	0.507342013361	0.264776254896
0.51279851537	-0.68604891824	-0.43075879407	0.392232193984
-0.511458594319	-0.736011058353	0.719756444942	0.626329712249
-0.509054964181	0.718207865421	-0.799554138129	-0.0414295736845
0.861129211311	-0.392225272893	-0.513432829794	0.86878148116
-0.229672163071	-0.0839720995774	0.927847468561	0.85502298113
0.88428058126	-0.237933534296	-0.0988779679537	0.604855379311
-0.316052655142	0.722092611298	-0.320348261086	-0.257028110228
-0.387601484823	0.277732309806	-0.299205649869	0.0490104000416
0.558030436272	0.1648368837	0.482164992989	0.715343621269
0.367201344845	-0.312539112454	0.705339947452	0.297130165563
0.556243374473	0.741505599931	-0.464176387421	0.593134596751
-0.953086669868	-0.529314230564	0.101184168226	1.36953655335
0.833220211424	0.99863018821	-0.987761571473	1.51559917533
-0.707032141679	0.434010874772	0.139840544749	0.273282506176
0.00910920682143	0.958965034997	0.991190532537	1.941794124
0.0944016404509	0.490956218955	0.188095218953	0.182985071073
-0.183561604794	-0.586174254806	-0.0332673021373	0.161901099087
-0.396586356168	0.00744407636253	-0.982300623872	1.11193071358
-0.76199472469	-0.805200668415	-0.489645296971	1.82820985936
0.656333024929	0.254574266117	-0.531720826043	0.74522313554
-0.313276881831	-0.627677949138	-0.955334769987	1.8070864873
-0.0166899791803	0.899862732469	0.069966525183	0.0531154483137
-0.398689092569	-0.039893908489	-0.969695967495	1.15385349027
0.544845073897	0.736429427377	-0.213682410059	0.586394257817
0.748737668181	0.00693541830053	0.181753270496	0.600095690973
0.0665203607096	0.596398036057	-0.694959373103	0.11259369588
0.260088377402	0.449174030329	-0.364896904517	0.153718446448
0.139167702711	-0.475832964207	0.463646116287	-0.0525033157328
0.829322700681	-0.470012675777	0.384385331676	0.265070065173
0.363021598138	-0.809398566632	-0.27310660259	0.133594828578
-0.914079641411	-0.00819796367489	-0.042369525075	0.845177703021
-0.189358396222	0.13704230255	-0.579482204434	0.266292541267
0.300714846076	-0.432495331576	0.889189507306	0.366459320694
0.683175224854	0.0336892022711	0.0886788192938	0.500595467863
-0.762448815934	-0.69442755872	-0.00784400949925	1.11630229167
0.848379851124	-0.40689695714	0.653955679436	0.536110646472
0.0268611334873	-0.214485642094	-0.379570410785	0.220446293049
0.629532866176	0.997085329116	-0.33428264938	0.802446178859
0.147636988138	0.130272647231	0.798314303573	0.782333986479
-0.659368047676	-0.802838335897	0.802170176833	0.963596191162
-0.516050441296	-0.590743753906	-0.730203154726	1.53572123277
-0.0873700479083	-0.350616901792	0.88207312658	0.507050194618
0.553541270264	-0.471302712842	0.971433400501	0.531366090147
0.59561586886	-0.102418526966	-0.424835104552	0.517752014983
-0.665286601128	-0.631048228093	0.131475058973	0.796752780584
-0.337429438394	0.46347982005	-0.131893981414	-0.0862672859295
0.708179058458	0.240956411727	0.955438217223	1.815239015
-0.94305276933	0.452853150389	0.391872874212	0.793309323349
-0.773534312188	0.207483806678	-0.279474224052	0.457978954477
0.4568077591	0.748914365083	-0.246359052038	0.426974171127
0.250542539513	0.0309739134861	-0.281412781653	0.141008545574
-0.231957493614	0.105246622579	0.976123429376	1.0849421796
-0.959289686237	-0.944163825932	0.724301796069	1.66671685934
0.971219183007	0.376645972249	-0.663439660388	1.49934280195
-0.370016123741	0.0954621775118	0.0425979632491	0.107470467744
0.231952850454	-0.822355708675	-0.223196145919	0.0964175184237
-0.880450211855	0.256285248134	-0.0818243456981	0.535271025349
-0.197253724571	0.177071237055	0.521824171876	0.368681588826
0.602843625504	0.651641114341	-0.676015461021	0.772735563916
0.239676005466	0.713030168018	-0.133005058422	0.151194536455
-0.798233556399	0.870065513566	-0.23198259208	-0.205362808721
-0.254907542978	-0.0891925234984	-0.957075107673	1.08907040824
-0.364340863286	0.339522164606	0.659111842722	0.667253966878
0.833111300059	-0.440697115251	0.0878458385105	0.295928175392
0.162689149497	-0.732835351421	0.382648542824	-0.226755072706
-0.693634505929	0.695438564878	0.0692766436781	0.0517255454801
0.524193564034	0.774349337804	0.984331964411	2.41181405275
-0.889733470625	0.705512708986	0.383318949993	0.581277185854
0.602325803364	-0.990702323787	0.351840129081	-0.458706556722
0.326660081349	-0.434897984116	-0.151245316327	0.0532944267651
-0.622284229248	0.432437063486	-0.0444279219255	0.100900457374
-0.955109877191	-0.857712860718	0.350425302557	1.55367850652
0.321102666475	0.21408199551	0.489087200029	0.515760275012
0.226164110012	0.967710475675	-0.573850151826	0.0439947764987
-0.284887395709	-0.776434498283	-0.387574819271	0.753497931269
0.172851875578	0.579414944157	0.973727347079	1.64236785361
0.282233733296	-0.242755514894	-0.49629252286	0.377926100135
0.339836040478	-0.271879860832	-0.655781270028	0.631436753569
-0.61085208066	0.542660154759	0.836884085669	1.19617380011
-0.431692424736	-0.935857322908	0.483339958811	0.371641142384
0.177767229114	-0.552128789566	0.287794862103	-0.142623163492
0.59465690822	0.463070755966	-0.6567725101	0.756203049797
-0.502890132338	-0.158156060054	0.247742417133	0.354627947818
-0.714468082134	-0.25660212599	-0.677442580898	1.32656032612
-0.989258814036	0.78237727794	-0.839311094113	0.25244456659
-0.304779192539	0.478525666221	-0.656759108394	0.0641021266127
0.478752252307	-0.206952572852	-0.998125544913	1.33294396167
0.987626099514	-0.00959480211671	0.730589188647	1.49267993933
0.13392382802	0.818363721625	0.629756669307	1.03949746817
0.452340634715	-0.346846309312	-0.585286751395	0.59328450108
-0.405596005004	-0.189246988308	-0.638033341466	0.769098374827
-0.2701269171	-0.720220562581	-0.0295014169301	0.289637372244
0.0923321831726	0.841572926672	0.521995018258	0.798005171977
-0.0639909810169	0.54319853	-0.762566931454	0.136618127584
-0.0820843407302	-0.0104267992523	-0.292711865513	0.0963260000083
-0.30910891398	0.747394426744	-0.527264206126	-0.251544744882
0.952703570052	-0.399487067905	-0.189628703163	0.638764596289
0.771643604015	-0.897674294581	-0.0073321005566	-0.0906151783909
-0.382180360578	-0.995508152932	0.517757977458	0.279166528274
0.934617603468	0.353221931252	0.798301312812	2.12290001706
0.748400849538	0.160482062266	-0.628397988404	0.974246170052
-0.210946513606	0.335998361637	-0.776491273822	0.31565965113
-0.926538613681	0.578972100674	-0.966636366544	0.696764172522
0.18108426913	-0.782631272269	-0.174464277082	0.0580482837051
0.353410245563	0.18002852384	-0.0900476598313	0.180420160254
0.579591381965	-0.699948466979	-0.43233450186	0.419767064065
0.838241203012	-0.016088088948	-0.63775417442	1.10615324827
0.33868064635	0.758888924005	-0.766065394914	0.377223217523
-0.663223061243	-0.155852220133	0.22702055594	0.559386290662
-0.205434170647	0.843550217697	-0.149644203524	-0.234929853713
0.536987285262	0.597865300334	0.163919266109	0.734272576177
-0.806260382911	-0.604330014805	0.149564310086	1.06928643532
0.557655441243	0.928671782025	0.739766647518	2.06311356714
-0.678505155962	-0.0232339399307	-0.715701574309	1.00499090556
0.55813257873	0.412771328038	0.0147047600699	0.548179034495
-0.967527792615	0.225436812083	-0.184310511424	0.710413638806
0.929984964207	-0.234391848916	-0.894916200093	1.65752720638
-0.457474031343	-0.907990112575	-0.956202398608	2.40720973723
0.955693748336	0.0247848892253	0.558070830614	1.26231207999
-0.750442919327	-0.886713892759	0.429633509356	1.03221568828
0.741582889998	-0.33645065024	0.486627816298	0.373519523569
-0.532471672405	-0.63780382539	-0.57517123465	1.32080691437
-0.233249730164	0.253799595609	-0.925553111635	0.61695030644
-0.655228280241	-0.912638642515	0.654716746852	0.858444962973
0.715422008861	-0.534157428408	0.324434011568	0.0616392608379
0.735613920751	-0.155624068389	0.0413493592315	0.421923423292
0.65890484759	0.94414442731	0.257815168377	1.3661403537
-0.506628490929	0.203615283916	-0.509816399526	0.309621474092
0.906821433839	0.130310664452	0.849254905879	1.77239448269
0.0304201357652	-0.541755722025	-0.0341014361428	0.00408265815103
0.439509160574	-0.0975669745333	0.223632295393	0.178479000224
0.966859476638	0.784335488567	-0.714290316493	1.64312685942
-0.827651402731	0.290076386553	0.208447389469	0.548840695913
0.188316451401	-0.974274498754	-0.35053710483	0.316386793538
0.798403474882	0.978617922709	0.340797604091	1.86843370911
0.12752036709	0.279993828512	-0.361081060367	0.0812454234781
0.683536969164	0.37431188749	-0.0420201576123	0.709115850449
-0.899728458316	0.793886770198	0.354948460556	0.503006075465
0.17846201432	0.207690564761	0.0963831552383	0.0982211516564
-0.625770914759	0.914947903771	0.222020932377	0.0714723321442
0.482219653975	-0.533838429738	-0.686943825722	0.813717244753
-0.473957245115	0.419885499812	-0.0123990122291	0.0205752654996
-0.38468253971	-0.375818397098	0.769662066297	0.595677964057
-0.066888740144	0.832193019081	0.877469294873	1.44898594605
-0.579955725498	-0.407254504149	0.53200122669	0.638903634371
0.982721619609	0.43456046831	-0.640083522888	1.52434566969
0.713267016588	-0.58843086995	-0.67667973205	0.94511620905
0.227393971049	-0.707515859907	0.285478731752	-0.229659446993
0.795827589401	-0.331638829654	-0.397035307018	0.658723581266
0.819217673358	-0.000995929847653	-0.417257020567	0.844820692942
-0.717983472899	-0.513885251145	0.48419151873	0.87008393125
-0.981451377266	0.471863545775	-0.128251148969	0.456066994364
-0.73715084775	-0.917139713437	0.812392995027	1.13436618931
-0.304726724629	0.547290356006	-0.529848532904	-0.083157145286
0.0781404380277	0.420286142545	-0.626682660843	0.168292390606
-0.866336798412	-0.0881267172082	-0.322830675823	0.95955651925
0.696078047729	-0.483587326222	-0.351292243184	0.441196843313
0.513027808506	0.108608923948	0.43142159815	0.551897761431
0.120767524002	-0.949198635883	-0.28689441217	0.254580614221
-0.600057908874	0.276135549165	-0.858326258313	0.694081746813
0.994484461446	0.0067410621136	0.0207349753222	0.996272940541
-0.132463091035	0.959989369124	-0.0524591750406	-0.157224974015
0.986207492077	0.595627186787	0.0186785959369	1.57149158102
0.0216445242568	0.113330583357	-0.687668940718	0.397876121811
0.529227347199	0.792018943858	0.20143303082	0.899353711846
0.489728861442	0.220763798349	-0.173695456311	0.339773204195
0.703608104327	0.101179991389	-0.251085241263	0.603894422242
-0.727338288215	0.63316830394	-0.769637705979	0.173525432686
0.00591652680743	0.0524485301797	-0.287216086464	0.0677743371689
-0.153142161068	0.209894793826	0.704807359862	0.635997589174
-0.44314312915	0.303854699441	0.722407906612	0.803104931468
0.95317250702	0.986233357372	0.228784390258	2.12656544444
0.933523955683	0.117709405356	0.383486887068	1.17355373153
-0.8049234066	0.834151664118	0.608134095547	0.853576637363
-0.965660267104	-0.259053073509	0.821460862345	1.64465299883
-0.462664175898	-0.118927095044	-0.379162306521	0.45793817243
-0.0413701509296	0.0673782760306	0.538691315928	0.325408465975
-0.228825946363	0.671521653178	0.369540064622	0.283413750408
0.211085195291	0.328915255714	-0.456408402253	0.172175043968
-0.999360233226	0.581179644402	-0.274383585473	0.33373324812
0.853776161648	0.612390013472	-0.680140510517	1.29785758698
0.705920121095	0.695900789327	-0.400781938611	0.871295281728
-0.00175758549862	-0.470417135319	-0.158815821321	0.100762036253
-0.741636658346	0.280725470479	-0.418167871208	0.39930262929
-0.439129361773	-0.72742306308	0.0207865920288	0.497578857764
-0.712673391942	0.433612201671	0.492471514755	0.654949335647
0.38465026451	-0.959612145504	-0.629767133197	0.779779592304
-0.647389012469	0.60965699405	0.778173229307	1.10439962078
-0.533281448486	0.0714170551025	-0.681390463914	0.661933776713
0.205076814038	0.416127123454	-0.855760358619	0.503615219355
0.02012358369	0.702354774192	0.248799591433	0.251185671256
-0.0406252071932	0.315769380198	-0.97956321516	0.639050234143
0.600440418167	0.110039448426	-0.0240398122039	0.424533413092
-0.562423962245	0.188395912471	-0.600266512113	0.457594466033
0.633594902954	-0.587538658719	0.923661733937	0.339645024068
-0.0241781996254	-0.660538647587	0.653105698139	0.0117007189804
-0.890715513635	-0.402203037575	-0.122212212818	1.21571255962
0.133611061979	-0.387201360265	-0.647251337865	0.635668423762
0.636798494658	0.338319793658	0.977695318358	1.90761567202
0.186673678694	0.66849336886	0.187356308417	0.319986014759
0.356097588903	-0.831533467537	-0.291625227553	0.158239839973
-0.951791232654	-0.451492174319	0.622591099752	1.44215751184
-0.820008920716	0.554554775477	-0.94072766063	0.580958281987
0.652600285008	-0.572154779614	-0.652116201548	0.850865701648
0.969264734829	-0.200976000012	-0.428796233247	1.01471913825
-0.566082043575	0.0537239567105	-0.940882886943	1.12474936831
-0.346274970622	0.858650515792	0.346717825073	0.240499862705
-0.814405576225	0.614392367721	0.417402037257	0.593564958993
-0.182132065328	-0.926508755651	-0.635449772654	1.19446523414
0.377741982756	-0.652399439247	0.247040242266	-0.203889686421
-0.716896802969	0.456803288536	-0.502167471494	0.209240626022
0.111356656881	-0.126671395701	0.873686953918	0.650952349471
-0.306804993627	0.53181733876	0.778984392039	0.952059178235
-0.260949688423	0.935791834959	-0.0104200679098	-0.185742284528
-0.73336602581	0.138730497322	-0.0192438709091	0.433786109119
-0.49601639072	0.557594752104	0.533484318509	0.551529697864
-0.92469197888	0.209218603595	0.38887583701	0.894176967429
-0.389610132267	-0.780811613548	0.681186879083	0.388145109245
