0.30291145327	-0.722357734564	0.456528404835	-0.248413722495
-0.242527000216	0.320574419576	0.21411122584	0.095553592487
0.302427921121	-0.696008938954	-0.425283115276	0.357836688941
0.411372375593	-0.585641268266	-0.421171180408	0.352350979087
-0.970716138814	0.55687463861	-0.58937692909	0.420878723311
0.796200973159	-0.589669400707	-0.685256352071	1.03809160948
-0.595001945555	-0.115475129984	-0.972819685627	1.48144986261
0.717530491134	-0.62177041026	-0.553335907318	0.718939298293
0.164679698901	-0.811813800253	0.554328280801	-0.249301354289
-0.7720391093	-0.129890622977	-0.259277449017	0.797227532103
-0.186282163193	0.508890513094	0.0868127821349	-0.00838152089792
0.574582637728	-0.19937097905	-0.987120505751	1.38680017909
0.853362235722	0.147488306937	-0.934723364823	1.58993505892
0.480008672868	0.917831000812	0.67379535055	1.743405602
-0.501956592649	0.482038632295	-0.345826465149	-0.0371078207627
0.438088975888	0.887714810243	-0.352980966825	0.392069153851
-0.270217114686	-0.175153036915	0.049895662293	0.114096837669
-0.943922629264	-0.989977756058	0.459336775454	1.58170941949
0.605835900412	0.256309211424	-0.330848861316	0.546979818405
0.70130139799	-0.753458855287	0.823470842597	0.0210747324638
0.0527226142159	-0.406270948603	-0.205329544782	0.106939658454
-0.385911465268	-0.684401330428	-0.934655248274	1.92630570782
0.580079649767	0.299660131171	-0.936234104485	1.10630140786
-0.449384049458	-0.620196094142	0.488339143579	0.416261345838
0.507744278807	0.521765173539	-0.717392309333	0.663068937122
-0.304240140907	-0.915845762108	0.851840121252	0.316676534185
-0.261752475682	0.299177875415	0.428769434876	0.30232536582
-0.832798785299	0.621615275855	-0.288460578436	0.0797713734134
0.545258341952	-0.845830550794	0.961279621102	-0.0529106656676
-0.00823893235788	0.00317441213098	-0.355946688143	0.125609849555
-0.95126913265	-0.799283293432	0.0217999797878	1.64829736749
0.243004998278	-0.862275022602	-0.799416311276	1.17789744541
-0.870650272812	0.501215910945	-0.781390250212	0.540573625008
-0.646922099397	-0.978153313917	0.489633308031	0.812101531538
0.696504550302	-0.161375912983	0.849995367768	0.958042877613
0.190441962146	-0.302467392491	0.157211322179	-0.0441702416333
0.882659843887	-0.893294061706	0.79890999907	-0.0847907684337
-0.373293014943	-0.0993697216934	-0.486339571232	0.461295304398
-0.928239910821	-0.952814330051	-0.464280980255	2.40400002058
-0.0808454246916	0.758322937625	-0.24426151898	-0.180336380219
0.551303853473	0.0101205974057	-0.00782486656939	0.309497499415
0.294515244857	-0.72447656554	0.889788587241	0.0204625866034
-0.669376754778	-0.361209803367	0.786157552259	1.02392656792
0.340156215529	0.404297466824	-0.124009731838	0.218472140373
-0.293464070294	-0.537262717377	0.665872479486	0.329426165595
-0.927447368952	0.529369510092	0.711640577076	1.25234939743
0.388695693224	0.702068937957	0.69429926928	1.39347294039
0.66657752821	0.188961384537	0.919969130002	1.59046485444
-0.508893783525	-0.974421631212	-0.0578012377343	0.814513753009
0.273339825855	0.11349740445	-0.72107379	0.543845428208
-0.889611677777	-0.360639384244	0.95571016674	1.68095314169
0.931327065624	-0.665162950478	-0.053332201467	0.28620477253
-0.0458459270244	0.90444488324	-0.55764003058	-0.232755533732
-0.660450940029	-0.846656771522	0.497333491811	0.821640538349
0.0567339688638	-0.29212212423	0.917974346091	0.561161779835
-0.660588766424	0.573912789916	-0.809659136902	0.248131360228
-0.744457999647	0.263460072055	-0.514923245644	0.487566988514
0.886283298175	0.863429702239	-0.741438925187	1.46029269825
0.704385505204	-0.256587305631	-0.741819649239	1.0560604581
0.392514396116	-0.381570568908	0.801178543226	0.340476515318
0.0869723196657	0.074704513548	0.0209516413201	0.0160655626677
-0.355204155082	-0.882516793487	-0.697488031081	1.54167807795
0.455348621928	0.43912645471	-0.918274052033	0.847286799212
0.795475486227	0.268503104807	0.662241761595	1.46274700696
-0.0145308286656	-0.137118171233	-0.380922822245	0.199537222909
-0.0790956538745	0.906449444603	-0.430390696457	-0.270331345232
0.407907317338	-0.183583352436	-0.658101421403	0.645417332774
0.0580356648205	-0.995612063873	-0.482756848778	0.659279847964
0.241691236641	0.699835207561	0.992689109454	1.90770914762
-0.25516577144	0.181765099715	0.228976126035	0.1127792737
0.651338594708	-0.166012249183	-0.377954120781	0.521706110964
0.348161744726	-0.765475551027	-0.63757465324	0.749256544563
0.701315720365	-0.345669880146	0.916463655452	0.772531768454
0.270625796076	0.436997472781	-0.647960968276	0.328197221268
-0.136281817082	0.878904086135	0.16728807107	0.073809555715
-0.802791171477	0.852392891665	0.609597469984	0.851405802546
0.0546925882375	0.521771131948	-0.934405428249	0.417096019228
-0.107953278354	-0.018271593707	-0.246791336652	0.0790416236287
0.848767338356	0.276232214553	-0.744675773846	1.30370144619
-0.615548484206	-0.439436655946	0.463699384615	0.660645116233
0.145700716321	0.899896392122	0.429610318953	0.723514049878
-0.642533674522	0.297051202396	0.750649054729	1.00843932995
-0.403277885014	0.538897809699	-0.519137219209	-0.0649509743898
-0.810161723472	-0.589044377517	-0.201713844695	1.2930901075
0.0518934172443	-0.238061167884	-0.179713307761	0.0654187521547
-0.327058504269	0.0105851795291	0.94538290129	1.00726117002
-0.562643254474	-0.992817231502	-0.221406998244	1.14400709194
0.0650604007399	-0.515648534685	-0.910462824057	1.26910593054
0.420327046068	0.803676161409	0.733381459402	1.64173121371
-0.895521965788	0.328655108936	-0.481780724074	0.581414691724
0.565467149191	-0.247211598647	0.113254544171	0.164791813737
-0.604411299266	-0.698278385076	0.435929530107	0.672994751584
-0.0633083795944	-0.638611343957	-0.159452826141	0.171690987667
-0.89845298777	0.0397001295877	0.537311715253	1.08158429526
0.691443789431	-0.877782755324	0.847874025035	-0.15420175623
-0.151243780944	-0.568191187768	0.119517603193	0.0551856733672
0.00274223846701	0.691664383452	-0.489337841304	-0.097101804823
0.754269172537	-0.615996541836	-0.574458072409	0.788161045733
-0.527266241359	-0.187080259804	-0.737856511667	1.05912141441
0.490648556655	0.862373558349	0.495620958987	1.33690889283
-0.197131202345	0.83172052969	0.213446178539	0.0979894827126
-0.785975337516	-0.25142090314	-0.348327513972	1.02427673553
-0.0883380140563	-0.644726020417	-0.150082402191	0.184044178328
0.064577795269	0.972886055914	-0.580139155582	-0.160850726936
0.0948407903244	-0.92861479513	-0.690593972955	1.03914003063
-0.71382388902	0.032794274949	0.378785498847	0.642035657586
0.567865350964	-0.888811371192	0.685300738425	-0.32172011133
0.16761873225	-0.841576008974	-0.0713874945418	-0.0477936871909
0.793739076668	0.218395458993	-0.386738505932	0.868475470257
0.203225973954	-0.936482240333	-0.686936912328	0.96616982125
0.89978390426	0.767624686219	0.0584250471661	1.54856940617
-0.234246754361	-0.140822822771	-0.871107058421	0.969358093236
-0.139034985306	-0.552348457401	0.855899776839	0.355935993364
-0.319178529758	-0.719055939481	0.689059120886	0.310712569986
0.725833951164	-0.0790468547664	-0.450397764802	0.70792070698
-0.045524471282	0.428124991211	0.438486489541	0.362579739609
0.991255820381	0.745452856105	0.497556326141	2.33998966595
-0.81012688771	-0.257689929421	0.757381399051	1.24352413907
-0.760597373476	-0.13356258435	0.852895293791	1.29361119794
-0.790389513377	0.734839954641	0.923577543858	1.57558294865
-0.717943180327	-0.189349428858	0.552754562786	0.852258387244
0.651641240344	-0.417125654315	-0.0165289303685	0.159987873794
0.928742219939	0.747537075759	0.411040443152	2.03305357112
0.309600611874	-0.0621755051711	-0.202068613598	0.129998407159
-0.809962577219	-0.00233666278826	-0.445046503096	0.857038299429
-0.0715770118064	0.361242567692	-0.223030846847	-0.0515588720578
-0.324496275232	0.275584568855	-0.637019841323	0.246113106451
-0.0765240205185	-0.368498490093	0.374402615101	0.0362654315762
0.443033020209	-0.532932933	-0.830958443711	1.0935084259
-0.845630272914	0.793368469816	0.310799323202	0.387368765588
0.883820771647	-0.445423988098	0.943535730038	0.857450409594
-0.385154065611	-0.642394789938	0.864301968278	0.587559430344
-0.0272572589378	0.0633543548798	0.0783276865608	0.0101137186423
0.683247171912	0.25202810885	0.799753205549	1.48018966827
-0.252770861902	0.78132788772	-0.657682132055	-0.214923419186
0.399822679027	0.39220524937	0.961102169865	1.61733742532
0.873847530516	0.942341095656	0.538065330034	2.38362731795
-0.331901856867	0.903745523913	-0.684708319623	-0.339772571014
0.41037691795	0.333954600323	-0.73728089726	0.602821248497
0.939881521102	-0.148060996564	0.117602328256	0.740635468734
0.793056729604	0.0684069077592	-0.653688052364	1.06578082642
-0.339058360904	0.300104985361	0.44446625131	0.34414425406
0.974091570044	-0.435747837902	0.761251726	0.7721864879
-0.750702519423	0.781810592701	0.517963809325	0.649883191552
0.055539490716	0.00227475948424	0.4140760854	0.175611902015
0.59962941146	0.780301229192	-0.705279000477	0.774535395429
-0.362943893016	0.637770571396	0.154305889512	0.022475398306
0.155852414103	-0.170548173182	-0.263613191639	0.112160293537
0.924166090069	0.979908854173	0.269620860654	2.09658077354
-0.36559222595	-0.868913726029	-0.239557866879	0.716868869225
0.929477363893	0.535245690487	-0.411096452052	1.31038961197
-0.990773884656	0.265405109029	0.728842037696	1.44332555603
-0.225233853805	-0.335922038419	-0.399937918645	0.420689603833
0.921166648499	0.980341524689	-0.915389000522	1.69214908481
0.482311090548	-0.184024352948	0.763432359948	0.586205823864
-0.00504927399192	-0.788478909544	0.649566468621	-0.0862261224789
-0.495366603696	0.17877706035	0.169390798631	0.215804318543
0.108640482841	0.471977413764	-0.287038518109	0.00999402208393
-0.467657384763	-0.354030956288	-0.13194879749	0.448393064782
0.605794466194	0.39795829319	-0.0978474493032	0.578702786479
0.344647212157	-0.32873866814	-0.0942396237867	0.0453441504457
-0.938202702057	-0.496097124433	-0.237619299453	1.52000915541
0.846368064239	-0.348906261955	-0.546172544136	0.909903251357
0.920362402054	-0.505980983046	-0.63543001987	1.10666789443
0.525334401117	0.412363321809	-0.767494917655	0.765166566612
-0.123854524647	0.204863759947	-0.027983108968	-0.0149830308607
-0.925120961493	-0.0502885367366	0.431918380367	1.06720471681
0.912730284167	-0.0752637489927	0.391935862225	0.888496226372
0.770267797809	-0.496576700491	0.290381431005	0.150940161391
0.077772734464	0.726667398991	0.212472614507	0.262105042947
0.331804248554	0.936303740735	0.7632772321	1.71801507915
0.0944354518894	0.616991807963	-0.718053524464	0.139751676492
-0.473883302488	0.395856995386	-0.517936628878	0.100204877916
0.358561185925	-0.753688851149	-0.399963524423	0.319741425858
0.529008970103	-0.600914382262	-0.709039805793	0.890771055066
0.691697826222	0.553765170186	-0.138633022874	0.803933022781
-0.823835158211	-0.465523541905	0.334786926565	1.01845011906
-0.58842967598	0.0676274836374	0.819518917833	1.03348872418
0.754688938102	0.255910968705	-0.317015624246	0.782059701034
0.754759981915	0.713234738025	-0.389606875542	0.981896027932
0.0669963110826	-0.306309611332	0.508098326225	0.0864953999779
0.492537137041	0.422431611686	0.551336900103	0.987530600688
0.42762318357	-0.270868217355	0.573835282785	0.240885249359
-0.426638108849	-0.461122787667	0.804852954091	0.655404869857
-0.205082823529	-0.228620474476	-0.458431563942	0.403911437411
-0.74752871809	-0.0700090102801	0.242022566562	0.652764092454
0.325995788922	-0.316023284252	-0.940263708262	1.18449206075
0.525449236343	0.588599776764	-0.558511534432	0.568571572793
-0.99895699252	0.734351313337	-0.991135944589	0.518838171533
0.518880124831	0.208093618624	0.519909593448	0.75570808077
-0.248958900562	0.243763709936	0.974069700163	1.18754801357
0.885876056183	-0.0325856890602	-0.524576765972	1.04818398399
-0.513712805822	-0.889730671945	0.597721093776	0.54642660232
0.435676088878	-0.473193447938	0.234085865008	-0.0723171216402
0.924656383733	-0.930574152701	0.229055279417	-0.166158504391
0.524350206959	0.165378240931	0.167132000857	0.417232356413
-0.534979630485	-0.999010505672	-0.178727367649	1.03114746609
0.212705629801	0.713025878424	-0.824504306138	0.288822747175
0.412791936487	-0.202993624125	-0.544659458758	0.493819375093
0.826175993934	-0.372356092279	0.17751140643	0.340347954096
0.00523272571615	0.39567244362	0.832307173168	1.02415407035
0.614619853163	0.829730061053	0.273084509686	1.18888770852
0.734892525369	0.0481556581266	0.800085809798	1.25412221882
0.659397789866	-0.0830314975341	-0.726680456813	0.968456512188
0.521741989634	-0.641694452768	-0.47614286289	0.469666022946
0.117265432823	-0.404583361804	0.822477602386	0.310016191745
-0.212332707963	0.170117524801	0.546171778137	0.400180666404
0.513134800486	0.776102041067	-0.379213597067	0.511046794985
-0.150338181881	0.178066008454	-0.716594163017	0.381737581146
-0.123413724119	0.759437248198	0.732250332382	1.01379469495
-0.160150071522	-0.447781176412	-0.82050433257	1.13799398789
-0.398885902699	-0.300460706818	-0.682787636158	0.950309315493
0.702074540482	-0.331031892801	0.181250501695	0.233351644088
-0.475740531571	-0.383633496841	0.445444502575	0.436372429798
0.388481492942	-0.765955279757	-0.471008525699	0.435978918102
0.71663673483	-0.529475111302	-0.224555073456	0.303448198297
-0.897089525999	-0.570986200704	-0.290808615246	1.56761271485
0.0388451268134	-0.119343473688	0.621001341888	0.308403240828
0.600106606898	-0.307411549907	-0.717869600634	0.911666407582
-0.750984292107	-0.978422152457	0.0798722642659	1.22698786041
0.307049383169	0.816154831997	0.792025031894	1.61859786943
-0.750951764416	-0.629398764549	0.844162012747	1.2178716411
-0.0677328319848	-0.304702511863	-0.594701575876	0.560103128899
-0.638952636818	-0.190741322246	-0.466503862033	0.836742559665
0.472445366406	0.683678318807	-0.0988851403669	0.488377922536
-0.885966465003	0.871845476892	0.692695630507	1.09626151076
-0.224099445839	0.72983266856	0.225147295621	0.101676621354
0.159148453625	-0.874782589192	-0.0984891630323	-0.0180353457572
0.663441973374	0.669260200544	0.657287642282	1.75609406417
-0.847692531623	-0.787159528897	-0.302203466468	1.71506115545
-0.775911816629	-0.825595904544	-0.719712963468	2.35480759015
0.244268806006	-0.0271683980662	-0.700212694742	0.56235233253
0.588630580817	0.548531250868	-0.701571435081	0.776736851131
-0.406079573286	0.442181028869	-0.745089288583	0.211033636058
-0.598729797549	0.488527424112	0.843089737943	1.18865420893
-0.449504417278	0.0883008436816	0.669934873126	0.670331150607
0.837582534793	0.780208452054	-0.0971001650318	1.28870354812
0.0144195797707	0.739702874339	0.267752279781	0.280622543176
-0.218031320371	-0.259040787772	0.240733539219	0.0996094929129
0.647899325687	-0.630497499901	0.446742116561	-0.0708166376907
0.81410652024	-0.548669773238	-0.478615301693	0.707768142508
0.62795449566	-0.201070587176	-0.193215592108	0.344245907048
0.141427656823	0.601928129972	-0.854654168342	0.321124429254
-0.995493083393	-0.619720620589	-0.290522551907	1.87238023984
-0.815909875534	0.671862362184	0.757915097484	1.20117971141
-0.875457926188	0.65839377068	-0.697833676759	0.217553030101
0.91588784631	0.0380589925239	0.862656911308	1.65071711528
-0.279883109455	0.574958099753	0.209975594759	0.0822304135446
-0.317247962425	-0.664003047375	0.00323991334712	0.309159068189
-0.895672322426	-0.00597877688538	-0.15366829586	0.832116627747
0.301724384622	-0.385077845187	-0.501382478406	0.419305902456
-0.343766755626	-0.99371901677	-0.561898343194	1.33388196188
0.187499973174	0.310649422553	-0.552077947886	0.226690363162
0.945765459183	0.846043823002	-0.729472822879	1.60959595201
-0.694975460426	0.407234420667	0.185429879755	0.309870631552
-0.039060334783	-0.367030700834	-0.325400068803	0.241179071884
0.115324230205	0.69669293001	0.475550525103	0.651106244541
-0.180424119993	-0.0673558396972	0.902109583603	0.797744833505
-0.0375059236788	-0.773285638206	0.277548495561	-0.107181611695
-0.962772852845	0.318588137779	-0.469470944864	0.691038649889
-0.975297520138	0.771902125694	-0.335695944176	0.051938377849
0.211437588947	0.583227142782	-0.177207557343	0.0960722559293
-0.629115904949	0.314714897754	-0.220736022478	0.177050151033
-0.42411396766	-0.187684523071	0.145398688041	0.253323980376
-0.146361126551	-0.924764549034	0.592822692601	-0.0400115045611
0.818204890191	0.963954808333	0.519819605603	2.22946681109
-0.396541931204	-0.646637071596	0.6834749232	0.438841964158
0.0117635097111	-0.458293443705	-0.600560209597	0.630652612744
0.490860640036	0.920592339478	0.925919455001	2.4025479073
0.543341054768	0.586285472342	-0.0275120088564	0.598399488257
0.477237327266	-0.736033553533	0.366192008646	-0.258940237533
-0.132652844375	0.785348012139	0.213799323626	0.127035154075
-0.576491108713	-0.347433895888	0.314701526143	0.522333623557
-0.357326293295	0.946720679187	-0.975504684524	-0.182527179154
0.0210848794363	-0.410437868058	0.0977210021621	-0.0387684663516
0.232776755034	-0.603011094593	-0.772469141375	0.976334088692
0.555899878786	-0.432796315614	0.70316903334	0.25855097841
-0.460856096273	0.119267159236	0.648458674801	0.655261821003
0.143452538834	0.880033231057	0.893457110444	1.73135918807
0.98354869191	-0.891966065	-0.156328541243	0.253954339486
-0.748697660901	-0.186066350662	0.651776182018	1.00339420476
0.162081755214	-0.324784222166	0.232343861107	-0.0478490518319
0.157052333822	-0.141651062129	0.234295030672	0.0241248271147
0.924211610322	-0.236217044935	0.980698778076	1.36596489116
-0.477302961333	-0.295120796711	-0.883183956894	1.40934000184
0.323202047641	-0.0706392836845	0.920090030269	0.863199965605
0.49065488419	-0.698870961465	0.548767485704	-0.18453414227
0.779788967636	-0.6353134223	-0.486207086224	0.657951654937
0.625583743528	-0.870719437068	-0.42909506913	0.404391090557
-0.0937077795457	-0.639939977401	-0.526995447869	0.683718159346
-0.183095040165	-0.431136456756	0.896747992089	0.529998950003
0.381601763798	0.736621957533	0.297691364061	0.734622287952
0.254609963964	0.946094712531	-0.549455782059	0.0877758206769
0.273019838086	0.69351910362	0.022325838558	0.279866143981
-0.383487428206	-0.495112838025	0.0532211768962	0.313414162252
-0.590056477263	0.75686401821	0.658788616772	0.834189971238
-0.199658032671	0.282602603125	-0.980493881626	0.667717578853
0.44110610969	-0.265138535586	0.31942573037	0.0949610988886
-0.201651959573	0.761181559785	0.451472018036	0.434648917635
-0.875033002179	-0.716027960911	-0.301618500638	1.6991718511
0.758390326394	0.252254165825	0.200936361565	0.857525461992
-0.786372777144	-0.738448796918	-0.905167733564	2.68682682559
0.872202197399	0.640361916132	-0.0430979230901	1.29352090589
0.885681780176	0.00927126724832	-0.433917279736	0.976904850806
0.220635009131	0.941401825385	-0.88997220719	0.210615076774
0.350033194788	0.981729933109	0.450819926703	1.11198332516
-0.640938121129	-0.79768940605	0.747935579436	0.884858567138
0.378078074602	-0.148671083906	0.341984192438	0.152843780651
-0.00428555478071	0.725769814454	0.468900528954	0.557089595631
-0.28355894261	0.78544228338	-0.528571711468	-0.278088027243
-0.538098811116	-0.48594790722	-0.131784964811	0.632446226467
-0.727448238423	0.24714365323	-0.654756400248	0.616283779337
0.067865256376	-0.520688331466	-0.220689008664	0.132882876155
0.272268632065	0.884526711901	-0.89056580725	0.320337297705
-0.246940352401	0.744100583413	0.255911173812	0.133145259971
0.291538384599	0.0662755608129	0.636604248243	0.551772772081
-0.329170739132	-0.221080680703	-0.169411156331	0.247280340225
0.946868332999	-0.924410971904	-0.804880793588	1.41313789262
0.8473853949	0.604852750358	0.572199375665	1.90411388584
0.808116920036	0.965741496556	0.575103122301	2.31962955148
-0.825743099484	0.726068447411	0.0304968170218	0.105378488577
-0.519166130237	-0.494995262747	-0.129472556171	0.607369690593
0.92595613226	0.118333511099	0.966398192552	2.01524915694
-0.0620367446729	0.712470465857	-0.493209931275	-0.14849226388
-0.78385126571	-0.74263797263	0.481409546941	1.07078266351
-0.338813592253	0.810157882192	0.62672609806	0.740834838246
0.0987524231483	0.95740344411	0.846884208173	1.63232067083
-0.339643470019	0.844213678454	0.932111599763	1.48435942032
0.312312351019	0.175865529264	0.913634842625	1.14786948232
0.340065338851	0.256702361037	0.501706244356	0.583438343176
-0.762720282079	-0.693110830327	-0.909279613827	2.56741288098
-0.989309763001	0.496637476706	0.565525535194	1.08808580856
-0.285200876144	-0.135822694046	-0.0866565938943	0.139355588401
-0.300388327939	-0.750234051923	0.118150560762	0.240913681052
0.232219296273	-0.73450374241	-0.0114101945985	-0.108129117436
0.384466217135	-0.717005692426	0.0386693316812	-0.154081007838
-0.504649599887	0.70796447655	-0.208875633356	-0.206850269382
-0.31081150815	0.556507659497	0.342066520251	0.231006951507
0.567774543551	-0.764668172769	0.890757174893	0.000523492859223
0.94092675483	-0.0430580888582	0.997951144605	1.79776526809
-0.626877515229	0.341299287434	0.68188041961	0.876708777818
-0.16058474778	-0.422705236896	-0.684849514105	0.852175808139
0.96019586454	-0.331850037923	0.731839568227	0.896063229372
-0.313030449401	0.361676335252	-0.228579363343	-0.0456508646111
-0.154404388536	-0.941369069486	-0.01307352366	0.181670158584
-0.923317981444	0.523003049423	0.539955770296	0.94356872327
-0.880448838853	0.261394462739	-0.51274330241	0.673923140746
-0.36162150344	0.601333422432	0.539392197784	0.528613514819
-0.65867021912	0.779617765762	0.1330226214	0.0417372696464
0.0420111405143	-0.456429216478	-0.0188719331869	-0.00844032448082
-0.540328406157	-0.139815802407	0.524369484956	0.569149452627
-0.590711208358	-0.0681903592265	-0.974451208346	1.40522387657
-0.160391123903	0.998578813042	-0.883231381016	-0.236316337187
0.516764711871	0.620314625036	-0.32944129524	0.491776789393
0.289472897018	0.26143800916	-0.822540833272	0.621003760506
0.256521643812	0.981985746842	-0.0193500272892	0.299076924281
-0.661177092615	0.863396109944	-0.698273472142	-0.249003339577
0.957726545881	-0.2997331029	-0.760239218614	1.43601031682
-0.178198233359	0.76108964711	-0.936906857681	0.0608541301119
-0.679378949418	0.969878889416	0.181264844245	0.0113023455437
0.813392312529	0.446260289408	-0.913628886222	1.45159319343
-0.619782490416	-0.719604397472	-0.543969028269	1.51747334955
-0.504530960492	0.263988264018	-0.561810440785	0.288680846097
0.261291431763	-0.601217621361	0.497475730054	-0.140428873889
0.766661055482	-0.10343873834	0.0932750112079	0.507518699917
-0.0821038314164	0.667771940845	-0.495813183536	-0.133345014621
0.61286768871	0.524352378936	-0.435352674934	0.658219175207
0.988171299917	0.0711432748048	0.438182049795	1.26996147507
-0.131174313418	0.176770254485	-0.471189624154	0.132746335874
-0.63928574394	0.887931774572	0.195922653495	0.0533957728792
0.102303365943	-0.581151557811	0.631222853966	-0.0173816353429
-0.172697552145	0.284635746758	0.730946551678	0.723004926786
-0.283785928087	-0.762442329354	0.0213638634287	0.281072557893
0.260618976159	0.310819600151	0.0791578014939	0.179797490442
0.309408955441	-0.807650511817	0.881395850978	-0.0891615635505
0.224593808453	-0.390689404679	0.578704064608	0.071500805383
-0.324182631786	-0.483637295662	-0.34350836479	0.546012643353
0.783743107783	0.163820704801	0.832808666438	1.57264818489
0.110146860008	0.240536024653	0.698524605543	0.694583574892
0.246870709938	0.552579110193	0.603177172781	0.894486551843
0.280954948614	0.161011467008	0.993008759439	1.27012484502
-0.363535781649	0.264778779955	-0.456570375303	0.123468064472
0.0750099433669	-0.917566875945	-0.454093718392	0.559662311858
0.967577691486	-0.772536910618	-0.748537485293	1.32729831176
0.383627660914	0.499538625133	0.14619297134	0.433208437291
0.143761905679	0.300622638093	0.450678211767	0.40248049238
0.815746762808	0.871133678926	-0.2043196605	1.23982404573
0.765418564535	0.157290877008	-0.793671253818	1.2113357478
-0.0786474629634	0.370621558776	0.0470651823397	-0.00330451925522
0.845329028728	-0.0458836756071	-0.857647662559	1.4507059041
0.26392185963	0.179043513057	0.133510378006	0.158637433054
-0.246882796289	-0.654653979764	-0.847205915931	1.49495850876
0.670905068752	0.15758078661	-0.0221420920503	0.55283646371
0.742069815072	0.0737496893679	0.0581987701342	0.613074266856
0.401021000658	0.763125651296	-0.0154368557236	0.455305291216
0.3039013192	-0.95614027392	0.228071591482	-0.364268061885
-0.890557510562	-0.643800338396	0.290671190976	1.26378943643
0.597494586903	0.744478344008	0.50270789084	1.4287919236
-0.279050177076	-0.312720154235	0.738216103142	0.479241577045
0.299574793904	0.292150310618	0.820208855573	1.08963276492
0.975901883261	-0.899475923635	0.511321137418	-0.123887508853
0.361390826656	-0.489636130082	-0.712720683619	0.810597893995
-0.368316978157	-0.931565991573	-0.540049864222	1.27351491048
0.181585930076	0.358187986417	-0.730373598955	0.369849893966
0.399857806993	-0.643559938598	-0.608648906351	0.664709344097
-0.532159159884	-0.365687171655	0.204476111336	0.444833338778
-0.202301773091	-0.514647597586	-0.637038720012	0.878708906523
0.697196692684	0.590991045489	0.00124039031376	0.898854828746
0.880767354298	0.705393031543	-0.306440514283	1.27478307197
0.504707978897	-0.275255185933	0.621847895158	0.331334602098
-0.00484512127306	0.174008331818	-0.543476688346	0.199977822585
-0.563125928713	-0.351146619552	0.618233815369	0.679972913944
0.226804625387	0.643733815221	0.367854436529	0.569559371253
-0.206101355207	-0.426777093466	0.999582259821	0.703002988575
-0.771694428596	-0.605054079077	0.637034100569	1.08280151718
0.947325394698	0.684980830086	0.880119237273	2.9237998162
0.780063503395	-0.850979559707	0.565856820633	-0.216657673956
-0.050261058508	-0.371038313343	-0.74088904891	0.844989758255
-0.478252157481	-0.52399594238	0.950795783026	0.885126804772
0.588107552686	0.00431413007012	0.613027380764	0.726854915428
-0.184576720659	-0.0906946325221	-0.892689137923	0.928664693948
0.196573069137	-0.258041406116	-0.148871142512	0.0484945163619
-0.439552812529	-0.988209339507	0.263671354953	0.436536957447
-0.0543332182343	-0.665738126837	-0.00326906729352	0.0413108230735
0.818648094088	-0.580805737008	-0.426877732274	0.624866826535
0.832870776924	-0.735321517312	0.144811047176	-0.00426651190726
0.0760438260765	0.549123168249	0.338404475086	0.347883416452
-0.805142214446	-0.468683170458	0.23538621486	0.970695703904
-0.172618627691	0.350926831733	0.0898106650511	0.0088036102114
0.7058797015	0.124774660451	0.557130779348	0.966252562181
-0.937802642985	-0.476157836117	0.400575066792	1.29573930151
0.19824387014	-0.0602708364845	0.895148007709	0.77469094467
0.344051441127	0.471670966084	-0.160328329675	0.230733424908
0.790330188321	0.271861781061	-0.71295984087	1.15396758172
-0.339370187242	-0.11974102954	0.751795359308	0.630984171554
0.962232190883	-0.0886246533655	0.646518076862	1.20130147805
0.689012524782	0.388595796314	-0.994948634577	1.34577555854
-0.487805079228	-0.244075051712	-0.829377518395	1.24731227397
-0.501150605732	0.782056003756	-0.479534693629	-0.285845374141
-0.67074688953	-0.290423767724	-0.452725374843	0.981144702794
-0.207534090497	-0.846827682933	-0.742396442848	1.39865034957
-0.470483948948	-0.903240775596	0.363359558558	0.450144432475
-0.888875585926	-0.847646707883	0.863922432195	1.55761323472
0.998540908375	0.340332871306	0.323493688635	1.55166394265
0.754419878709	-0.352056846	0.509747785327	0.383933277421
0.630098794377	-0.90011119972	-0.50359199361	0.536759198492
-0.330543808408	-0.999745140086	0.693730250635	0.227426989361
0.902856872993	0.0586017389625	-0.435750599098	1.03240235766
-0.893581924595	0.512548201288	0.57151181546	0.960037956047
-0.675458809647	0.105352555021	-0.016171033382	0.383641134759
-0.263044216569	-0.377615445841	-0.09537615978	0.213633941939
-0.927442666059	-0.32905486814	-0.533250639733	1.62515438673
-0.330120887635	0.0349664564335	-0.944537712858	0.956560997042
0.147972927886	0.267439327982	0.119526581815	0.107722480258
-0.827366827827	-0.413304895483	0.153613056305	0.986598570976
0.0298453531791	-0.424275941954	-0.683543535053	0.745470921287
0.632847640441	-0.154502763635	-0.78672554035	1.04320777265
-0.735728735364	0.560197368901	0.299478126092	0.386597476552
0.133566569325	-0.629420939651	0.674027560864	-0.0361634750344
0.765872845738	0.565802587318	0.461395393366	1.49383846988
-0.102934056113	-0.361115688995	-0.537656074682	0.530996620995
0.76795369885	-0.445807319211	-0.646933215202	0.954323651124
-0.58278871906	0.0605463735522	-0.0690275694452	0.304942383916
-0.135791243381	-0.945702045055	-0.283530636417	0.495382442828
0.255364109319	-0.00971315168197	0.175661432507	0.0918811507318
0.970532785939	-0.907315959355	0.896207417359	0.0513984450903
-0.144671726794	0.854359543188	0.216750365871	0.129491702795
-0.627868279392	-0.180020796597	-0.186756158895	0.57574577946
0.933318016894	0.899303594906	0.305860537607	2.07903091792
0.0354828123866	-0.802178985136	-0.498649010525	0.621452056444
0.362632583431	-0.316007292827	0.856371587026	0.479660477781
-0.589751061805	0.0788087650246	0.865173840317	1.1180378179
0.318162093758	-0.943720202998	0.110652495755	-0.291209898742
-0.707806695792	-0.214286465757	-0.148312263685	0.706441552261
-0.88099276974	-0.0777527682098	-0.225087987956	0.91281370343
-0.979334568683	-0.238484648442	-0.58057853122	1.66818295556
0.380445616283	-0.873802818782	0.118263862646	-0.277048540284
0.883559040251	0.673542321523	-0.491800650535	1.28641031276
-0.0247844337438	-0.0172668217444	-0.295287740427	0.0933357469789
0.472671817628	-0.0335174424173	-0.622251071099	0.61562855668
0.630194755326	0.607237378431	0.845718669833	2.00861529723
-0.47644969704	0.960370826772	-0.546812052672	-0.456702997818
0.22072781774	0.194027244304	0.0884335827121	0.11652700265
-0.285467065755	-0.420197594875	0.605805567529	0.313886363289
-0.0901189501739	-0.312750997874	0.0524115999233	0.0226614124051
-0.534724078729	-0.496875427421	-0.219953571316	0.709290193838
0.849947937016	0.494050104372	0.613486578092	1.82178725207
0.789538402311	0.815018925847	-0.858240806169	1.3039544107
-0.547802055478	-0.849129456558	-0.520219022995	1.47760308183
0.0719203789236	-0.0245600405395	0.367985794493	0.129781972401
0.585141838392	0.094377822148	0.185586228332	0.449572855589
0.29574081001	-0.803283929954	0.289953237027	-0.298943109487
-0.014434708617	-0.545566447962	-0.469820755385	0.485133436405
-0.517530057856	0.0775703261109	-0.642341267441	0.590468067692
0.434986085829	0.438239626159	-0.0307468649681	0.367311909599
0.387619656641	0.0216071207065	-0.391959089022	0.303787163042
-0.769734410843	-0.236882063722	-0.139682546888	0.827426842872
-0.638481189388	-0.00571251352375	0.283351758444	0.489975129892
0.901773323814	0.14303196648	0.422933130556	1.18154292964
0.159030860474	-0.195723481404	0.0551678011701	-0.0135894069
-0.738462972463	-0.785994617186	-0.161104884017	1.27833783834
0.324906480602	0.276764429712	-0.878339385028	0.723873754251
-0.810622479277	-0.804900678807	0.901961469429	1.39712448107
0.677304777097	0.739318192855	0.525807611165	1.62469828173
-0.38422828313	0.80596726589	0.750705709016	1.00655924406
-0.811909640078	-0.661198825025	-0.356091174871	1.55827895494
0.668594002488	-0.600598280899	0.558202390835	0.021796044454
0.828701474707	0.343255732153	0.096292613551	1.01352792461
0.276095650685	-0.499638164946	0.836809828533	0.220429446061
-0.517285028955	-0.998154609306	0.221836485086	0.611698553172
0.410503786763	-0.10230121779	0.225134860921	0.154172456816
-0.117743377757	0.36519152217	0.663252716802	0.652983055234
