0.967058296697	-0.547954630102	-0.0238530884857	0.418937058064
-0.153318375738	0.884833374017	0.54277496089	0.662715366781
0.174325763141	0.726147209294	0.77722339756	1.32543044896
0.425773429992	-0.435818219716	-0.622601102608	0.654696232526
-0.640512240496	-0.31948427181	-0.549831227344	1.09286632481
-0.660758904654	-0.671340281404	0.968299518503	1.16774188537
0.471452462304	-0.141226980702	-0.394862824225	0.367367550828
0.888504818032	0.0718105657011	-0.20153664049	0.879389402574
-0.467664756267	0.464418463087	0.423666086576	0.377769482614
-0.13327215914	0.462539041996	0.745425989254	0.856566419992
0.203884921287	-0.532666610616	0.350310732009	-0.13091485017
-0.655032897851	0.0627137548245	0.482307350427	0.650856209909
0.998224344335	-0.896101520952	0.513382399626	-0.0945397724763
-0.835307522523	0.114941196209	0.0538892225705	0.610825551357
0.414708493128	0.849150658489	-0.955899876656	0.626174688773
0.531476477364	0.140258158526	0.172961821718	0.411186256388
0.420101613739	0.994715232015	-0.229807675735	0.418585212385
-0.103845270306	-0.837338946058	0.623802176176	-0.0354671723904
-0.510213620641	-0.179799592759	0.997146948969	1.16706956239
0.0328535340968	-0.165639205489	-0.280292344051	0.120628720724
-0.521179289159	-0.0642212067677	-0.43059063492	0.518159959419
-0.580200239006	0.738061517848	-0.575599596682	-0.185104168013
0.506468735074	-0.0771836751838	-0.00820117859241	0.218119717704
0.414281500504	0.142688097144	0.0123653580756	0.232659492143
0.223298476577	0.425288835298	0.974476250725	1.50886639159
-0.442502798139	-0.0277412412409	-0.108472658777	0.222859787131
-0.668445445792	0.21909941642	-0.872636397375	0.870663463529
0.325182001837	0.958895648214	0.538730312058	1.22437544168
-0.148880431275	-0.4520818449	-0.511155706994	0.581835894698
0.0569246585804	0.409634972321	0.716223310089	0.832924693416
0.869341485131	-0.592630875068	0.42173456048	0.168483130583
-0.38910908952	0.581589099135	0.181925462166	0.0640070181432
-0.804030694602	-0.0121835245043	0.873079068199	1.40789116464
0.264842922997	0.0962869529515	0.312750851829	0.223569613803
0.189472997996	0.394997083978	-0.0197485895388	0.103330670179
-0.245679975179	-0.682271162491	-0.875553814686	1.59193861385
-0.672954433606	0.211699773612	-0.292406352944	0.334002484986
-0.054320561375	-0.605424712069	-0.55059910772	0.672343417297
0.564170069179	0.439799519091	0.0375883481296	0.584353813414
-0.758479962798	-0.35890049151	0.018728357192	0.841139820176
0.386930092992	-0.508955067038	0.0972735518985	-0.0872608577838
0.227177798977	-0.707523708216	0.422024114662	-0.229611639615
0.665737969196	-0.856356258944	-0.480099996756	0.514730810917
-0.853424285032	0.438366411075	-0.284465047151	0.310440910584
-0.174310058881	-0.439829192143	-0.554980357859	0.659150409069
-0.496144645917	-0.608054364587	0.1629352753	0.475316825734
-0.823807700983	0.840796725119	0.820087514608	1.34807473929
-0.596927043053	-0.895548411199	0.495496308793	0.69267461967
0.587842929981	-0.548180885821	-0.0355252975095	0.0440513880686
0.449855940578	0.307084458709	-0.455212588367	0.407943924594
-0.276144196634	-0.800343477655	0.250403622876	0.159558892002
0.960780124144	-0.907120287135	0.898147758711	0.0434966485699
-0.3001563303	-0.807031210023	-0.881765149567	1.82145112366
0.0323124957498	-0.362234100694	-0.719767670801	0.768129304414
0.60435711833	0.417247828624	-0.64989226263	0.768608039417
0.348618661813	-0.463682623785	0.332858139751	-0.0836594388349
-0.13210851096	-0.623894115361	0.242393078942	0.00740117040804
0.0153446759415	0.241380827798	0.0609847346043	0.0223790532374
0.988293849	-0.400533457251	-0.533116890386	1.07862474989
-0.818709178101	-0.342741129465	0.512371485373	1.03780378413
-0.941996754019	-0.326546098341	0.827063731917	1.60892323117
0.637388468219	-0.00340632822921	0.735994086006	0.943273162291
-0.778270712832	-0.747699846528	0.946850097792	1.37618362988
-0.253240077114	-0.890072312599	-0.410202227336	0.822908030166
0.858153282518	-0.506745328736	-0.106417400885	0.366813073046
0.943662220473	-0.382993994013	-0.657181508775	1.21266552984
0.190348182311	-0.371801620693	-0.131834504343	0.0318572867435
0.466332124457	0.201681524608	0.840565666939	1.18759342981
0.334996363841	0.0946771822599	-0.319571688606	0.215808992734
-0.725651530604	-0.479899802227	-0.985263528623	2.31838216325
-0.601028064582	0.915504821917	-0.92973745187	-0.17577674771
0.432671824007	0.745490315977	0.2204722271	0.722725475251
0.324688791146	0.439268862721	0.93922842162	1.5427723157
-0.218604138474	0.673652904858	-0.128360631508	-0.169469604102
0.424078627314	0.275339774289	-0.689625351526	0.582310232504
-0.722502799483	-0.316350703434	-0.363272597156	0.997463085604
-0.0930821825921	-0.937975610742	0.234528586174	-0.069005326338
0.269369370613	-0.459534133199	0.669527812616	0.0893720464323
0.781610127214	0.736983344049	-0.192070232624	1.08228644819
-0.896228631988	0.0801204907641	0.105040926555	0.750869009801
0.249675398861	0.919916591441	0.0878539587069	0.380554978982
-0.0576063618233	0.686145599247	-0.567203793734	-0.103672102052
-0.0898155353594	-0.342012963458	0.371738533671	0.0498350476884
0.444372607666	-0.166685761146	-0.750780676862	0.812212501429
0.215935543635	-0.096218332794	0.133330281106	0.0307993475063
0.802879961894	-0.228608368388	-0.891349006581	1.4593440487
0.97460025546	-0.97141894384	0.0180416615344	-0.0141000031235
-0.565424368562	-0.659614524006	0.91592934571	0.927433109233
0.7035904284	-0.305926968602	-0.393268213674	0.554763444382
-0.624211095081	0.594110206572	-0.206139306048	-0.0611867436215
0.0729278964723	-0.559915114861	0.66755092035	0.0363374275706
0.0678398586973	-0.907086287525	-0.0438905987047	-0.0151954142529
0.295728050423	-0.479326143125	-0.163249336584	0.0506049147512
-0.80607762493	-0.873804320289	0.547939705371	1.17556108748
0.197813188487	-0.17932170515	0.414151227878	0.100912794459
0.5025361295	0.560930996374	-0.0414176655497	0.512913623902
0.386692047643	-0.625190286344	0.443875442068	-0.172706578939
-0.131992580042	-0.919713169627	-0.128775027699	0.273836451997
0.863277102867	0.602393221911	0.0575342589439	1.3032480703
0.764341152093	0.402084902885	-0.134610956162	0.855542510977
-0.0562657562119	-0.0911083913952	0.818498875176	0.60366041065
0.964578718191	-0.0254865540143	0.0273927946195	0.905880533243
-0.672699146728	-0.798643029444	-0.810588500176	2.29419519849
0.877106028987	-0.452015621467	-0.363607153277	0.669415634572
0.112578649393	0.588197082058	0.132453460322	0.174345043395
0.836545671681	-0.318923238499	-0.921558840669	1.57619203279
-0.129587593857	-0.330935505533	-0.792027191405	0.949095071274
0.731470296071	0.250188192483	-0.781036025371	1.13266530674
0.0620426402418	-0.591486711409	0.849037448675	0.185822112837
0.436506831367	-0.349601187601	0.514949429138	0.123080889777
0.240037297371	0.463029600766	-0.156138335264	0.120844786797
0.161950077472	-0.565793528156	-0.213808186306	0.101282750485
0.593721549442	0.565802806599	-0.677663900894	0.764238822803
-0.605437243937	0.692850684199	-0.171636779826	-0.142382828503
0.92724759859	-0.922450457043	0.140972990071	-0.105719077213
-0.860260364793	0.643680687449	0.0536272974624	0.223709654968
-0.920449377416	-0.0835295683519	0.555151901312	1.18593383041
0.427259844147	-0.322661783362	0.673072061683	0.280541919614
-0.467562525864	-0.0352981979805	-0.69920990894	0.748694176754
-0.569831517046	0.307244630112	-0.63622975706	0.358940411532
-0.707990678317	-0.112868445733	0.208900973718	0.601221896643
-0.189960898338	0.569876947537	0.422402957103	0.346972771994
0.239923418349	0.0249715898799	-0.688458503943	0.52033772412
-0.472698147465	0.0843054360432	0.437011560117	0.411414068986
0.285066862073	-0.0322037178068	-0.0952906249629	0.0842319186718
0.691152641162	-0.279106675711	-0.713546823032	0.9930914077
0.892305110351	-0.331592272297	0.824703568946	0.906997577069
-0.656098140272	-0.929534132384	-0.318849082745	1.4383762283
-0.166324340395	-0.290052527616	0.0914669979216	0.0577425593114
-0.571928764236	0.0603725055697	-0.357439563299	0.398757258241
-0.291797963437	0.0827164427138	0.0473863515746	0.0671746586904
0.0547281989954	-0.284621804279	0.8355171448	0.447700839019
-0.660888572759	-0.849274745174	-0.547641405447	1.76305880384
0.00315516282535	-0.212539734484	0.702017336703	0.342961120269
0.442390097343	-0.143109478763	-0.943741462786	1.15810507939
0.985019665649	0.0651139540145	-0.00246141644618	1.03424805294
0.760907983233	-0.351541111726	-0.0178077463698	0.318067791387
0.986590065596	-0.376225351745	-0.38149448039	0.891245696718
0.0691277655331	0.191368320063	-0.918044408101	0.685128431451
0.894433272467	-0.579143044224	0.81841910547	0.47783417063
-0.213728527131	0.211135537246	0.452445443317	0.300788386836
0.742769409018	-0.828096812798	0.244708718801	-0.206138738325
-0.813695112577	0.86495247642	0.54400088162	0.724764002492
0.368361434373	0.942094803805	0.184476104329	0.690546951961
-0.331561595006	0.261037622129	-0.198164348442	0.0109237996187
-0.889657981943	-0.910808865379	-0.473000426343	2.25634208691
-0.275143701486	0.758251872673	0.848475666842	1.23034505009
0.589265672076	0.556470729099	-0.649722650152	0.735731015739
-0.718059766688	-0.292686378109	-0.730707404522	1.47357755563
-0.607824025915	0.933030185471	0.454062135268	0.432157983815
-0.311091648296	-0.937772253924	0.611239570369	0.188921432631
-0.323823116827	0.464944235708	0.374456929503	0.268621302381
-0.580195221087	0.620530762054	-0.332045215602	-0.119192733579
-0.62602682027	-0.0391241824837	-0.341700385801	0.546530269158
0.564802205831	-0.983149313417	0.0149271948604	-0.250736209399
0.389594820101	-0.353821228327	-0.481813609735	0.416557443798
0.667117946695	-0.304418221724	-0.0194836419377	0.248274283724
0.540855483232	-0.972662659176	0.4959511448	-0.469970900102
0.599205720408	0.0979857522982	0.0899468539432	0.434665065349
-0.739165496794	0.75576705161	-0.203835017614	-0.124774372384
0.227302457646	0.601498223455	0.405757059061	0.597089372871
-0.654217407622	-0.408004460699	-0.5000584641	1.14900858849
0.308147033153	0.920835586293	0.323306350348	0.780946336829
-0.676020591882	0.241510649653	0.572951263112	0.76038465
0.0171787572131	0.907990376244	-0.777825171247	-0.0853525169425
-0.573075139732	-0.756298556972	0.250742202639	0.635066703152
0.982026024631	0.11641671716	-0.814533639913	1.64733907718
0.278509121724	-0.671708828365	0.0937754650937	-0.163705674893
-0.244043695897	0.0403930674462	-0.536395427463	0.315753049963
-0.834867878473	-0.900736824637	0.00201159158398	1.44719274824
-0.138909365915	-0.225094447867	0.365629331164	0.101947214348
-0.911477452603	0.231433146381	0.315797853423	0.792659426958
-0.769094137847	0.910333848866	-0.011400056978	-0.118874530223
0.866767125611	-0.522126891245	-0.429860118823	0.707944074577
0.620204765295	0.930459955893	0.192250309206	1.17757104507
-0.187826239168	-0.0107533345747	0.00707034567147	0.037272414507
-0.190579580376	0.373486639427	-0.688839915995	0.182369573978
-0.210728543826	0.323987213715	-0.866325481902	0.445974626959
-0.977223200637	0.126200827741	0.0931262378809	0.852063911542
0.418582673168	-0.736550431888	0.773055239187	-0.104875561889
-0.766659868315	-0.263246103881	0.898878633909	1.36094407728
-0.192664974928	0.0951395085151	-0.730678845397	0.483164890418
0.744200504396	-0.751190848174	-0.0780754763843	0.0595431459741
-0.91664794162	-0.333988112371	0.495317261247	1.22630207679
-0.975885191827	0.994729260436	-0.325346328766	-0.236170926867
-0.368990149648	0.0413138977199	0.68607216247	0.619948636499
-0.706279536812	0.754723376198	-0.405400958384	-0.175830535409
0.087413547477	-0.6843229624	-0.559192672007	0.643186860806
0.229981558065	0.627134952041	0.915831409933	1.6102180492
-0.925581000637	-0.0291582766839	0.127572942764	0.896243584214
0.0866394639828	0.794265543674	-0.976866145877	0.254697484193
0.475859550117	0.846315827009	-0.327926600236	0.4591761634
0.512803121856	0.546554177192	-0.0344110506675	0.525618347037
-0.55625760931	0.788346993278	-0.89174973935	-0.0368921140138
0.52303159347	0.319261343568	-0.269622596611	0.427162089181
0.301575692116	-0.335103224254	0.322845046946	-0.0140685805376
-0.740001436409	0.701685730273	-0.629462770863	-0.0171079865725
-0.0835761484371	-0.816299875055	0.253219187921	-0.0673746622156
-0.433059357405	-0.478338973184	-0.106055621156	0.456667907087
-0.0486931123183	0.729280075766	-0.442853132335	-0.159984966537
-0.472033763386	0.961092398628	0.330770996109	0.196458753805
-0.793834930392	0.725965172562	-0.537638078035	-0.0473744326603
0.197857266933	0.751868403044	0.124046399995	0.296564203417
-0.0505702221168	0.0531365330883	-0.731926844661	0.49669507202
0.720329960049	0.378628205097	-0.70959750289	1.02646747844
-0.907105215496	0.897006432809	-0.761719348276	-0.0938901314163
-0.614959638133	0.987886691001	0.872038947179	1.39259250987
-0.609193704176	-0.496748914989	0.054048506867	0.649805984728
0.477705656469	0.0854907231103	0.76753650637	0.923771635781
-0.0871588803178	-0.0276198190254	-0.378468144748	0.163695341173
0.841261575465	0.191378079182	-0.166784096247	0.864618177539
-0.249714009608	-0.532328027832	0.535141665045	0.196792547354
0.540438699174	-0.614589685456	-0.950869017323	1.4484721158
-0.449687568431	0.655313290612	0.156814717451	0.0348862931042
0.125804316957	-0.628186161579	-0.785291494857	1.04679017696
-0.0566289938645	-0.87629493711	-0.895745284106	1.64012721496
0.154768104182	0.398685056223	-0.403828355863	0.0877339066272
-0.263643928695	0.722595931999	-0.73160054248	-0.114412131321
-0.82939654427	-0.260374395485	-0.298036128946	1.07027876254
0.375003773865	-0.860862295057	0.895230414533	-0.151431393166
0.606265304815	0.852236750041	-0.235302294089	0.739073100073
-0.329373767007	0.157795662711	0.41839510893	0.297588727213
0.073443014685	0.281443344247	-0.825456697308	0.47512338978
-0.75574842056	0.148772078581	-0.929932065571	1.18514713201
0.0537508048878	0.79031101956	-0.0587450585393	0.00239311723364
0.241157875658	-0.952937656375	-0.213646341827	0.0775851037953
-0.48597401808	-0.955550586979	-0.710586361789	1.88447769715
-0.931932540918	0.743497741979	-0.549008241337	0.0688321822668
0.356208241512	0.776915807121	0.895165192691	1.90041683517
-0.46954885052	-0.0683722557409	0.409966812961	0.392622669064
0.578513831884	-0.294721837178	-0.0275025020783	0.173039569875
0.90981958478	-0.841891504935	-0.250194526328	0.335036244701
-0.781313887288	-0.955904280744	0.0687673595638	1.29630661629
0.414293473434	-0.845044318179	-0.379457434232	0.286189029528
0.159044468412	0.141280222166	-0.187160332167	0.0563519173915
0.971510500241	0.416177074398	0.403248299403	1.67858493829
0.921965103401	0.971015981632	-0.880718606496	1.6657359234
-0.211755097977	0.797972339208	0.656567893676	0.830869927619
-0.204933252883	0.151604259957	0.332745881513	0.172094398777
-0.601904170182	0.327726552904	0.664965070479	0.825133906517
-0.776426292112	0.943736504475	-0.601611413272	-0.335730407451
-0.760116130087	0.337839078545	0.612264793582	0.902694749393
0.727322506893	0.341753906891	0.822641898899	1.73544411408
0.278374930964	0.237598926376	-0.623228650351	0.383969679325
0.557965693141	0.879161756404	-0.860457520852	0.785773613364
-0.901287020395	-0.642366179764	-0.640707569275	2.21334965624
0.0587142372349	-0.335357821702	0.501437079411	0.0670353808883
-0.633040864644	0.161124637388	-0.776619747784	0.776747913941
0.800526035947	-0.957117146895	0.0215142724768	-0.145484076482
-0.579875988586	0.488374575794	0.833204210436	1.15420448131
-0.0978522176884	0.990027927566	-0.196611098476	-0.243295926096
-0.366509866423	-0.0265507397527	0.70561039602	0.623212143246
-0.913582650288	-0.556700945151	-0.382023457994	1.70184032639
0.0637409112382	-0.541710647636	0.419232315636	-0.0818131012817
-0.63954502197	-0.317997068681	0.188183233561	0.587962490148
0.437664454654	0.061751893476	-0.558638220919	0.496156477611
-0.0364551613686	-0.966072724235	0.493983885887	-0.196656963005
0.132160852188	-0.99538560884	-0.484534667864	0.602988160269
0.651544057596	-0.946746110173	0.332620291515	-0.396607851976
0.95610236721	0.0837700516855	-0.969141527195	1.85227474521
-0.0631590293728	0.609646911672	-0.0579829422471	-0.066502744289
0.782701172527	-0.93015471611	0.637648427621	-0.301928236379
0.414256146165	-0.508549726354	0.767370129013	0.159549350642
0.439579288275	-0.891776343848	0.675570227137	-0.344838875223
0.167501902066	0.602861508207	0.769250165324	1.18453446821
-0.457515017741	0.243462558459	0.715868885158	0.784687745745
-0.142942569215	-0.230379209797	0.340073713044	0.0906677912559
-0.0479001217896	-0.391943844576	-0.0412135242972	0.0389205213039
0.936492985129	0.159989286004	-0.376666707373	1.1084631261
-0.151948539475	0.484009345396	0.601776338107	0.60294397811
0.97466452992	0.987378124371	-0.38760368508	1.67985859844
0.852024704995	0.195013072036	0.340283027104	1.07425423011
-0.0348633488687	0.697816755555	-0.733535408249	0.00308812058555
0.496919041565	0.808133528044	-0.535352006641	0.502471337224
-0.0747085036645	-0.588110524274	0.895652081712	0.32496845391
0.758213854642	-0.612168284645	0.176082491247	0.0339467016823
0.817674106885	-0.54438657922	-0.6170127717	0.940058367669
-0.624384019261	-0.896108922545	0.712311828764	0.818450650269
-0.449208254034	0.502718408346	-0.36090531905	-0.0752183012295
-0.99983731876	-0.5534246016	0.165949169782	1.48870800756
-0.431070974316	-0.302549268094	-0.592572583849	0.846667061338
-0.448413248335	-0.64115841482	-0.029859872433	0.508614889227
-0.154276750204	0.0268594156527	0.824509891784	0.721619947837
0.881838695739	-0.616946914923	0.30871855976	0.138436008624
-0.10498924119	-0.279262975192	0.364110387952	0.0712361730006
0.345420043622	0.219906587095	0.457642238344	0.505350110505
0.0247216080911	-0.701833663418	0.66328859693	-0.0423058019349
0.392762255567	-0.974966062654	-0.661477574455	0.853803087335
-0.198178463187	0.997067853146	0.955575119866	1.70757437143
0.591725835421	0.546016870782	0.906325854643	1.98952751518
0.357318446067	-0.566711148966	-0.651748857857	0.719310042575
-0.39718556601	-0.985214998291	0.112040742567	0.451238458583
-0.314880752148	-0.660828925101	-0.549972410717	0.97313952661
0.838056975546	-0.783768375476	-0.186594866372	0.226561739426
-0.552674073547	0.270625831897	0.983592663463	1.38952086106
-0.0804080067697	-0.517668799849	-0.425859328024	0.449900418424
0.856140626919	-0.0178508674767	0.425171368963	0.890874935412
-0.987482730162	0.666973938279	0.564559374633	1.01177057383
0.314846084226	-0.112695613785	0.495275695329	0.253128899949
-0.310809863139	0.387655296944	0.326654027467	0.209447698912
-0.713393784998	-0.898967537943	-0.372630967456	1.62408552824
-0.691124490274	0.602523288552	-0.146698416665	-0.00563432660443
0.560998640983	0.430652117994	0.542429960215	1.08414360108
0.462230314728	0.942637589206	-0.341078679431	0.44419361484
0.688081076353	-0.558095600112	-0.383418905607	0.450435007798
-0.0686889243548	0.913104212759	0.0528350485101	-0.00696653014222
0.599761731278	-0.871899328146	0.19971746247	-0.297464172774
0.0568213337441	0.86640496923	0.872155806431	1.56875482521
0.478657921298	-0.455892384493	0.244271766249	-0.0407960376685
0.0787689389508	-0.153816074453	0.739254825853	0.426877038978
-0.242332405672	0.161901442647	0.762387149513	0.724156773864
0.698852618278	0.684475751493	0.379014957941	1.36982153966
0.946426593725	-0.374142795203	-0.443432077951	0.904163530963
0.0248127784808	-0.711698919847	-0.988563048045	1.66377259979
-0.335479004682	0.516999219282	0.174668573515	0.0599164057902
0.929357596607	0.169892866994	0.917013104455	2.01830378805
-0.88781829832	-0.154671829333	0.771297940674	1.40114426099
-0.405664804514	-0.514710624813	0.901506527797	0.722062950084
0.0977847260166	-0.261831679934	0.905385162713	0.566622488278
-0.20582523099	0.390062137679	-0.823971988564	0.319608958815
0.352097088162	-0.279447271023	-0.441238744702	0.343574381973
-0.0513857805116	-0.615472203977	-0.303662950388	0.313374310803
-0.733424090947	0.974587548012	-0.923164807793	-0.224346753358
-0.0978154847903	0.503189177822	-0.335221282754	-0.0959582375513
-0.00829764173768	0.922363010258	-0.80553936895	-0.10169062925
0.855660269513	0.263548249249	0.0655823550804	0.979247422965
0.676605115484	0.0557103025508	0.528447713522	0.80418532592
-0.031833918063	0.195783487902	-0.101470363954	-0.0147891441853
-0.315903776553	-0.142813770896	0.275769150264	0.181575597601
0.200520179329	-0.138257865262	0.615714351178	0.306461660823
-0.631162085891	-0.86448688498	-0.152155070341	1.09868415244
0.111061290165	0.675736794192	-0.0627769780678	0.0489030454147
0.0550748402941	0.529186728848	-0.836677913923	0.289449195888
0.312820691446	-0.443021779806	0.773013810084	0.214358802135
-0.104674714423	0.268453171142	0.315269010051	0.166886051024
0.290105117744	-0.48567796099	-0.721936661086	0.815084585424
-0.083139543288	-0.35246261165	-0.859514114467	1.07792686672
0.142671361908	-0.57628494823	0.340707449176	-0.142127249688
-0.792630893117	-0.633630476667	-0.617229522943	1.90256654418
-0.54531917695	0.688965315876	0.316250952277	0.239567607796
0.678420608349	0.686025048891	-0.529978582672	0.842966767847
-0.493141536501	-0.266326663699	-0.939931809013	1.50832602356
0.709120295291	-0.720772329689	0.464916080231	-0.127214378674
0.2892554984	-0.0971139501685	-0.866089610191	0.889798595424
-0.900983658799	0.593623178615	-0.223418723546	0.194216163205
-0.647825974396	-0.777986314463	0.937845774387	1.07360175432
0.00389908674868	0.619609339073	-0.198238151172	-0.0811007318058
-0.419862258514	-0.171946568502	-0.694033423964	0.849497249974
0.780543266005	0.082656952467	0.0580843312512	0.681939981087
0.865351131254	-0.980135331238	0.0779867958245	-0.169684310941
0.491877732396	0.0741902113012	-0.334470454655	0.36549226786
-0.932494396046	-0.669332808944	-0.456347869261	2.00739687105
-0.414597635907	0.769062606998	-0.0339733755517	-0.17193380155
0.887385485038	0.415679003499	-0.0682648717114	1.13260433206
-0.502961428964	0.707383755567	-0.792251015789	-0.0355803723832
0.958034421632	-0.875103777863	0.522093538665	-0.104853953629
0.542898036678	0.717116998439	-0.728077060433	0.692039458468
-0.878160700583	-0.771761734214	-0.706516040646	2.49332400172
0.494452981864	0.657884540973	0.86088538183	1.87726354918
-0.628441262802	0.902116242216	-0.714976101212	-0.305789378056
-0.532907011855	0.0305722084791	0.248456509718	0.337024240452
0.682666123008	-0.516014116663	-0.271967291017	0.328072847882
-0.426991647846	0.929722173377	-0.544757401629	-0.424374144295
0.475672745635	0.399627592855	0.30885840705	0.635178372612
0.158409556653	-0.966100625659	-0.631988740812	0.882028502268
0.107927878512	0.121313116278	0.631901673421	0.500699180292
0.206353024507	0.249522300465	-0.346525514306	0.127685340672
-0.781005836569	0.565588795471	-0.642382158309	0.217572652557
0.875881473695	-0.698648843929	0.258843372094	0.0413940455508
-0.0428140759837	-0.0203044395067	-0.373712256377	0.149951229387
0.856541545723	-0.248905022475	-0.67033471193	1.13666422942
0.110872151256	-0.320879813772	-0.658621911018	0.621837296503
0.441680390145	0.853433487369	0.170183349694	0.746228944838
0.0360198615236	-0.720425127368	0.207770067411	-0.131166559267
-0.300642652888	0.19666153212	-0.619362590827	0.293066382864
-0.136840508328	-0.903256776619	0.0871023183436	0.0712384957405
-0.419478251991	-0.349961707883	0.703728619167	0.571719229365
0.755045987915	0.409466199369	0.753761643667	1.75605678581
0.643685882384	-0.380582892397	0.969794252804	0.740769471278
-0.879520633628	0.427886917871	0.609370096198	1.0292945783
-0.600647173179	-0.351160819392	0.14468506475	0.541826822218
0.717015967748	-0.344621251953	-0.844904630517	1.27204888375
-0.335258144614	-0.195945208638	-0.178478346414	0.244916747588
-0.416083442666	0.311405823597	0.557684878519	0.528233366744
-0.0456285491627	0.0654171220903	-0.714323444511	0.462626075524
-0.833951437226	0.318906346182	-0.678565221935	0.673574598759
0.217991506932	0.750747952728	-0.12324005626	0.133842866172
-0.0779812303704	0.421647261271	0.978626133023	1.34354463711
-0.284753231238	-0.326963970518	-0.141437637365	0.240438066561
0.553805922243	-0.679981545741	-0.55412363798	0.613970046517
0.173933904949	0.928823544069	-0.137648294758	0.082902985397
0.859549504175	0.457087145685	-0.700868299894	1.30257286266
-0.689462126955	-0.869582610273	0.166076648991	0.958066387954
0.404630395447	-0.7119068953	-0.627137266084	0.715431082889
0.149027595696	-0.56070724087	-0.832805775315	1.09917406014
-0.495117937622	-0.933368703211	0.244692473596	0.538755469399
-0.503053139004	-0.880446108406	0.302288922194	0.52120312654
-0.387884344147	-0.0203384456569	0.560443309683	0.46104138666
-0.532051475986	0.653626537517	-0.112907697894	-0.125735510321
-0.731498984622	0.928420091339	0.666269307667	0.918445012206
-0.532712815459	0.0669393008687	-0.70268845487	0.694857111033
-0.43799856208	-0.129413055782	-0.411110985552	0.470740844078
-0.280272212962	-0.181722835876	-0.196188938049	0.203626484318
0.241650464783	0.328240043078	0.95296886632	1.35866650801
-0.772594173872	0.16691613905	0.799176342262	1.24002157645
0.980656618545	-0.552052019227	-0.646586836402	1.19533804271
0.700591336351	0.653495025967	0.756806335909	2.01598618032
-0.562607209976	0.395123658776	-0.125149272355	0.0604403554431
0.487144421088	0.0707139712443	0.309139848585	0.389185555928
-0.181029040225	0.803959016108	-0.126706969075	-0.198580969841
0.353437919078	0.0994952174777	-0.78488997377	0.698043217555
-0.0230784697228	0.509093417702	-0.308280735307	-0.0731231626497
0.803231694918	0.663199435333	-0.0644524051818	1.13929327604
-0.684829227614	0.270726317459	0.104125294349	0.322621310531
0.695307235517	-0.275795980001	0.26727233502	0.289411076844
-0.125232777132	-0.411557373157	-0.522734632736	0.555610509827
-0.0296380816358	-0.174215683603	-0.804419734197	0.793275477198
0.146541520576	-0.319457910901	-0.490780481118	0.372309757084
-0.562669393906	0.886013892285	-0.428462753611	-0.37797967372
0.816173222849	-0.572951581177	-0.573712086079	0.856365795723
-0.602913477742	-0.914172796578	-0.908440696031	2.5704080315
0.767212579104	0.862537833381	0.31445339945	1.62047391154
0.153447415545	0.0490157350576	-0.880358115784	0.76294645907
0.90237940738	0.202823212917	0.499880349268	1.34857978763
0.699693592661	-0.151519915637	0.528005112346	0.582339718064
0.878373562482	0.0899888620841	0.607201609151	1.27391912866
0.969676756098	0.330154725346	-0.469479607136	1.32582656517
0.663550197341	-0.554862963177	-0.549318660049	0.678667005399
-0.876454582228	0.207835377123	0.687549405013	1.2016356403
0.36926334084	0.696550405253	0.426871038388	0.87312202279
0.967501932348	-0.0303463753196	-0.113622112514	0.923057816059
-0.0402476278521	-0.622241926544	0.00949845836399	0.020843514721
0.564262518743	-0.46681700215	0.696161820083	0.214645958511
0.697884805052	-0.583848198224	-0.810138557202	1.20890683392
-0.890166804748	-0.735787087989	-0.866310468652	2.83528406649
0.049642139905	0.922952273884	0.547082940358	0.852512855398
0.819472662656	0.588671131233	-0.389836475228	1.07642234273
-0.59982251421	0.681463764392	0.292293050155	0.235652089486
-0.835617386845	-0.135777385738	0.685757842059	1.18886777236
0.664233740416	-0.519639839144	0.633963075299	0.168520858255
-0.849968654434	0.370874009463	-0.0174526847763	0.40104727976
0.144427832444	0.701975029545	-0.93027997429	0.334631648859
0.139811115763	-0.774213497046	0.17111033897	-0.191893690582
0.548839966079	-0.349462697883	-0.0481811080768	0.128585132304
-0.487855504485	-0.665298141717	0.250266498596	0.458703837686
-0.555120279869	0.702777764625	-0.4694544154	-0.191502340772
-0.799987191068	0.844804297188	-0.273397269384	-0.192074231945
0.0862792128555	0.404590516721	0.69939878432	0.814480628932
0.357514757479	0.0961335918527	0.507469106461	0.468495701562
-0.240585128159	0.544328490993	-0.188647338558	-0.140174438657
0.241175357184	0.551155782946	-0.383393983095	0.126771881073
0.660090125578	0.118672189169	-0.00845136388262	0.513121797834
0.58262062261	-0.244718428522	0.643638567028	0.453629173007
0.710231369011	0.916459834267	-0.0615304009245	1.10272296947
-0.589998793791	0.469892269529	0.905654999389	1.31663396543
-0.124895743656	0.0778096281175	0.0287898359098	0.00894983649344
-0.522838318083	-0.0404703494933	-0.564371882188	0.635875305037
-0.982570306715	-0.399523280685	-0.546062246387	1.87435267714
-0.176397940412	0.457815314692	-0.478515564712	-0.0397360533914
-0.869685625098	0.521499225996	-0.669460107638	0.401866613905
-0.924371859462	-0.633363383604	-0.541450707814	2.07603054453
-0.275075909681	-0.980024030304	0.889694122036	0.264881769303
0.745183268685	-0.497369023915	0.744288619688	0.368446474055
0.670448999607	0.536176031168	-0.987085023468	1.25406605803
-0.362262088026	-0.693138271776	-0.356007511935	0.755835318161
-0.965559224352	-0.079725192239	0.587402945919	1.3074954186
-0.376028727448	0.860113463202	0.484232494802	0.468946229959
-0.181530621984	0.650811614305	-0.0255755585395	-0.101179631767
0.973854920912	-0.0464528720373	-0.0357377662949	0.906092358784
0.489025399991	-0.211893220471	-0.111964619753	0.171785294875
-0.263578941955	-0.678237758726	-0.72544187016	1.26653102456
0.443396770471	0.535547512499	-0.650480656554	0.508822520544
-0.114711025819	0.59442431253	-0.443181350701	-0.122056463325
-0.879563986809	0.891263047981	-0.658363355342	-0.16362269599
-0.641567248276	0.733540899549	-0.157328511495	-0.149661919679
-0.394196933442	0.279151750609	-0.430427123905	0.110463482125
-0.430985286264	0.950156718687	0.274009412129	0.11167779343
-0.692199914126	0.656856104273	0.925945224511	1.49005231388
-0.0307759233677	0.430698781084	0.511786394769	0.470043095052
0.649989710108	0.470106016076	-0.284819127771	0.675277446441
-0.526985530041	0.750543046502	0.607944723896	0.708073896184
0.187029942558	-0.844879078091	-0.518562847536	0.583992841373
-0.971766191937	0.919959273577	0.224147595629	0.306793015646
-0.585659612249	-0.532678226207	-0.560404348289	1.26753353262
-0.61908110767	-0.478189099697	-0.674460823347	1.45671647152
-0.49411764173	-0.0312423207481	-0.66029922823	0.716213976797
0.669328037418	0.585049355028	-0.658772686498	0.888156875398
0.353590543202	0.17456968376	-0.347960038086	0.247085375844
-0.195851664091	0.32034604151	-0.22804063688	-0.0454318142467
-0.511315087704	-0.0536816676111	-0.801452187613	0.974240264467
0.873827939147	-0.0227896193757	-0.20423573039	0.790027749228
0.599640173045	0.139386987867	-0.15116127329	0.44493019063
-0.302030976015	-0.575688281064	0.586400584811	0.271380105065
0.883342158733	-0.71330887388	0.299761968424	0.0262319344831
-0.854625948528	0.499280867599	0.680430084787	1.1063979502
0.24097173335	0.899483572258	0.411433201483	0.814172176899
-0.5024915304	0.221141023413	-0.0144114321658	0.138396977354
0.673816194012	0.491023208239	0.668612710787	1.56023496801
-0.451301420416	0.477670109542	0.934912891128	1.30874183026
0.980464224975	-0.0682226534151	0.78280426458	1.45379775806
-0.807294781898	-0.0382872593795	-0.785671118025	1.32999426917
0.884707582664	0.820706952999	-0.606801955122	1.37899520036
-0.419196367144	-0.458105380019	0.94043643993	0.821363410151
0.758771493799	-0.339158363735	-0.102889210387	0.363872407372
0.7685354433	-0.303803832238	-0.779000187882	1.20066724984
0.49634645854	0.519659884367	-0.173605386408	0.444214225319
-0.515250260706	-0.642064779965	-0.574913465939	1.29596405775
-0.249553820442	-0.583590517874	0.79670450101	0.3777032222
-0.947289713981	-0.546958863626	0.717835621092	1.53814773102
0.357032934751	-0.532642776839	-0.594874121704	0.608032127435
0.241980769554	0.228656711247	0.846234724572	1.02349567792
0.178413596405	-0.416157408875	-0.733571746884	0.800992096628
