0.144250038842	-0.97279198146	-0.627614561653	0.884921243617
0.333544698901	0.462582750915	0.103315860436	0.324010392487
0.197130677933	-0.154911212112	0.663637966449	0.345933140645
-0.352574800006	0.542830085604	-0.476018111096	-0.0988829291737
-0.696774779913	-0.559879565235	0.491090751932	0.841823504719
0.734619781857	0.346165570114	-0.597716719929	0.944322627661
-0.226879907339	0.353354380901	0.735021299868	0.771284790781
0.454716650626	-0.334033528198	-0.557652276846	0.552127244632
0.302978892829	0.46234051183	-0.844412979844	0.554502577116
0.725840460448	0.554569941034	-0.615471327055	0.966856732248
0.752109225556	0.326833613453	-0.773717107332	1.15724426727
0.681491718446	-0.444919560056	0.37048095046	0.133643879924
-0.447858856202	0.684084053359	-0.344065809108	-0.222784198924
-0.362695166824	0.555819129278	0.292862681901	0.178502103522
-0.608974763047	-0.503269588842	-0.286045353701	0.903108612563
-0.219046139854	0.939005717564	0.756919374404	1.1259741933
-0.142293393849	0.731762605965	-0.973950572736	0.152001534185
0.313150530454	-0.532950536582	0.60266327303	-0.0268171825933
0.912295909607	0.666440820839	0.130946839565	1.54469045557
-0.599660599071	0.657718600626	-0.228074973416	-0.132806054848
-0.631510591977	-0.18033064799	-0.205313185223	0.591864105801
0.714723303267	0.90639798717	-0.639496169723	0.987970473749
0.657184582055	-0.88395585349	-0.663474106227	0.877649126232
0.970514202095	0.192684733034	0.505241459184	1.48152233416
-0.123638873602	-0.567846608489	0.871413606887	0.350026899124
0.800310191681	0.273200503879	-0.55960915223	1.01941845143
0.565879466216	0.106073300669	0.238701125943	0.462542316876
-0.0959489985403	0.790595811727	-0.574163883316	-0.190918062555
0.572455018461	-0.734068981425	0.205257048725	-0.201059100789
-0.799872271479	0.525074806987	-0.506608645448	0.210447755036
-0.0954321437944	0.486961718165	0.326168580905	0.227853049097
0.499628110396	-0.595577910761	-0.0344279689704	-0.0262493945704
0.861979482939	0.657575490112	0.728520898318	2.31962539602
-0.140744483987	-0.245238150895	0.339691396736	0.0864098817803
0.990913204661	-0.507363772936	0.922053273533	0.861521328529
-0.93026820218	-0.559509528678	-0.0531671916418	1.41846715194
-0.93381653202	0.684554157255	0.36402263957	0.614471019738
0.781001627853	-0.737576277706	-0.139794970795	0.156567357216
0.0288102229026	-0.29693385505	0.407940916211	0.0375596206284
-0.770544968099	0.310551365193	0.678757098171	1.02594589787
0.521777081832	0.0048721983088	0.588501323871	0.623994627894
0.0895928803568	-0.0171175881788	0.406108744558	0.164465980342
0.251389839353	0.774649167708	0.298694447682	0.578537559527
-0.105717239723	0.531878941761	-0.807733135793	0.177763934352
0.674394505378	0.429974666241	0.565827614129	1.30823292969
0.772981081588	-0.445190901696	0.629501508003	0.369399412398
-0.729112313987	-0.760977529532	0.935711915238	1.24994390056
0.284448594158	0.552543805653	-0.609421628952	0.272743887173
-0.622657509505	-0.456659329728	-0.260113111724	0.858486645228
0.724425132055	-0.137598765226	0.610416104356	0.713727086507
-0.832114837847	-0.812137811979	0.320547223493	1.21062902886
0.821379043592	-0.892989357304	0.338829771527	-0.246584976827
-0.742997516771	-0.641111078107	0.652091768533	1.03554966678
0.448220075864	0.409723665256	-0.675457334199	0.564039364364
0.570409205081	0.268758202969	-0.636799402374	0.713037229986
0.0731069246017	0.023921948316	-0.676242385545	0.448220211108
0.0461033342449	0.574748217758	0.811153150182	1.15280158706
-0.418664042904	-0.1021233962	-0.387595407678	0.407847734186
-0.343147339307	-0.644493865569	-0.793688209758	1.48037460831
-0.0875717689063	-0.369655833415	0.770246057113	0.34859327025
0.137917223976	-0.813792262951	0.850671959807	-0.0618422851287
-0.550182867651	-0.705025664349	0.659856409045	0.660789007031
0.511996591542	-0.827132148249	-0.925704673432	1.46126090669
0.731820171792	0.861076670906	0.402395645783	1.67412979987
-0.146695768429	-0.343549443477	-0.319728349924	0.283985612504
-0.304604425747	-0.327152760088	0.936854743592	0.763638230225
-0.820233453988	-0.667710926473	0.19189754949	1.12915433747
-0.249736105875	-0.313520853068	0.476228253501	0.218151460673
0.535313796696	-0.836493567695	0.645598173428	-0.284467404556
-0.570727542491	-0.0130068471145	-0.0242265084903	0.334055327852
-0.69346550792	0.390203088802	-0.062150058178	0.189913512568
0.844171681808	-0.642906623385	-0.908277071281	1.57880684607
0.107768385892	0.572377776218	-0.445868328872	0.0168916981864
-0.552994264731	0.195556221182	0.172191230255	0.260984074165
0.895428851607	-0.776033234413	0.87969742041	0.1981033974
0.0750703806405	-0.559147879548	-0.195504643483	0.111198190367
-0.572049466937	-0.996453722479	-0.543287799606	1.73378419689
-0.690634596535	0.572678905497	0.108235873499	0.155163686972
0.0285422780433	0.243915831538	-0.513944522828	0.146556342014
-0.984655799553	-0.230089023007	0.162883718713	1.18515888463
0.955536864895	-0.391386108856	-0.764361584962	1.42247598382
0.23230550782	0.123842388491	0.385648461523	0.279219480379
0.494268632523	0.250711532693	-0.202355480524	0.358435215345
-0.215285537834	-0.538404694593	-0.752661892861	1.13399522857
-0.105467807009	0.326675469066	-0.491596852036	0.0577445456908
0.92140088722	-0.993480832656	-0.354382899028	0.411245331053
0.286775442366	0.863179584509	0.337984131634	0.735753137085
0.683709038991	0.863755349314	-0.772622199493	0.987603895139
-0.548111403042	0.357175951577	-0.811308644328	0.473095677495
-0.295056355049	0.222148784927	-0.783489356677	0.461316205333
-0.18883380958	0.411246487518	-0.824195241478	0.298351364714
0.126821254789	-0.100569254524	-0.354736336195	0.164842748715
-0.184243299224	-0.395261900661	0.202536668505	0.0677360234868
-0.381464083453	-0.526783847793	0.576951072423	0.375407998691
0.96352160313	-0.190286400886	-0.881203469501	1.68922941298
-0.746060283863	0.0103860352527	0.523221172702	0.828051927858
-0.4585555648	0.140572459588	0.783720789021	0.870200756494
-0.762422422028	-0.609559811538	0.859258877595	1.26058615673
-0.052309452702	0.617097614773	-0.377002335107	-0.120060240733
0.47394315697	-0.552432242218	0.164993411508	-0.10112421928
0.997135217859	-0.889475527476	-0.341635937069	0.52794318765
-0.983879695623	0.454973081541	0.814478070113	1.55432060258
0.811700601063	0.447862611003	-0.46542654913	1.03056293942
-0.602187035386	0.843328336967	0.529899461031	0.582460504523
0.109587947922	0.442363063885	-0.52335774723	0.10287637375
-0.108867934855	0.652319659042	0.0229001670299	-0.0437018201067
0.582454718717	-0.867216994598	0.511690288306	-0.347780694143
0.0945554475332	0.605961490122	-0.651939442623	0.0962125332712
-0.491665004411	-0.0463198468648	0.759808805839	0.806623518173
0.191448973468	0.238981557065	0.0398220135625	0.0935080027904
-0.383356953379	-0.145878298881	-0.30616105677	0.341282860755
0.500990334207	-0.449775242621	0.0544656355556	0.00412747686012
0.456251302918	0.913561229139	0.740254336119	1.84922289583
-0.259050167849	0.113026344094	-0.427062191596	0.171940333328
-0.192957258409	-0.364291517068	-0.801723891428	1.04234760673
-0.279550518222	-0.732320991145	-0.738404890694	1.36886038884
0.461077300524	0.688694833864	0.442931761874	1.03136719377
-0.0766924496508	0.257743823751	0.348026114045	0.196938484064
0.947148470854	0.0491512026307	-0.139666140588	0.956285584304
0.815376363208	0.428013601646	-0.360528259178	0.989500414551
-0.640580486801	0.113708472106	-0.392335321218	0.446819086002
0.0414563179899	-0.218803072096	-0.181072638596	0.0650544066126
-0.0276968547444	-0.962520610008	-0.74546436859	1.30066785292
0.63520018468	0.750431389416	0.872807478628	2.29692845539
0.429272168115	0.843156041914	0.491763499301	1.20268272136
0.67860422618	0.0277005475984	-0.329925127034	0.57901288722
0.483331593552	-0.454427219976	0.0639202632341	-0.0109909105286
0.713807554226	0.189590298323	-0.66628874307	0.962471019194
0.419832781162	-0.978642104921	0.955487266097	-0.256730626178
0.119215013738	0.296801121047	-0.402301516442	0.0920383382765
0.975623094492	-0.209336317654	-0.625787975414	1.27021781706
-0.474634400205	-0.81598076268	-0.542018917592	1.34863187052
-0.99141162249	-0.261644441989	0.146122307758	1.22541398511
-0.237059516079	0.462907570352	0.0310821690182	-0.0381851578809
-0.212820174731	-0.424119455382	-0.827085859867	1.17040782741
0.469534606726	-0.976022112231	-0.6313795216	0.777067062878
-0.124623724061	0.764579241707	0.334372584139	0.28770572201
0.531882574799	0.178241506664	-0.640486446589	0.673764243902
0.74829568871	-0.466289722578	0.208976471752	0.157251433354
-0.486429941911	-0.738173680484	0.610177417922	0.517583439912
0.869167563081	-0.215807536349	0.155310678848	0.558483534243
0.458956882799	0.710902637556	-0.558821720505	0.451928959053
-0.800601128038	-0.537243073878	0.00915714199148	1.06624381933
-0.299578564657	-0.767106609693	0.092767908658	0.25699902245
-0.618669229648	0.306634507698	-0.517055126633	0.301845340822
0.695760490329	-0.666735940069	-0.400732371533	0.447963243364
0.601145500933	0.404712768195	-0.579976160015	0.706315762042
0.818348502057	0.400792249817	-0.798193541818	1.31488515288
0.439387894934	0.902227601094	0.886173921575	2.17432439931
-0.985668729792	-0.577607876776	-0.905446677544	2.88369968593
-0.201670361847	-0.596299560057	-0.295295642752	0.424211061381
0.797682096305	0.509188801592	-0.0852490740744	1.0063270482
-0.749993724186	-0.19791521655	-0.0109526249521	0.713213407785
0.995950203063	0.774747519598	-0.991098273336	1.97795161491
0.98805642556	-0.126026265538	-0.0179766603397	0.854323130323
0.397449541433	0.0440090323512	0.0818031542216	0.185749341413
0.251950328791	0.134555437334	-0.100593356776	0.0939638951684
0.00240448647062	-0.713792716462	-0.449927920353	0.521879882619
-0.963069315889	0.197586361469	0.434344925136	1.01168929261
-0.908394610633	-0.711549065121	-0.0884928643596	1.54234610653
-0.0706526883698	-0.0362880957645	0.306428228799	0.0903342163886
-0.839369256077	-0.591448381097	-0.645167427544	1.99880857582
0.598975566494	0.0570215289097	0.610094772987	0.799930400599
0.44735962422	0.618757603398	-0.587937286882	0.458817389049
0.142730398191	0.584580684126	-0.494939901103	0.0594426001041
-0.131521057535	-0.836654857899	0.177773970863	0.0102036486639
-0.951929894415	-0.240849524525	-0.394295956971	1.38587768177
-0.552054149506	0.834106745261	0.868941412294	1.32414076536
0.767378544469	0.291341696577	-0.305603993059	0.816797812329
-0.926194480292	0.427939479451	-0.987309317084	1.01375208395
-0.660166801897	0.047752879745	0.586491058172	0.776273738713
-0.287368911631	0.666142864114	0.841338140131	1.15945340591
0.787449509656	-0.249299771653	0.496926733445	0.546818204548
0.477235494566	-0.609308827444	-0.841208697492	1.15715787551
0.220857448445	0.195862017681	-0.965772805794	0.835594500052
0.256677129702	-0.870137237451	-0.75838813322	1.07759313612
-0.812806448044	0.318378517176	0.668796037286	1.06209264044
0.938173703494	0.842432480601	-0.444778503874	1.49364995737
-0.140654947256	0.875487698634	0.590882966712	0.763095587153
-0.575794686414	0.958903891881	0.891590192423	1.42929013188
-0.762792567455	0.876453475498	-0.60869107769	-0.249684278352
-0.968543541537	-0.940060600822	0.653250548306	1.66120739137
-0.365092194135	0.131034142606	-0.793296376414	0.610822997904
-0.674957480294	-0.472327066154	-0.842832326733	1.88282713778
0.0667896046207	-0.89407138693	-0.460639388281	0.56877931964
0.559941593957	0.425119784659	-0.937041428473	1.03126862687
0.271616695176	-0.0924173201278	0.943788640638	0.852188123292
0.429193229203	-0.176887558679	-0.460603303698	0.401918282767
0.910824898245	0.986796721006	-0.0288695368297	1.70074610414
-0.353729568114	-0.309587194357	0.942904583816	0.831792621444
0.0409886327982	-0.750070219404	-0.856445712058	1.34682939608
0.440997588516	0.902561657671	-0.00139621010062	0.591248171297
-0.0767774227464	-0.797515858616	-0.242059462345	0.318765028126
-0.546357743019	-0.821347169879	0.69549446982	0.659726312423
0.667344642375	-0.777847721835	-0.482455606962	0.534296769407
-0.675209150004	-0.0284020845554	-0.111387991135	0.490655679332
0.421504789956	0.985016387473	0.454337759896	1.24680835247
0.875461078052	0.591704537008	0.2610475516	1.50705523589
-0.119866095325	0.787053833181	-0.691201490806	-0.146226470932
0.466138090629	-0.839778553197	0.605109694751	-0.316168453105
-0.159786654768	-0.85219951454	-0.899463160431	1.7372579303
-0.0347146299686	-0.676038958256	0.894561555593	0.220155462421
0.305724646485	-0.887449817832	0.445285544218	-0.374737081571
-0.301582977307	-0.479568680374	-0.639696143087	0.951571433314
0.166369688778	-0.868040475724	0.837296038692	-0.142478945787
0.665080529256	0.0670244995782	-0.0112015696643	0.48628349561
0.484682759909	0.378449625612	0.324439191149	0.646390065958
-0.180796736259	-0.240892790865	0.303700201006	0.0953147133031
-0.303654879898	0.958499959203	0.195658911388	0.0269745642812
-0.789457761339	-0.314555777846	-0.147601749014	0.939787316417
0.485518646443	-0.757124439874	-0.86696241251	1.27615257848
-0.544754209489	0.358665020683	-0.981603005068	0.712850666386
-0.655471912102	-0.203664041632	0.717107895109	0.931334127373
-0.135775012056	-0.684637919615	-0.340594325287	0.460579860403
0.550966095895	-0.668363932743	-0.692973330285	0.878688188966
0.459861404788	-0.0386560371543	0.607168854169	0.538879367751
-0.191814760222	0.587567237225	-0.916026728773	0.224966507093
-0.0855344222535	-0.0989376658948	0.721233123274	0.464598809807
0.67185308503	-0.0606911747152	0.212305140314	0.442799439138
-0.455464116331	-0.624402212343	-0.540264845799	1.12106903172
0.839294636373	0.298170405657	-0.711087240312	1.24828820127
-0.390512678532	-0.360764753015	0.947365647578	0.849108898461
0.418670991188	0.627938593779	-0.991370456992	0.798480684643
0.696731318203	-0.657152813461	0.91773436538	0.266720228961
-0.230886819625	-0.0502330752423	-0.478416077507	0.317821132495
-0.245080200915	0.674169394246	-0.508324717912	-0.189464214026
-0.947018750752	-0.83187440947	0.258970112456	1.53628008809
0.537204512289	-0.189251207517	-0.654242465938	0.738771466314
-0.548816839568	0.795445584161	-0.891687640736	-0.0495361557865
-0.864695642943	0.348700016497	0.372605515754	0.714941589826
0.605220197628	-0.793848511768	0.00614540773546	-0.119002422311
0.409461646574	-0.14749755317	0.866991866193	0.731059966192
-0.879995145079	0.906254864209	0.254445043834	0.272225913635
0.561449802206	0.567645163808	0.252662029679	0.841190625806
-0.229543444573	-0.819602523579	-0.902030937686	1.7937912248
0.169840544778	0.998321990217	-0.542807881586	-0.0488552870062
0.632357382045	-0.307515980771	0.505227410472	0.305305091737
-0.606092638497	-0.672266081522	-0.258240977328	1.01509886185
-0.298371298028	-0.723941917262	0.963476817928	0.535815244913
0.573539061602	0.630147160146	-0.549786448847	0.646179835993
0.0323439105338	-0.661206949625	0.275700091244	-0.126624165905
0.167558340588	0.446426700677	-0.252609339493	0.0539182390696
-0.309372425593	0.425282213781	0.540164939267	0.48564141047
0.740066403955	-0.93318981813	-0.114519697245	-0.022940774146
-0.995907686184	-0.177872376874	-0.503506563361	1.51205535523
0.342824676664	0.818044883777	0.393787036035	0.875178431583
0.638565983093	0.0901171738331	0.899901971092	1.3562324564
0.00183822117673	-0.511116989663	0.0451143029564	-0.0219595534037
0.582175702262	0.73320131172	-0.617880256879	0.694525933866
0.669541374254	0.795087203887	0.423102474149	1.49604849774
0.472860365082	-0.416589386792	-0.185017075193	0.137915783352
0.007731312887	0.539652600577	-0.666755466052	0.0889785266108
0.880363116536	0.884659967797	-0.804331623508	1.48925059571
-0.147670830852	-0.95353656425	-0.371488718583	0.654848155386
0.487059321424	0.851527898768	-0.380547051438	0.472741010398
-0.991782192137	-0.392606580015	-0.588875261889	1.95098250791
0.219519381723	0.583075486553	0.7184926317	1.11135223188
-0.658758017143	-0.430205886811	0.221362873059	0.671133612567
-0.0293080466551	0.63917701739	-0.87759062836	0.191355482414
-0.570894630677	0.433909381115	0.316195695042	0.315384139367
-0.0651771014811	-0.695991896692	-0.373188501152	0.448616619171
0.757572622175	-0.92700326096	0.207871654328	-0.277843090052
-0.807349052868	-0.138993367305	0.996640283252	1.61879412185
-0.185058214854	-0.595741052722	-0.506601032148	0.702940956592
0.157976028852	-0.409417615193	-0.887368281881	1.11100493016
0.825588881744	-0.736191837103	0.305495946074	-0.0577706425833
-0.85881977099	-0.0240816722096	-0.536707229091	1.05923267258
0.181967903344	-0.522288819565	-0.79397068941	0.983143986194
0.934121362023	0.989690600571	-0.879673835248	1.70029498088
0.303851485192	0.499402357405	-0.801874531667	0.486614606139
0.189559584779	-0.252630593613	-0.325022722551	0.175794739264
0.034128362577	-0.255189673708	-0.384248809394	0.238159015234
-0.379065302506	0.828458255811	-0.468443723357	-0.338995823834
0.816043364455	0.72302714758	-0.178135785141	1.15888362811
-0.960636372883	0.807810143315	-0.885760113961	0.215855409735
0.427061903149	0.604841141307	-0.446760044426	0.370062160165
-0.758176579586	0.338774063205	-0.865120539898	0.773334313428
-0.550403031779	-0.918888832173	0.279229221672	0.630091041313
-0.361156522152	0.205363262034	-0.565429530146	0.259857852799
-0.41702529604	-0.00718629193378	0.0679119146124	0.181030956361
-0.404756480462	0.791618243766	0.95730637399	1.51767187846
0.034664454555	-0.169152861523	0.781312784899	0.473626407265
-0.178609868132	-0.246043067352	0.389014695127	0.131465268999
-0.6117596664	0.171891822907	0.453808362281	0.553041381514
-0.122967818386	0.0187817547335	-0.563961558661	0.320271984927
-0.161893066036	0.875202925054	0.737339021997	1.07351018206
0.323892630527	-0.186511831789	0.657873986421	0.354593528002
0.220227284737	0.338910630039	0.924670810832	1.29153430025
-0.128416957813	0.761298681057	-0.570892981401	-0.189974023107
-0.222248662227	-0.79391890089	0.00462670240567	0.222190061388
0.108593224956	-0.0834079295006	0.928325593939	0.787093645124
-0.421275238125	-0.430101183708	0.514144896276	0.401874450722
0.127587941162	0.590479658845	0.387672654388	0.470819670366
-0.874298104895	0.844442477139	-0.596591512995	-0.121763062928
-0.373431119781	0.59263210212	0.978556086674	1.45563929716
0.942879634762	0.634822170258	0.0365774227983	1.51214096846
-0.625758245196	-0.216162603058	-0.714073110699	1.1910952224
-0.508714652903	0.441632571224	-0.217332083857	-0.0146220544322
0.880482256953	0.0684297661037	0.897424655798	1.70228177184
0.319190132426	-0.64434703571	-0.162127210674	0.0269645450285
-0.795130634387	-0.755295110907	-0.506044564974	1.87108509399
-0.686422937364	-0.978696029142	0.747200879104	0.970002472433
0.687406344369	-0.0885175332885	0.136538234169	0.41823663001
0.176007615004	-0.33436025307	0.258399549287	-0.0474994817766
-0.414840485049	-0.456481488906	0.477989080848	0.371740024413
-0.0766941859691	-0.226817896791	0.981732237536	0.764401357007
-0.64154122326	0.64851690527	0.583098572465	0.713678039323
-0.491273844759	0.0566912908127	0.0572017524132	0.220013923802
-0.488136821762	-0.673513285051	-0.0329853613259	0.590348304267
-0.915136710711	0.844608185164	0.368701526482	0.51189238566
-0.455621243932	0.967257041195	-0.898474668969	-0.294911357506
0.244683159902	-0.532838588846	-0.467192306233	0.39669995928
-0.736243188393	0.512547013376	-0.40199451447	0.120253287005
0.477189007397	-0.221582280766	0.224980677025	0.122737293656
0.839214751507	0.090757887161	-0.415882319762	0.91566026011
0.373784010366	0.38189362089	0.0566559566259	0.307306661397
-0.402982841747	-0.900045137317	0.306459635084	0.343187921473
0.0986932077641	0.812552809682	-0.442591406307	-0.0738079452748
0.197618772478	0.142002113188	0.428792704224	0.311868115848
-0.257612145194	-0.135724561501	-0.498083664683	0.4170178368
0.473942474572	-0.567521887847	-0.76849953499	0.982380583491
-0.379128928301	0.944260362726	-0.178054872573	-0.350684295997
-0.63629351723	-0.864844945423	-0.916728950522	2.58838504016
-0.684388190693	0.786987151615	-0.887011316721	0.0185050491621
0.299187929367	-0.630525429434	0.380032941648	-0.194327577561
-0.743257306288	0.877799964462	-0.919362441626	-0.0617888332093
-0.63740182028	-0.0204081471613	-0.302241708024	0.51680751397
-0.56522391666	0.197418166328	-0.858868594363	0.775991606139
0.853995206545	0.761603465732	0.194868955314	1.5661003033
0.0225579796168	-0.925080054799	-0.219123042076	0.230362188765
0.271923062825	-0.694243235146	0.897916565736	0.0680430627856
0.303325972899	-0.811701356612	0.581297286902	-0.288136718476
-0.642619906073	0.969108772117	-0.234461091449	-0.382054541471
0.620522660432	-0.0845040817325	-0.303525549024	0.450388581209
-0.640236472563	0.806231677368	0.962487612808	1.59609422294
0.409236377605	-0.609787421215	0.883664384372	0.159942535429
-0.972539409185	0.332594034584	-0.354702861723	0.63021416078
0.994605550282	0.813127994183	0.568036204762	2.58253308648
-0.51738349421	0.823696930815	0.186001858241	0.0293243348735
-0.0454274845055	0.432893289938	-0.99740164546	0.545439965801
-0.204021128578	0.0562927871089	0.646857485477	0.484977720187
-0.464246575002	0.758472066492	-0.363816117652	-0.280175371817
-0.200655196998	0.0784868654528	0.771431412519	0.680167368334
-0.101004857251	0.132811109737	0.579652602136	0.409768858523
-0.86904274363	0.0634269092132	0.384136816373	0.872040299724
0.894340920557	0.784019400987	0.751668987522	2.65535565113
0.989320152473	-0.309011672105	-0.629492031569	1.26382349259
0.573272036986	-0.154664234123	-0.679657446128	0.807029090295
0.254011488188	0.124571237042	0.141185521938	0.133685368163
-0.41112631862	-0.467835937358	0.618898067412	0.454856576856
-0.150016535166	0.397554086065	0.230182725532	0.107359444501
-0.608762257202	-0.997262742242	0.13339651538	0.862450659366
0.513535847543	-0.2827162627	0.262518028013	0.113231730392
0.540388462055	-0.422369625939	0.168431867515	0.0210048064582
0.541143952729	-0.0543199909092	-0.98545724743	1.28809785822
-0.557141054096	-0.168440716856	-0.477574005317	0.712771231064
-0.555065469731	0.405558345002	0.995948952682	1.47881596772
0.116477420759	0.945117814518	-0.528391061587	-0.0965428164773
0.719889657566	-0.0926593336911	-0.144011347129	0.48561988664
-0.431953864593	-0.0655442054925	-0.332342788968	0.347131087433
-0.41600956629	0.335677683674	0.753956412296	0.85495544536
0.539650500205	-0.20814739833	-0.587026539932	0.645684020369
-0.988100760107	0.13483495344	0.6559022281	1.36175887135
-0.781135324108	0.587973780412	-0.447635119943	0.0880647919281
0.157218104689	-0.323262037396	-0.744751117049	0.7692988774
-0.503920235203	0.997329287227	0.737530329932	1.03087278028
-0.525098854849	-0.117719518251	-0.510923727954	0.658731942495
-0.259589569751	-0.0581808298261	-0.500127924241	0.361715679563
0.677526457833	-0.0254451067439	-0.506591548945	0.711327641524
0.325560712801	-0.917604122387	0.607757736607	-0.381057612552
0.620653396865	-0.696639829743	-0.323245674558	0.282512340128
0.841409112378	-0.969804175205	0.410648421318	-0.337649203451
-0.342951336538	-0.540977777937	0.813142405266	0.524453270909
0.584973257093	-0.96555532593	-0.525135194272	0.560183723528
0.805082465605	-0.173667798513	0.0980339945033	0.500926193076
-0.625128883122	0.981667682283	-0.418655997446	-0.458590919798
-0.66867729519	-0.310674075788	-0.019210751072	0.661207361077
0.93587759605	-0.565479352626	0.0351981319725	0.32798250925
0.489780907583	-0.33153143212	0.0609186085894	0.0610222150408
0.922593619016	-0.0966044820329	0.636061369456	1.10517999373
0.102166106611	0.283690521105	0.243440660297	0.167746632227
0.436913472103	0.489479041438	0.244347347522	0.584061901306
0.333719103087	0.836381216026	-0.217611497968	0.255833423772
0.180814452354	0.885321219319	-0.194234159386	0.0585400234598
0.474395812425	0.630435238678	-0.718854911604	0.587688140246
-0.0763761222146	0.840652500871	0.302551444089	0.287505538334
-0.0207651827325	-0.460835195102	-0.730774264309	0.880798045894
0.641732317515	-0.888720570549	0.714518247146	-0.282971082784
0.458550971051	0.959644021381	-0.261909204056	0.467571520272
-0.917092575784	0.864267161281	-0.881730364966	0.0638436324123
-0.697887027936	0.824529751418	-0.21975894731	-0.221286109175
0.0577562050001	0.611911131277	-0.0736479762628	-0.000964548107734
-0.927276306862	0.714064824544	0.279072144702	0.474862819895
-0.24183581371	0.356805868216	-0.473321055142	0.0273452145319
0.967798138042	0.475738185477	-0.500208449556	1.40929199895
-0.326676660557	0.253442039104	-0.232025410589	0.0189548395492
0.374656865617	0.182072730542	0.493011353912	0.541406683975
0.212450098628	-0.403084076982	-0.203309665043	0.0827855010719
0.594505338707	0.661741425414	0.0352917786028	0.771444949518
0.308018468773	0.381411557189	-0.223642525943	0.177073316259
0.12944365944	-0.642368624026	0.961661309005	0.240656536958
-0.204375063521	-0.849443789329	0.792803432769	0.170469625877
0.198546123933	0.482039079762	0.135664744194	0.218928185464
0.451087741919	-0.0430513863359	0.984911794806	1.11170962362
-0.737037161019	-0.953494603384	0.059539471099	1.19275911649
-0.764874059934	0.99684666316	0.382714118102	0.350547560947
-0.0506819467013	-0.715302108603	-0.32001956771	0.37014475836
0.408349426262	0.297536116249	-0.583398531075	0.455019669189
-0.0684083796986	-0.40285512759	-0.759141574161	0.914358378281
0.489643722294	-0.681758395127	-0.670064250281	0.811740283895
0.74624952718	0.398195152884	-0.599507894928	0.974729879587
-0.260688871727	-0.275611678092	-0.638697583776	0.723774701617
0.0314318972071	0.411341471431	-0.529041896101	0.0761856628485
0.299250356549	0.156229253923	0.1856164423	0.199754617783
-0.143989278063	0.481861939482	-0.235921819975	-0.106672681194
-0.305404934872	0.302176227685	-0.225294610996	-0.0163349508164
0.797870546258	0.641629545903	-0.33626375746	1.04585127745
-0.982503768958	-0.359721608917	0.1446391482	1.28763214864
-0.489368537405	-0.472834577131	-0.779418807822	1.44690177124
-0.778778543955	-0.072196913033	-0.302425065751	0.7760165039
-0.973671649225	-0.0597276547843	-0.288534619424	1.10667732739
0.0256683320229	-0.628660866705	-0.867213026685	1.28176351404
0.97365562915	-0.8079075234	-0.66936769653	1.15022188729
0.98057726497	-0.370292309843	-0.33700637211	0.836795714954
0.700050235046	-0.922512463896	0.173158975901	-0.285492018165
-0.858017744019	0.487298435153	-0.323546400443	0.265102363662
0.349634354814	-0.166324287295	-0.76528902205	0.777044935625
-0.813176922665	0.965378765937	0.0258050674054	-0.0981894609049
0.559906830572	0.495877530774	-0.761041318818	0.792941474484
0.492278074606	0.84378761808	0.449338697017	1.23876754025
0.687200818679	0.842235021725	-0.434567407439	0.873870503405
-0.938938395959	0.197882422723	0.121108944143	0.734438614459
-0.913777206563	-0.864838195656	0.298293588026	1.45626159
-0.16324788413	-0.94567990505	-0.38630021194	0.69557431673
-0.358194899581	-0.199648215208	0.665268923011	0.509579545295
-0.222633157064	-0.92617092568	-0.832826369161	1.72070121022
-0.348684987185	-0.588714411104	-0.388571174747	0.706602105338
-0.676241104084	0.192056761692	0.888730799711	1.28795454804
-0.402498361182	0.265230701339	0.0274103566007	0.0632714038845
-0.0336719302874	0.810589603879	-0.277035052455	-0.173973630886
0.180677100113	-0.0949692804554	-0.0190217597317	0.0176537504907
0.209262110199	-0.88189668844	-0.987044665396	1.70397166201
0.322249825045	-0.780362328804	-0.741469606503	0.980765452048
0.968740556698	-0.0504745766734	-0.812124720353	1.59009970956
0.564380527865	-0.857808362554	-0.88579093853	1.3788595051
0.421173377912	-0.593024287478	0.610336255666	-0.0618129062363
-0.599375802438	0.0375139275741	0.251331452942	0.409362341267
-0.410672013813	-0.823160441472	-0.336164568758	0.896424451234
0.307003952692	-0.733415576217	-0.88931523023	1.31220916684
-0.346686032461	-0.433453674321	-0.533652299937	0.786561867156
-0.274590557279	-0.867543263945	-0.989004932749	2.14975448687
-0.16695009048	0.597313716076	0.0951817513258	-0.00593631485993
-0.0340410945604	-0.180104577752	-0.256529592608	0.119299338922
-0.84530861737	0.570446291692	-0.368028252642	0.157847935272
0.443541656168	0.627785232622	0.613290841969	1.23631869329
0.0153945900829	0.546902522926	-0.621932413757	0.0553198546677
-0.904518150006	0.226145720257	0.616146413769	1.1325754529
-0.227103236604	-0.299228104256	-0.134366056479	0.177791888525
0.926546459304	0.660780297089	-0.511785959886	1.39447877601
-0.816869829123	-0.557512879101	-0.57913963656	1.78097229283
0.974470357016	0.765474856487	-0.340590388459	1.55081346738
0.178906905101	0.635455256484	0.814654599352	1.32703367758
-0.0242408661977	0.804582627602	0.660341765092	0.948434598972
-0.121950296322	0.543876353403	-0.657433798277	0.0232024946189
0.148492924523	0.734971360295	-0.947644552749	0.332726787709
0.839234099429	0.276234991178	-0.73566431434	1.27412545571
-0.469811905426	-0.643168540858	0.141179542848	0.452020886917
0.424484367908	-0.163216184387	0.587582880342	0.360254865266
0.624947835484	-0.351005369933	0.534687778323	0.269412489752
-0.0124112629868	-0.423170783456	-0.436452479291	0.380590827613
0.575179370475	-0.405949822335	-0.435169217216	0.463366458991
-0.736058544709	-0.598821196232	0.743682124645	1.0902801225
0.0452929000674	-0.392671023408	0.638434023576	0.141169698417
-0.355212053776	-0.67114475107	0.782266871464	0.451501462028
-0.106349348417	-0.264592243158	-0.147461269221	0.100211330487
0.442952093753	0.651261428238	-0.251130610703	0.38419907401
0.787490626734	-0.931849906502	0.166087565734	-0.240865182809
0.869303248878	-0.545585852653	0.192740014691	0.213401072264
-0.499987465357	0.695368072506	-0.314063756435	-0.217441720398
0.344530309106	-0.361989217212	0.143891574889	-0.0373975362398
-0.96548173205	0.56687890136	-0.156097144019	0.320721892239
-0.0160735378328	0.0789017722136	0.0542226598831	0.00620848880142
-0.999697236999	0.766989524089	0.322529095655	0.584038712749
0.805324925663	-0.226775206254	0.873406107201	1.03069188777
0.551818693181	0.619833449679	-0.82614124372	0.816978931894
-0.0557772782077	-0.352821580055	-0.999076672974	1.37344054103
0.646037846491	-0.267455540908	-0.192472766843	0.33310217136
-0.946434132621	0.993014673069	0.0540956111798	0.0125586574026
-0.0765650839168	-0.971440261569	0.0616442842669	0.0241568953726
0.0166173370483	-0.823396232663	-0.366308527087	0.422392481381
0.636178176368	0.43620082271	0.11678745342	0.746806208548
-0.037455483077	-0.439466431971	0.679631365246	0.181086962204
-0.0120147103709	-0.547912059774	-0.585857765292	0.670955214041
0.72924722975	-0.61809555257	0.263045375103	-0.0123372544462
0.84629430286	-0.322996107749	0.173144724037	0.41691830474
-0.728528793649	-0.873860831345	0.182838581753	1.04104145238
0.862675367287	-0.163658278568	0.922586304283	1.30320142621
0.292835007799	0.59184120673	0.418690901762	0.682164765944
-0.432217546164	0.0655215049569	-0.203304553541	0.186504384296
-0.294821024673	0.963373065318	0.0767627792334	-0.117259479462
0.870248989995	0.0863066609571	0.948081892162	1.81312664579
0.918661957064	0.389125520783	0.39505969414	1.51121457498
-0.134166705395	-0.10606143117	-0.554640674485	0.398682879139
-0.106214178514	-0.876357868167	-0.517321385406	0.825343165039
0.0350810696788	-0.981745545366	0.583968271051	-0.265499309579
0.784313810323	0.870634930742	0.757113896037	2.53039040901
-0.339960510384	0.340561815355	0.258910692048	0.15500542181
0.981658097162	-0.00927663872017	-0.590109571878	1.30824967234
-0.114799624586	0.669862151789	0.63042701467	0.756016447673
-0.671449766409	0.293488616566	0.590781003676	0.77619161954
-0.665290986296	0.194213918071	-0.231191378595	0.321952197416
0.313985083818	-0.844780966273	-0.231606758449	0.0826366821148
