-0.144223841428	-0.818686989831	-0.300491460087	0.47517826555
-0.520068593145	0.807356606822	-0.52385618021	-0.297922923674
0.27495223357	0.615223305823	-0.333235677202	0.15078741444
-0.759451884986	-0.724983580897	-0.930537069828	2.66788064807
-0.0483931141635	0.684996361723	-0.846044597424	0.105446776104
-0.733567518706	0.616189876729	-0.925134612947	0.37191989454
0.460969646685	-0.754505684511	0.553868883587	-0.24643768458
-0.274024645131	-0.0586144759763	0.582079928276	0.395850050047
0.85018459147	0.349307890652	0.657854746047	1.68235674648
0.411965451024	-0.871660911386	0.567066195392	-0.362104014397
0.103527349664	0.0614843576522	-0.743971095651	0.524833630958
-0.464607053928	0.585870312009	0.577360890123	0.615264437195
-0.896037865578	-0.57195368274	0.700789790436	1.40566304256
-0.883108148061	-0.396809612478	0.292520331616	1.09979906816
0.11827399014	-0.0333413110874	0.366361877862	0.132051367055
0.751455626758	-0.60093118532	-0.61793898453	0.866299833514
0.354689696931	-0.75965837276	0.0407658691411	-0.172944494625
-0.269614001697	0.290135955007	0.214125100446	0.102441943196
-0.273261427018	-0.0504560229072	0.0555069733246	0.0887398552873
-0.640305354825	0.646985305429	-0.126905395206	-0.070278154687
-0.761586050025	0.331455429137	0.0550617571287	0.348863795994
0.0315298679325	-0.177293885951	0.954056112516	0.736478829989
0.97216101409	-0.776731263955	-0.000919895521442	0.190704541894
-0.730859164767	0.806108297161	0.0976115615386	0.0332169885504
-0.0536403717623	-0.0913108682859	0.230188977939	0.0397434485227
-0.765941766582	0.56049680065	0.393847011185	0.533224338075
-0.609255348323	0.888156052652	0.276733642427	0.152442422581
-0.498587523689	0.228145436332	-0.649317696529	0.40831365247
0.324367054278	0.287345681534	0.845038636687	1.15532795865
0.168441768755	-0.399450157771	0.162024611126	-0.0773802435095
-0.574507403849	0.774913816564	-0.7186526682	-0.155567192271
0.971495166231	-0.780944890611	0.838405867226	0.23329429162
-0.00819111513356	0.701682859082	-0.678047649118	-0.0217062692711
-0.387109669274	0.932912352014	0.779518973601	1.1235872133
0.991921244483	0.355063944732	-0.771042044805	1.65683983006
-0.0361573052053	0.167889173675	0.942510794207	1.04180088624
0.631021300182	0.922484400961	0.72290023477	2.16974412683
-0.251829879275	-0.750008583456	-0.619202076691	1.10011094331
-0.0550163528793	0.342298864585	0.869363751487	1.0375703214
-0.113421192528	0.189151690694	0.991918226753	1.16293533477
0.181235039391	-0.0584784229349	0.570380673093	0.314226950222
-0.230024862739	0.783946262547	-0.646052891452	-0.216502105067
-0.346529994767	0.24039656876	0.834771062853	0.934297242146
-0.54327697259	0.578219152503	0.391035893894	0.36003023176
-0.397430222282	-0.645824019684	-0.209696767458	0.594020708837
0.884733356788	-0.642576746998	0.680221436372	0.239850754925
-0.402031772172	-0.909784560611	-0.085505492233	0.612494610916
-0.486975195071	-0.445479800236	-0.081497400015	0.497029724922
-0.917122462779	0.608763470335	0.438457358295	0.741964636642
-0.278977106133	0.854662678907	-0.378868699924	-0.340866541384
0.130686562027	-0.461209224394	-0.337485506115	0.226353024941
0.302491905828	0.725719446493	-0.712735509003	0.301771498261
0.357084197846	-0.865366668336	-0.860046487493	1.30243588589
-0.745368620634	-0.814302171119	-0.188770457321	1.35188014549
0.900909509395	0.312828566052	0.700567065358	1.80341977763
0.88124317864	0.884386724303	-0.441780920381	1.36041450855
-0.26577263259	-0.468983458295	0.839565186886	0.506405578807
0.666696847358	0.824696993872	-0.460533400322	0.826598074106
0.375238363534	-0.357823101811	-0.61317957967	0.601933890399
-0.963675731383	0.376091459245	-0.990422890834	1.17468861561
-0.385184569625	0.185591497571	0.19219691	0.149489936128
0.0937809319187	-0.249239387442	-0.00918898736885	-0.0122043437617
-0.0853558046397	0.863735104522	-0.369275268515	-0.249030980168
-0.703534956534	-0.641732883042	-0.497203029925	1.51272533786
0.820384133541	-0.542539254419	0.381032316914	0.166400167822
-0.495592767091	-0.698851832166	0.431272571716	0.47655850829
0.452045719186	-0.585780723722	0.136297401459	-0.121717745129
-0.538927754397	-0.247859743997	0.993386483869	1.16461780645
-0.949038171924	-0.0321640124432	-0.335117407055	1.0542807243
-0.950318818809	-0.480359729869	0.674643802593	1.49067329408
-0.249112198805	-0.352336131719	-0.129065868003	0.211960683036
-0.888422611683	0.011285552928	-0.657329403271	1.20393201518
0.245528319309	0.847822792348	0.378808024534	0.733106257436
-0.576747271785	0.671062944103	0.428883934785	0.417353238776
-0.0765563246908	-0.603258394656	-0.424710488706	0.488633283211
0.352744156747	0.978297544162	-0.561834626773	0.235533894626
0.0863608211509	0.489719428309	0.0540463621895	0.0791393262516
-0.226091601023	-0.97020697429	0.716776913885	0.0888202436114
-0.332196961282	0.22229522501	-0.551181682093	0.217785213462
0.374874244733	-0.755393570416	0.971585792994	0.0674023971913
0.303122640582	0.191878246976	0.349694227418	0.339430744152
0.488337499814	-0.0617800227712	-0.999673298851	1.26941055547
-0.935490287518	0.879446004283	0.0854113957487	0.134838699872
0.407246284393	-0.07900375334	-0.862565133555	0.945840043827
0.27052693536	0.438115236343	-0.401629447263	0.177053027676
0.447399957359	-0.875099219417	0.243553193248	-0.345167682964
0.576920737179	-0.011348958731	-0.747028219014	0.892819239782
-0.369698431702	0.56077627055	0.995879280095	1.47959983178
0.887201835497	0.405565652006	0.355814857002	1.41785618472
-0.562720076415	0.821232350885	-0.995784756741	0.0283465781602
-0.778072336957	0.846308535928	-0.95253089536	0.048087380338
-0.932220754945	-0.00714818246139	0.843022336031	1.58035980157
0.638746292051	0.569800938996	-0.387250237504	0.701262260091
0.446348043861	-0.0612741366185	-0.915876649567	1.06682657341
-0.143659099413	0.837562242285	0.904695554936	1.47652738411
-0.955698253939	0.758303503626	-0.485943892115	0.0562983285387
0.102412793767	0.837485653978	-0.550294712807	-0.0617820306019
0.999991918279	0.30377120454	0.1407798186	1.36633639857
0.999268206496	0.50219975717	-0.829200789348	1.77151871316
0.0674378282171	-0.189141815751	-0.221872351481	0.0829852271712
-0.758314982763	-0.51110580411	-0.704586989073	1.8191821269
-0.416229000355	-0.546652952855	0.47632512883	0.367280483006
0.364430421159	0.0235199269452	-0.939687395492	1.0022919311
0.710359371491	-0.209633184965	-0.183305930933	0.42772360959
0.401174780915	-0.195724151268	-0.849325168285	0.970008300533
0.394372890651	0.396162956977	0.540829604951	0.818519224502
0.295798350853	0.867643815522	-0.695097427524	0.2242077237
-0.139703220121	0.214654909267	-0.608798056322	0.229482589512
0.873906199911	-0.860706200749	-0.707802353279	1.12172960679
-0.84156562809	0.604586662353	-0.367821259588	0.112346003473
0.579178101041	0.0913298327077	-0.799049222312	0.95384613968
0.836124392765	-0.995694800935	-0.531310338469	0.677892906827
0.536279444725	-0.95266630102	0.858964988977	-0.303785858552
-0.629475568225	-0.620970608275	-0.890679170441	2.13352028839
-0.197868985589	-0.802729096528	-0.752502209982	1.36830232267
-0.27002320366	-0.406949754329	0.539337889701	0.25420034446
0.814521319396	0.11656788843	0.552467500781	1.12801231945
-0.440989150992	-0.576359235149	-0.228536584456	0.632587742523
0.904845580459	0.601335819237	-0.576827971378	1.34872477072
-0.943144711902	0.791567579998	0.510770182029	0.808154466173
-0.140398496105	0.947407515669	0.792825018035	1.26639703723
-0.710283769785	-0.713005836126	0.236448382381	0.898258267733
0.319439895477	0.474412812726	0.887393662138	1.46204666099
0.854917582889	0.374829343637	-0.656642399381	1.23638267109
-0.816677807016	-0.729766381054	0.941654179702	1.46247167941
-0.668786014087	0.840379274526	-0.836439740968	-0.118054355123
0.315187724207	-0.0684973113124	-0.621023400699	0.50596228725
0.278959698706	0.773171817831	0.746053829659	1.42692640328
-0.964925342824	-0.367378759254	0.762186268321	1.58649085448
-0.514300808192	-0.498718183672	0.189639679577	0.462382937749
-0.0663723769909	0.23326260074	-0.156532609831	-0.0230876465761
-0.365610067922	-0.737361124547	-0.135370691357	0.521399681883
0.302676208776	0.154960108876	-0.865782969614	0.753933952865
-0.722409759046	-0.954877699761	0.0648085311736	1.15400475351
-0.688209357467	0.170408249618	0.598046773705	0.815927615165
0.259176902462	0.728322443042	0.484136445419	0.842932558026
-0.030443862022	0.498067680317	-0.437681435241	-0.0406662134164
0.442015732706	0.12220465561	0.445071351856	0.501872587867
-0.17592072607	0.870602192285	0.66101425734	0.890211442055
-0.18531328188	0.443717461567	-0.731881271881	0.163015969414
-0.827522618457	0.766571142376	0.222812557216	0.27088583726
-0.623811781907	-0.984785694264	-0.463691386922	1.67510840468
-0.770357795582	0.853460913942	-0.996568817045	0.0785977386391
-0.158435264808	-0.0151661526356	-0.215828871083	0.0773599817386
0.783692338628	0.932829290116	-0.169486947097	1.21584828623
-0.953269794467	-0.525671711505	0.28931097612	1.34144851036
-0.755473322514	0.791145851346	-0.747810037345	-0.0593566005657
0.558704073724	0.302517219239	0.233991689449	0.606706470704
0.623208254573	-0.120352082433	0.963351072508	1.12548809855
-0.993983266973	0.201679842981	0.122604244504	0.827294951365
-0.835610411124	-0.426550055941	0.821860024164	1.37956388682
-0.617538487551	-0.799517191065	0.175963153958	0.765363885517
-0.78476760814	0.421194057988	-0.400645309281	0.277087985554
0.636563964901	0.587743402086	0.446492806675	1.2411289794
0.640539080747	-0.0836884338158	-0.412577816709	0.561433047647
-0.967122598771	-0.776246125268	-0.195190240542	1.87566618892
0.185745689687	-0.0203696139124	-0.229211943353	0.0879249670186
0.248124962204	0.564829202022	0.799373016033	1.2922206628
-0.549982943416	0.681188880828	0.801682942547	1.11663201913
-0.178449890201	-0.219407450294	-0.816888712682	0.917536237259
-0.576616742455	-0.378736574863	0.0423525267494	0.536626003329
-0.801406328568	0.709638920673	-0.910623637571	0.25656441544
0.997275002158	0.639180390114	-0.452703667783	1.5475773587
-0.724334738084	0.681610299181	-0.0937149620956	-0.0241477939687
-0.327925472522	0.0972584373379	-0.838114624395	0.696564001453
0.53628888313	-0.31200461836	0.977664062672	0.771072474539
-0.734275779342	0.95130971232	0.346716300337	0.290684016569
-0.14277894183	0.731328873939	-0.699159658881	-0.106523953947
0.714057619787	-0.923073527256	-0.156029426007	0.0191224130147
0.188556894226	0.836540304988	0.864785325885	1.66457058429
0.253804340073	0.111917181539	0.398562342858	0.296279624669
0.0809255753712	0.477464643513	-0.191513748009	-0.00957547799967
-0.388443696419	0.024727667969	0.315058263113	0.248335563815
-0.216488253247	0.969983015056	0.381490146743	0.352450929999
0.733604769159	0.876093792605	-0.427810390337	0.989102244513
0.947307310118	0.683189704933	-0.728855248825	1.57786531284
0.781373459374	-0.0416305770917	-0.747989126938	1.16864240801
0.541952427352	-0.144820868696	-0.768615851125	0.917308354046
0.567498380156	0.591458461281	-0.937324989596	0.981895470241
0.595293292685	-0.338768661315	0.221188787452	0.126700042735
0.570516166153	0.899354495077	0.237937615939	1.10918954791
0.984339462739	0.914593799261	-0.886697706477	1.8444595454
0.101501211872	0.264736394246	0.900855555204	1.08720354362
0.611394098317	-0.97105904961	0.509933244975	-0.455040406491
-0.170590014525	-0.930892290751	0.43603862008	-0.0278734292447
-0.867129454991	0.433140985854	0.271703427903	0.567832828072
0.560857955909	0.0706725002277	0.669309010199	0.849475173032
-0.51807740548	-0.84424592478	-0.818215010466	2.0660394279
-0.33011882464	-0.477227770508	-0.398909851755	0.616020238082
0.135285853857	0.816360610541	0.0857888546997	0.206138673897
0.770584453189	0.00572710531528	-0.698237868551	1.08175085708
-0.861045341819	-0.125875784115	-0.0918398676979	0.869778814887
-0.103488430485	0.0471888441209	-0.762746227882	0.551615051126
0.352813369418	0.0436939695385	0.289006567076	0.236045730207
0.142672739142	-0.554311443517	0.837502361062	0.178443440585
-0.618866729672	0.269398531217	0.417791930242	0.503376870439
-0.205876547309	0.510570538527	-0.763810303825	0.130697795176
-0.966372232521	-0.88088632483	-0.457134192195	2.3967943043
0.672940939126	-0.13845951908	0.590621553677	0.626731072138
0.744576935229	-0.0771919684993	-0.234380039218	0.569945712534
0.588787859752	0.794133173557	-0.0993536905638	0.745218209645
-0.980122506638	0.0674406258478	-0.0644900739077	0.894349771451
0.789369520769	0.100042721421	0.195182039095	0.759697486132
0.186156393982	-0.677260956185	0.38477863852	-0.20396320235
0.398108498608	-0.398128013759	-0.990954144072	1.37650895161
0.781977175653	0.726298256603	-0.857639245324	1.29208014907
0.61761446311	-0.037198638353	-0.606171124529	0.748465380641
0.435930808272	-0.604064815377	0.0916525618493	-0.120258689374
-0.376775309894	0.206028608388	0.884399276535	1.02870677391
-0.388486804163	0.0787573301046	-0.270465292976	0.172176163875
0.390771118622	0.753423791637	-0.212684577421	0.332111433733
0.801614107878	0.355962457105	-0.666627792009	1.1350278517
-0.879717660951	0.840205608044	-0.474651906264	-0.138751310629
-0.865401255468	-0.108988327838	0.65323094084	1.19875408284
0.991268591647	-0.904267339058	-0.632377239391	1.05798066557
0.643566984586	0.224691863631	-0.231342970345	0.56032141557
0.52958738456	-0.0742312319081	0.10875198777	0.244905074746
0.180652814525	-0.880074223672	-0.471681756048	0.511246188161
-0.216614054053	0.263679240897	-0.672322464223	0.264545037967
-0.129618635817	0.789868214008	-0.656012160046	-0.173391848718
0.825216260683	-0.558515227348	0.0288845818278	0.20478786973
-0.459591184686	0.675612524688	0.669796155061	0.801868057112
0.108783492621	0.708475304018	0.698636668699	1.07196428738
0.10823099259	-0.599782297946	0.417404281092	-0.1293264507
-0.485490118704	0.120436704781	-0.627323148766	0.495211425365
-0.65038190198	0.909398875521	0.0956937480246	-0.0722788716379
-0.067926782147	-0.201151646829	0.675956774902	0.339225374905
0.460069444737	-0.779215066234	0.954346612269	0.0203070487876
0.442404869721	-0.459526368619	-0.529057934487	0.515443734978
0.849898643671	-0.88013803851	0.736291277668	-0.131613535989
-0.899789616158	0.360534110444	-0.806920286177	0.845414565166
0.246885281231	-0.249908622014	0.420601706535	0.071047384304
-0.291361857032	-0.99093248782	0.365310288542	0.145065435441
-0.406901286027	0.206654898806	0.36957938006	0.294444820035
0.675055644198	0.619058712901	0.865347454017	2.15812629827
0.0924657924357	-0.111816960953	-0.548246234404	0.360087840191
0.245700551607	-0.18047713398	0.246291873822	0.0322350652894
0.299103734873	-0.795085670372	-0.230334409442	0.0878394791768
0.275799170583	0.484588158739	-0.903158746039	0.587749881504
0.502585695929	0.517317165589	0.0223804699252	0.524667276136
-0.836474175284	-0.0963188198288	0.891710062469	1.48951562596
0.217124374703	-0.745028028896	-0.537831150175	0.575340876972
0.773472967414	-0.284902380011	0.528209533744	0.50641330026
0.952941154409	-0.157106327638	0.0754740255414	0.752222640089
-0.260344705782	-0.278226564932	-0.347792109421	0.357938534307
0.521939157775	0.568440116023	0.629887116477	1.3239225249
0.9952244848	-0.285983184703	-0.695658787088	1.38874217094
-0.402610825815	-0.873650779238	-0.731748305506	1.68858479869
-0.576604604598	0.530496571917	-0.601696001399	0.0694265159742
0.029723208278	-0.985214172036	-0.695782718256	1.14120832878
0.545914943574	0.783189360257	-0.489919485996	0.581899274975
-0.888452105756	0.579976351977	0.505159539831	0.822232680779
0.920993467164	-0.769146013748	0.750252704471	0.12567575622
-0.0696251219425	-0.295952090499	-0.33793886883	0.239669751753
0.571235142524	0.0471047725097	-0.714415774386	0.829954995655
-0.71676483946	-0.0238993528808	0.171488426558	0.556191868939
0.731749251435	0.532032446363	0.103236686761	0.990354391846
-0.52063277358	-0.976801073342	-0.744948394038	2.06222763763
-0.574095925248	0.165104769136	-0.172903865561	0.236148650106
-0.464222249957	0.62226727111	0.719393001634	0.891812995467
-0.534554269895	0.833105874654	0.35744264345	0.265960774358
-0.27796989678	-0.110724246383	0.9080029086	0.831976615112
0.640652241947	0.347365876795	-0.84336557006	1.05128508692
0.486570406153	-0.671323437545	-0.0793544274996	-0.0303257453052
-0.944094879068	0.637476982501	-0.562622936723	0.247361782919
0.414959476076	0.563253139545	-0.228764274716	0.329399491906
-0.83120130743	-0.673408702639	-0.881252673831	2.62068330246
-0.626986672924	0.887438528811	0.926790663385	1.51811083399
0.297900116718	-0.647476458968	-0.870565514527	1.21741615857
-0.875205305088	-0.4702462147	0.205232709636	1.12315686812
-0.091783004323	-0.414242668865	0.316687346999	0.0155500204824
-0.359231121916	0.0980606354252	-0.928321750864	0.864570019232
-0.466750027979	-0.43050104052	0.663431875745	0.573325702257
0.147155011963	0.128317717634	-0.155130662478	0.044696702716
0.0490225848183	-0.871641617592	0.728456182231	-0.144631226901
-0.514996608183	-0.236907159845	-0.212830300946	0.482945649341
-0.272148025496	-0.331593411043	0.232177986198	0.141224966727
0.809267180225	0.0105312411793	-0.16201984531	0.687980117051
0.0200291310533	0.0912284265988	0.348126093495	0.155179164943
0.426445710355	-0.399211492933	0.351972800515	-0.0050128196687
-0.979446812589	-0.318381479619	-0.965564395221	2.51088620623
0.729182518237	0.961689433673	0.702892857654	2.40297727146
-0.539555410797	-0.0925010983323	0.272215924457	0.389950746962
-0.27536135516	0.0812290650052	-0.752862395612	0.559104008751
0.773183669796	-0.5262790455	0.0401812170641	0.171370621143
-0.940342203707	-0.060343191625	0.413572774376	1.08707284839
0.463215900295	-0.202570196683	0.913564930511	0.77027508886
0.339576602233	-0.257934216946	-0.770519431704	0.820167364685
-0.604661119701	-0.935862162656	-0.749985824465	2.19585662538
0.0584162806098	0.584220303038	-0.897363233446	0.318543391562
0.662335601228	0.790772506259	0.659777019061	1.91948447384
-0.42408597721	0.991803883101	-0.198392233455	-0.398167912122
0.108319119071	-0.952362462929	0.726226274319	-0.255652073207
-0.478359236401	-0.595776065545	0.263897086321	0.426240647201
-0.343922155969	-0.0191496628057	0.641554799233	0.524175445027
0.215919768533	0.481171545878	-0.833497709362	0.444178845467
-0.292269540026	-0.770809269965	-0.0513404599921	0.352915100125
-0.418377865793	-0.747304075946	0.353791308251	0.348474126082
-0.93803053317	-0.292837109592	0.936912048829	1.75803300212
0.13413576696	-0.559396296935	-0.0686344555453	-0.0139380985838
0.680492434583	-0.237066122528	-0.20578036208	0.392877360597
0.704336366388	-0.358371247692	-0.745130598234	1.06592880521
0.304596132898	0.54578697003	-0.818555903663	0.482300025595
-0.130931498618	-0.173620679656	0.860741152978	0.631308341551
-0.3203563982	-0.200027808808	-0.249016365336	0.278527758358
-0.334272488712	-0.289444016516	-0.441644935163	0.531373001116
0.502918772089	-0.2617201842	0.0424522890972	0.111994873578
0.649987885672	0.535216541287	0.785519701649	1.80783285908
-0.776091602387	0.5905665901	-0.447412869412	0.0799355871286
-0.342282822374	0.276443199897	0.975656833683	1.24415572602
-0.70181791532	0.142377971445	-0.853444543196	0.999480860667
0.20244339861	-0.101653415708	0.308330716059	0.0841292266948
-0.659345764595	0.533773621235	0.25081328994	0.279580285311
0.616601906351	0.577030241028	0.914621457055	2.10029250708
0.665193098471	0.701003957402	-0.506965295583	0.810413985174
0.365426336048	0.40151169033	0.0322057142973	0.294227531775
0.775493974651	0.418701167615	0.336007128759	1.1796785051
0.695290742852	-0.5795893167	-0.0662320925548	0.12322023389
0.141261599703	0.816534510262	-0.679372668584	0.0421158042737
-0.903099697204	-0.574772669597	-0.291886005538	1.58763162581
-0.279073596154	-0.991198981677	0.0523812234271	0.305323113638
0.688300216847	-0.00143944224332	-0.689250805102	0.948825229163
-0.412613161566	0.580186347305	0.266666696656	0.156684601825
-0.354350260071	0.0513674833556	0.294035465114	0.208922742331
-0.61283633369	0.200541475023	-0.698954680275	0.601037512105
-0.0551986943405	-0.240209633109	-0.643453050608	0.584901603519
0.604902105652	-0.992274945572	0.318513659376	-0.448924819353
0.570537727995	-0.783377732785	-0.929315529731	1.47019919376
-0.204820179733	-0.529895344391	-0.164114406631	0.264381564189
0.141160541795	-0.49838855604	0.788732408804	0.178577106336
-0.662017316613	-0.17242973537	0.154810259638	0.549690722596
0.640355001609	-0.824824322842	-0.62324173495	0.784369349686
-0.619658441745	0.954492041888	-0.424472557794	-0.432461193003
0.575126588223	-0.918976560747	-0.323331794677	0.203920528543
0.532882675534	0.158131325663	0.252281905202	0.471769221591
0.334660393856	0.727293144014	-0.80777019272	0.420400750384
-0.647294235742	-0.52348875698	-0.420967312329	1.1554262156
-0.824337621511	0.577526911252	0.774206198304	1.24997550573
-0.192956868273	0.688540810482	-0.702531459621	-0.0857974542944
0.548590449038	0.727318692151	0.99646326901	2.41763697677
-0.585249436428	0.673820894706	0.551893460338	0.62462734075
0.461535532449	0.82445560078	0.702130526356	1.66539332338
0.591137638198	0.12359875681	0.769398731234	1.10957871878
-0.622387589626	0.0350599327368	-0.860688844856	1.07615503934
0.253507897921	-0.482642228177	-0.871372107513	1.12176296289
0.958749216793	-0.255205390587	-0.698306049779	1.34036489969
0.051508301698	-0.625736489253	-0.434142241236	0.430560608765
0.398809489979	0.994997461252	0.218523173772	0.821045819953
-0.853140096715	0.807016368953	0.787485293196	1.29499661048
-0.653757234154	0.487545310979	-0.108983173433	0.0674053440864
0.346030631605	0.961518123291	0.60389646678	1.3978002615
-0.155187872104	0.142317416939	-0.0619035129791	-0.00298056459739
-0.800545300032	0.190735303995	0.725962411393	1.15366861022
-0.810582075194	-0.683718573388	0.751575741791	1.26225312237
0.37925271313	-0.881319954023	0.122359309218	-0.283276263504
-0.292471051719	0.0694632836593	-0.0651728809352	0.0649436985602
-0.244801021773	0.812912762321	0.292353581156	0.18405423908
-0.691003143803	0.305775163781	-0.942676305569	0.866585360629
-0.578061727259	-0.574974126188	0.142657739431	0.604852618582
0.26348084486	0.985640534504	-0.848757487973	0.212939045647
0.39010245698	-0.227457785479	-0.369838050342	0.284350813365
-0.0861986149173	0.248355378215	-0.245246595647	-0.0147401067373
0.263759786639	0.0188473417038	-0.782598389239	0.672250735455
-0.413468479011	0.467213551224	-0.244495802019	-0.0766754479781
-0.377613329125	0.896263401933	0.999056443806	1.69768232431
0.193747477349	-0.282607431909	0.742581886761	0.324352306512
0.339859147371	-0.343511482576	0.0417498792479	-0.0138397900292
0.210257427631	-0.449408738986	0.9632913252	0.444735297931
0.0582036302748	-0.480433427741	0.0159535294221	-0.0319854007466
0.953327734617	0.010940830702	-0.783633479925	1.52477179656
-0.247483302564	0.135353786372	-0.53324706361	0.239925604699
0.337426885427	-0.243530994072	-0.750456832278	0.777627953661
0.22937221511	0.809485798485	-0.661420504291	0.14035174221
-0.186231796396	-0.664134782498	-0.691410261623	1.09560304918
0.316913071526	0.368549982467	-0.481758940568	0.271771629576
-0.56019692791	-0.514783923582	0.380576300326	0.551124729834
-0.676821221193	-0.086062742701	-0.578363267215	0.900615653989
0.995328331167	0.0101160343537	0.785368136059	1.6254951826
0.208191145999	0.690373068641	-0.182088236863	0.0945204247569
0.72162074614	-0.240089635841	-0.372167594903	0.575345140132
-0.446115892702	-0.667953117931	0.300071607266	0.386613095022
-0.0455485820397	-0.86573484648	0.0190527740433	0.0253760257927
0.198377438655	0.545155363244	-0.943285233744	0.523050160752
-0.204094744208	-0.326449346309	0.322064304902	0.106868995132
-0.326623983671	0.850537426623	0.161996576345	-0.00709565392215
-0.749300063769	-0.708256283227	0.00103308989466	1.09141643862
-0.287934388118	0.993937467081	-0.393450161604	-0.439544391932
-0.700215271096	0.607729278387	0.427086078533	0.506715337249
-0.683072707896	0.390575097244	-0.4223449972	0.213214993269
0.130643723201	-0.307232502414	-0.634207507664	0.573998106815
-0.711931979777	-0.300702230439	-0.273202875441	0.877719203226
0.602202322006	-0.481506518722	0.287640645883	0.0169195881155
-0.814476599939	0.360017059547	-0.510754084039	0.447136212142
0.427856125418	0.6764458437	0.290634696851	0.753549521532
-0.529954882849	-0.214151782111	-0.125098177391	0.43678251207
0.372674229329	0.906904341081	0.345865879895	0.910156432377
0.837753712288	0.646004547767	0.332792144508	1.56875984076
0.885416626914	-0.778736026409	-0.184896845442	0.272629455626
-0.575378159543	-0.049383680614	-0.413286912367	0.550690018558
0.346661656357	-0.835970051697	-0.850052976453	1.26358443465
0.176326171553	-0.783363639021	-0.449935092276	0.447867785843
-0.908295693867	0.55028337359	0.122265460798	0.407410542004
0.560901566016	0.326715717595	-0.0827051541494	0.477684993136
0.655029722513	-0.575954434023	0.904851225871	0.349399329566
0.809558355845	0.510161357116	0.0329967391803	1.08631256704
-0.716260852644	-0.454338247389	-0.670656845858	1.59293997034
0.528381416958	-0.356774894665	0.812801835892	0.461333232454
-0.599064827	0.496957641044	0.813313868931	1.12683081482
0.73916697863	0.809959859714	-0.408599219337	0.981067760284
0.460858459015	-0.836504003454	0.222454843754	-0.309717636624
-0.112455643115	-0.364752971955	-0.0670953831376	0.08263983255
0.0331280904926	0.676470045302	-0.814372521074	0.135811618113
-0.493162242893	0.623650420913	0.829774972252	1.14166417274
0.760381471126	0.414859513998	-0.290061809872	0.857432421269
-0.472223164663	0.784307809195	0.32796762281	0.217416730861
-0.470880721718	-0.155198972605	0.835375542826	0.863011729883
-0.229645810825	-0.78791897802	0.26694623805	0.0946077779393
0.61138103416	-0.782668150585	0.798937539915	-0.0917234684911
0.592096666898	-0.272591083703	-0.620000743939	0.742585788037
0.164508555479	-0.464765777831	-0.969227579866	1.3404710297
-0.513987021167	0.639370466231	-0.822966669901	0.0866480929096
0.476851444887	0.399195060152	-0.57894684245	0.521810768502
0.687630409487	0.134801641009	0.0688521758134	0.579551296059
0.480114461834	-0.859392215222	0.0924003429635	-0.252967046501
0.814680872162	-0.0529299697959	-0.206846220045	0.674317612436
-0.282029469661	-0.0459062956789	0.213417313325	0.12823730132
-0.0644922236986	-0.527785047592	-0.929025989736	1.39161259408
-0.0827022916849	0.448566406044	0.741941936789	0.853030264942
-0.0434258170349	-0.857446334306	0.255910807322	-0.114818333128
-0.520708591415	-0.64740939954	0.362858823673	0.504997386443
0.309786565281	-0.171565932068	-0.144531438514	0.0885049028949
-0.78546844436	-0.487662865753	0.65254730261	1.10759936413
0.955194243064	-0.382774272597	0.866432648818	0.965829668436
-0.917615327707	0.429631701802	0.844181857447	1.52311155129
0.147986467539	-0.0412866268554	-0.339839165768	0.145311603928
-0.887561585926	-0.951966492728	0.0911345268429	1.55424294494
-0.855326984394	-0.0645338855102	0.388847937075	0.912890673833
-0.35979949998	-0.665622580923	0.793163157993	0.470106838858
0.414891984426	0.997874961989	-0.593351397688	0.346121059654
0.756267341906	0.842475568368	0.867279106263	2.69191155729
0.380851910637	-0.522715282279	0.975847894116	0.388159568878
-0.517832420486	-0.391830216079	0.209115915211	0.43284433667
-0.878926955182	-0.976414701059	-0.828288055454	3.12552352961
-0.917185109858	0.705656660411	-0.881378031414	0.348887700196
0.499055843996	-0.586578979023	-0.45564787956	0.431209526114
0.459547423282	-0.569711518473	-0.192164172048	0.0957795851895
0.399894066686	-0.659238907883	-0.290165226782	0.171773602822
0.569559834878	0.0109099707372	0.636055295462	0.742117970183
-0.0586327014953	-0.376869340495	-0.00457955309909	0.0272815266914
-0.493559063033	0.831877513198	-0.765475493837	-0.217809255833
-0.559087472457	-0.456368382907	0.381194652082	0.5390728234
0.355776199939	0.480795580224	0.351329496545	0.589982413206
0.511661072773	-0.679206343134	0.226831831809	-0.188339331838
-0.657395702772	0.95765678675	0.235264005914	0.0832609781035
-0.382934944574	0.270082384215	-0.604997676709	0.245838162799
-0.463672510774	-0.954649652163	-0.958409977512	2.49113243503
0.313931468937	0.145258504232	-0.212918853209	0.15856034671
-0.614230111536	-0.0334694198208	-0.60971338378	0.78999371896
0.847918260613	0.912454594775	0.83164396821	2.94312133944
0.464864609279	0.228072603627	-0.320979542666	0.351943213535
-0.941400982477	0.374796328075	-0.89183622658	0.994517090405
-0.036008406658	-0.0302986129913	-0.352914301803	0.137628928394
-0.306988460885	-0.235900892279	0.794018461615	0.609816420764
0.634925832723	0.144549727508	-0.434786181368	0.621099968635
-0.0136324130024	0.153751326517	-0.820041616906	0.54447560816
0.976903720471	-0.512346386162	-0.532624035234	1.0104041508
0.277256783357	0.824990383264	-0.950979344988	0.425418404178
-0.51816827335	-0.306273722812	-0.866904834886	1.44423384948
-0.761567742574	-0.0686984409974	0.248729892644	0.677083146798
-0.267789512965	-0.364166649115	-0.975048465837	1.47503087612
0.878063131697	0.0577259017328	0.540821717654	1.14538940092
-0.689023309763	0.271748413218	0.478331615389	0.646299122053
0.357769019204	0.224094057874	-0.626252862837	0.46002568532
-0.263885071652	0.0388959575078	0.616253679829	0.463109643354
0.493998311852	0.99394538452	-0.121559370651	0.628994979328
-0.0747293297518	-0.493026994553	0.978400498425	0.517317727688
-0.745178866021	-0.264662951027	-0.901743465773	1.80431214487
0.533592268359	-0.756538261211	-0.519441118452	0.543833898046
-0.491746492257	-0.618310668052	-0.820800712382	1.72709036104
-0.376353006324	-0.644426682411	-0.315526487425	0.687064156422
0.680030167409	-0.284033997783	-0.494204242851	0.653897981994
0.436154782446	0.928944514891	-0.275575925771	0.415341933232
0.289592123437	-0.728620364856	0.476482348722	-0.247278434811
0.250529510363	0.346992590222	-0.841537994552	0.565875667066
-0.708704163245	0.366797126333	0.227949490537	0.377883128816
0.739838748437	0.229929670397	0.277908078278	0.858604466076
0.650760821618	-0.429575350888	0.920154722232	0.595347763835
-0.317609446462	-0.877612736959	0.666417934074	0.23886985185
0.0954240630089	0.258134674366	0.937631965568	1.15492703619
-0.844489180387	0.0423037008889	0.01720084979	0.678460486938
-0.84183772561	-0.618521316533	0.12773555309	1.16669454367
-0.0723482519207	-0.46203131072	0.8790501911	0.40524195371
-0.406575082472	0.778469265996	0.375774134226	0.282531906067
0.612398255064	-0.359733203836	0.529690282094	0.244756249214
0.290782070536	-0.336145187416	-0.896339456849	1.09153383556
-0.0208963068484	0.0563771327716	-0.212390390055	0.0323942983426
0.114283332196	0.0960448571545	-0.998379762989	0.924909915757
-0.590177245384	0.992681056751	0.311320347339	0.168413579402
0.816854553063	0.25212305347	0.744761307618	1.61564012533
0.169990650135	0.156228776797	-0.145240024812	0.05385824586
0.491943416697	-0.84358507147	-0.937523681142	1.49684383716
0.77016930505	0.0387040174879	0.35097099439	0.7597340311
-0.513199980986	-0.137103178151	-0.365131558922	0.517117321397
0.742981385601	-0.103203627246	-0.923974925507	1.42443019214
-0.740435089815	0.844094024814	0.439329464944	0.487093042206
-0.786371937669	0.915900034737	-0.840581834919	-0.165168371279
0.453576290712	0.481901189465	-0.248021632517	0.366303215977
0.364816217211	-0.513202055786	-0.620301939136	0.648981165752
-0.306873263731	0.902755443638	0.700671606569	0.940615497938
0.4902740992	0.0131391726805	-0.456760466603	0.449439157604
-0.647810717204	0.167476759138	-0.576122829958	0.546595816643
-0.140356337571	-0.188010970361	0.103352112148	0.0373387609111
