0.507648565568	0.109239900258	0.0646159159741	0.324396397606
-0.124772785467	-0.263509402518	0.204343882114	0.0363569380157
-0.696423354641	-0.651917562736	0.371076056839	0.834802546275
-0.229290895241	-0.753876835259	-0.899368011105	1.71230693844
0.100015597452	0.370751228836	0.0522492916707	0.0691855029647
-0.213699020115	0.564334964646	0.0126489025077	-0.0676323450792
-0.912535943198	0.312584422148	0.912913107672	1.66625008553
-0.856005007536	0.439793033377	-0.0995910358312	0.322398464749
0.891982295975	-0.0849215404945	0.0890313346128	0.72024980612
0.375248517452	0.932215947312	0.973914572645	2.34703239277
-0.60174113204	0.123875435444	-0.500090359341	0.475692901713
-0.83051432991	-0.578610136873	0.795052938198	1.34238154743
-0.396307066427	-0.680823367512	-0.00971757215101	0.433584783838
0.695729090715	0.586667642362	0.50037146202	1.43612405897
-0.819006808538	-0.98622843283	0.107740196535	1.38385145846
-0.053300755676	0.341227310114	0.493689116998	0.396842450737
0.72420140567	-0.0582724437417	-0.481707021428	0.742378590104
-0.840470197007	-0.31539603875	0.168849155185	0.946726805396
-0.327209331971	-0.20968219813	-0.975293411542	1.33137482386
0.661303090798	0.42827400892	0.734818083787	1.57520180654
0.849813760027	-0.202129042008	0.997291568944	1.34342026959
0.816001246176	0.989677553087	0.763684598825	2.81245182197
-0.297723964272	0.953233178254	0.938995623555	1.58163376186
-0.260085784684	-0.780052993237	-0.447793197421	0.820346481892
0.66263134261	-0.993755665721	0.968775597046	-0.243613435739
0.65153974771	-0.822865079999	0.132639666386	-0.203176532369
-0.91535727352	0.523920774024	-0.656656157805	0.445465754054
-0.691995292923	-0.615519537526	0.858222998608	1.11308780024
0.15492685601	0.268287554134	0.149737043889	0.128161045563
-0.124272381773	-0.0107175547127	0.274863172361	0.0893794233547
0.187577153839	-0.957153979845	-0.33360817635	0.286253778346
-0.311418417011	0.904471017677	-0.091719070167	-0.259232355006
-0.25004078711	-0.0751536337508	-0.0545726283433	0.0883913720434
-0.329351522383	-0.549142994887	0.911535207033	0.619666766793
-0.784686750983	-0.368148224313	0.804118432476	1.25518601158
0.688303705242	0.805120998592	0.960824477298	2.72469339596
0.346156704578	0.950253672523	-0.357107045767	0.23694430433
0.290243401143	0.22214647889	-0.625707829226	0.401229277971
0.279316858511	0.28363710787	-0.539429384623	0.295224403816
0.307399836973	0.43174752997	-0.231459058929	0.180855199076
0.691744529526	-0.396288283623	-0.36828976686	0.485966513776
0.530968094207	-0.72748884567	0.913904525505	0.0660198845505
-0.909175380308	0.541862839903	-0.643059933902	0.399027315192
-0.473338492447	-0.636974369997	0.166167561884	0.447320997031
-0.175750668578	0.739971737066	0.882465883685	1.33258361871
-0.507481529987	0.66997232577	-0.418075877754	-0.18777290626
-0.48350241344	-0.0746835051214	-0.283815581244	0.371631865345
0.243127685522	0.341751503969	-0.359636014054	0.148632237571
-0.505867660023	-0.48272556431	-0.86356386968	1.66270425443
-0.917988487591	-0.829541089119	-0.340071382413	2.00196376323
0.721275038015	0.0931571316684	-0.768658392734	1.10665930777
0.180000820889	-0.107166577144	0.84462562376	0.635987030908
-0.454490880098	-0.263606969612	-0.404797888088	0.596937798496
-0.381658748237	0.620357981157	0.759563224919	0.95703575098
0.530790823958	0.86286973314	-0.733421138509	0.644801899767
-0.411334434747	0.840766448756	-0.916212362182	-0.107515696187
0.565664132004	-0.735675072731	-0.144075450058	0.0305813612924
0.267717944695	-0.281117523214	-0.341857114486	0.209381004421
0.293950693042	-0.525635053739	-0.26566659027	0.142118631246
0.564942934302	0.0616367543509	0.667383544494	0.840517918932
-0.49031295736	-0.771460318658	-0.745747187612	1.75011701731
0.621018509589	0.302789223788	0.193000033635	0.669389045087
0.413745591424	0.587118340407	-0.598889630813	0.421152743176
0.98573964674	-0.488761178804	0.694139426154	0.63245251818
-0.246949037676	0.989151513239	-0.556117308659	-0.424104003509
0.845468028725	-0.438637908266	0.826600299699	0.664651689001
0.623996391158	0.0416350649674	0.967573164037	1.39183442577
-0.159536830872	0.597579073541	-0.700945426901	0.0025703014997
0.132881666364	0.630068852617	0.292190129793	0.370857108089
0.8167169386	-0.489016278633	0.114576688256	0.224736631568
-0.173920436972	0.0265290506806	0.468575463142	0.257628201178
-0.552806532742	0.71964720354	0.439014194681	0.416438187903
0.88798834452	0.725987552495	-0.0800934710819	1.38145988595
-0.96184837157	0.352948494776	-0.378911327901	0.595506966519
0.0178594298762	0.707449083479	-0.363558146582	-0.112070755112
0.494694814358	-0.0101333541787	-0.981143089238	1.21229407357
-0.86586699985	0.58852282459	0.478822996026	0.751212892582
-0.954154814367	0.743873523241	0.801243013872	1.43865473728
0.122917211791	0.424228430337	-0.152671017628	0.0257946702315
-0.895624962904	-0.487003873223	0.249866563268	1.1790642154
0.89446016019	0.191543133403	-0.877575475201	1.57343183831
0.842035812879	-0.428060578898	-0.931406024383	1.6147973569
-0.447447761882	0.0603911625791	0.544372362837	0.502404158368
-0.12859190128	0.69397329948	0.965654427195	1.52992339282
0.953974536243	-0.169631319498	-0.468850066821	1.04759549709
-0.606630101123	0.192722669169	-0.715348935303	0.624948850343
0.232585026005	-0.453632476102	-0.509197619481	0.438858465706
-0.873933253863	0.782073699037	-0.708172698981	0.0279444489796
0.376584474006	-0.271668880914	-0.513663296429	0.442905898446
0.698443495765	0.514421464671	0.837246265744	1.97879640268
-0.157869835553	0.847320400795	-0.578939342016	-0.264219800935
0.633163551881	0.850490145813	-0.658949608065	0.813179882716
-0.261243259399	-0.297451024176	-0.68031513289	0.811144228727
-0.630970813814	0.446377206935	0.0320728000766	0.131818409779
0.150197610925	-0.551850079761	-0.419086452801	0.346579106085
-0.466168799687	0.0999985323664	0.247702015274	0.256823280361
-0.660014160131	-0.639940977028	-0.471493509669	1.38202294496
-0.79754418027	-0.0773626047889	0.543699115277	0.951323562877
0.772548986683	-0.996470086079	-0.69116570211	0.993445956014
0.321009059679	0.756792893498	0.84907596648	1.70948884584
0.084060545147	-0.022277682752	-0.780999639427	0.632552800076
-0.267388216798	0.348471696913	-0.530708230145	0.0750336608599
-0.0109594676476	0.662032681595	0.588938304197	0.729609315147
0.745652352933	0.31932226459	-0.98586427937	1.45122079244
-0.637763714218	0.766276311282	-0.973571845004	0.119856423999
-0.224794703703	0.979939569089	0.301260036111	0.21622167306
0.632201256027	0.414456956239	-0.685235207842	0.847245427943
0.144562926062	-0.868508703531	-0.358856183321	0.335791758936
0.40158582401	-0.0259653943213	0.945014111319	1.01935784632
-0.433395454955	-0.863574937737	-0.765901403083	1.81011928913
-0.763884103551	0.717408111686	-0.938178801615	0.242624652693
0.646202631923	0.344050097769	-0.230567570353	0.613738529572
-0.688523074056	-0.426122659045	0.16212662242	0.724658520887
0.856469877595	-0.860254423148	0.619235788202	-0.152488713649
0.286754260364	-0.0349542306035	-0.510062645319	0.35019748077
0.633077993164	-0.570212425378	-0.281612695346	0.279683575704
-0.690570098379	0.817767052728	-0.905385185232	-0.00851025415177
0.855962884438	0.296260763159	-0.462384757134	1.06307387952
-0.677856033484	0.057143409917	0.917524768488	1.31503599169
-0.451684279686	0.0694911719565	0.954587288052	1.15020289846
-0.777813727673	-0.694743220792	-0.467716393206	1.6890764272
-0.778530620156	-0.921803043605	-0.107463568771	1.4343704851
0.601245224784	0.734421478877	0.389890473389	1.24142174678
0.0829059521332	0.85876284639	-0.395484670116	-0.10514946838
-0.151853205706	0.491589816179	0.866211203888	1.12455236284
-0.60869586213	0.0282568120091	-0.316162567133	0.44433587066
0.274175790411	0.72132425706	0.892439085334	1.7131274936
-0.330012992165	0.594092696919	-0.849955989976	0.130322805013
0.530678191408	-0.337234376093	-0.830460067879	1.07238002125
-0.0486162291265	-0.797797060522	-0.526127084402	0.737701772763
0.935649096929	0.476056298589	0.852804572186	2.45411950484
-0.907837280851	-0.207299670604	-0.36702664603	1.22315595951
-0.477854754031	-0.810792725823	0.195085095553	0.495670942635
-0.752169519565	0.472150195403	-0.860193654188	0.544414521319
-0.549806020799	0.87737616557	-0.330956637116	-0.360941207421
0.403780640662	0.764108496129	0.131136524401	0.588970344355
-0.83363325556	-0.631582579979	0.616054714542	1.21188663237
0.651059520868	-0.9366903086	0.825813931339	-0.277525900805
-0.482767364401	0.762485126475	-0.935539380823	0.02686046319
-0.0605230341374	-0.980292645956	0.946077985787	0.03062358616
0.915895402852	0.530062095335	0.898831794349	2.60868108411
-0.389530077425	-0.657471900792	0.896359961631	0.621968454687
-0.817143092702	-0.161725587351	-0.905738016958	1.76671814871
-0.00171827304192	-0.251083709499	0.54165790949	0.157826196551
-0.183065828921	-0.720886181972	0.474737040477	0.0486266092293
0.686226674379	0.650180948722	-0.821343859214	1.05766216427
-0.498737728556	-0.805865257792	-0.416353717953	1.15953014478
0.455192947292	-0.793298366377	-0.663880937572	0.813490360307
0.251767403773	-0.674013198835	-0.012266186378	-0.0978896967305
0.934355663317	-0.389317300724	0.643180659897	0.67253968369
-0.323163784075	-0.387162986426	0.764529684908	0.518059930171
0.499793815945	-0.715810963159	0.166155742774	-0.199292405728
-0.222387567183	0.857412758948	0.333827935727	0.256447714561
0.112081860811	0.0444807826212	0.462649182094	0.2521710958
0.349080230992	-0.532827789535	-0.686271142789	0.772489777278
-0.843788508324	-0.485195160093	-0.460050638322	1.55624208009
0.429316934928	-0.355846111704	-0.0051578839221	0.033404285338
-0.383721108403	-0.769203482389	0.5897309539	0.33656099646
0.293252680176	-0.383286351302	0.62328671994	0.123186427189
0.263571349709	-0.568487425532	-0.244676599815	0.118595067161
-0.395217321001	-0.957296289272	0.340768452159	0.324443568903
0.269734406915	0.867820224322	0.211989641802	0.535746130523
-0.395828386164	0.219986255247	-0.744325322122	0.459882151753
-0.420948330672	-0.278247416444	-0.178628279907	0.375936202332
0.935336529811	-0.801949384294	0.356557912517	-0.0340459836209
-0.113777873678	0.598277886564	0.989627739999	1.51631007528
-0.00847671747521	-0.0463758514843	-0.0927425903757	0.013367174397
0.520468860345	-0.77648302156	0.436017775782	-0.281696297915
0.701459840492	0.0336974685421	0.769161187108	1.13321104539
-0.366160712342	-0.969398819503	-0.449006648963	1.12590291582
-0.157158612969	0.823602854789	-0.237406676821	-0.243904339242
0.271135220792	0.432014647204	-0.443955866343	0.195950068997
0.497056454094	0.225276818883	-0.351558436076	0.403435783186
-0.442863776943	0.780686287807	0.919970054574	1.41494355501
-0.578109901747	-0.150412794221	0.111306132505	0.416813372916
-0.542870665202	0.167055223468	0.125194162131	0.240607095811
0.558060584489	-0.930973773281	-0.901817364668	1.44473472191
-0.364736691226	0.218505014457	0.880983303622	1.02196690869
-0.295095005868	-0.906454767825	0.455488389232	0.149161388136
-0.35667962831	-0.271483366187	0.308403586889	0.235439271889
-0.00247389561548	-0.283555546063	-0.735953826142	0.751019430243
0.942825952719	0.598298068422	-0.211052566441	1.37128256645
-0.320203817282	-0.914121821607	0.889726291642	0.373530436933
0.867090384957	-0.473679152806	0.646847170439	0.453136338949
-0.988397120797	-0.913808731174	0.109222964411	1.79225554468
-0.920436597399	-0.358844838124	-0.250726225883	1.33033290391
0.486134846193	-0.455918849513	-0.378833991443	0.330921799506
-0.201974306014	0.159426393922	0.597269595873	0.46054509304
0.493967214082	-0.227068166131	0.139360897356	0.119616415477
0.72177261036	0.548579723875	-0.509428092871	0.896960579643
0.110741071271	-0.171025154011	0.651112887433	0.305915386427
0.414094444867	0.129246071521	0.433086299536	0.468532735198
-0.785964815838	0.4588407357	0.254617873145	0.438767330962
0.532784269001	-0.42378343024	-0.736776051463	0.913146364616
-0.0586887699154	-0.509117917429	0.210497993855	-0.0295350188074
-0.418718044294	0.800818786166	0.0601941882433	-0.108164498298
-0.344337582768	-0.896767042054	0.681539989971	0.280673123556
0.54216010643	0.258474500331	-0.0291639232881	0.427384547536
0.789164273371	0.476256518556	0.7646704778	1.94752511899
-0.861972290376	-0.765574809951	-0.56045944189	2.14608891848
-0.0148445761842	0.461888072749	-0.353932068636	-0.0448452631
-0.297097643459	0.858868235601	-0.390302669112	-0.349783110344
0.346839135414	-0.441124273812	0.766347079232	0.216531771149
0.38853544385	-0.848780698594	-0.860468630325	1.29193383461
0.532625720157	-0.914609103105	-0.778770763414	1.11530055697
0.923032270945	-0.339101773261	0.720342526098	0.813610620301
-0.679174862198	-0.648074384484	0.626574500906	0.887963045395
-0.559408610745	-0.171270049324	-0.912879132588	1.39844509891
0.354490344915	-0.615763107521	0.194606449236	-0.174578473574
-0.922645242222	0.300237545175	-0.181493531899	0.552710230042
-0.786999551999	0.165849370048	0.878789303506	1.40686220727
-0.64362828315	0.381224040794	-0.941341655152	0.696152834177
-0.374710488299	0.145842425611	0.351319228389	0.260421712194
-0.625288504097	-0.180766357861	-0.184534785228	0.571427606838
0.0334216684879	-0.26290279308	-0.986442355382	1.22473732886
0.662786906459	-0.403983634683	0.552948523669	0.253901335325
-0.633128585664	-0.0305096864203	0.390130335944	0.560467285408
-0.411816163028	-0.658651429128	0.375523046264	0.334514623631
0.837331893555	0.0406614441592	-0.991680726144	1.67827931613
0.807220655114	0.246698296421	0.802180537598	1.69213533344
-0.795954755282	-0.939972401825	-0.54773412756	2.19658711346
0.0714736749526	-0.230729269999	-0.76374927102	0.748149678114
0.507319297201	-0.264985660981	-0.173020521064	0.198724587862
-0.349833384756	-0.246599716117	-0.275384467775	0.352398547128
0.983418502494	-0.755497002024	0.531051506805	0.104950102246
0.321737224681	0.616350309063	-0.175277267581	0.2245076021
0.520417020279	0.512312836322	0.458764873277	0.982946537113
0.604548487991	0.27780696836	-0.317513711731	0.546034092476
-0.171503930641	-0.445702820316	0.797364353575	0.386255754952
0.404301063015	0.566628664277	-0.800579520913	0.57984418558
0.652444665221	0.413351611266	0.263267009098	0.873504455289
0.274870180554	0.608783680386	-0.467057367401	0.176695777669
0.0831434766175	-0.848958684414	0.645275257896	-0.195104414398
0.288066469003	-0.385093857806	-0.680975709831	0.698017143261
0.791050582726	-0.622043987469	-0.256867944701	0.359457067252
0.622881596379	0.0891912636941	-0.801513973123	1.0144736848
0.957005685033	-0.0489195067212	-0.163043240386	0.903602728274
-0.29683017739	-0.756289940934	-0.125423522196	0.423185439649
0.102719867339	-0.169456583214	0.916463965448	0.67775016114
0.393896068806	0.839439160924	0.161876763229	0.647895679282
0.852541782917	0.2601023128	0.417050810343	1.23098283985
0.0733181322358	-0.000987739779995	0.747096326058	0.562718112927
0.632179369789	0.431629954114	-0.341009992535	0.641615995539
-0.69181280209	0.232839171362	0.150424267944	0.375175955847
0.978296169507	0.715243718414	0.947560754913	3.23239184728
-0.78930121401	-0.94849335781	-0.253919012911	1.67695872752
0.0866274668257	-0.326154828555	-0.990186010587	1.2826726355
0.900089395857	-0.281948581352	0.711863381191	0.862422595321
-0.209894889394	-0.384175464649	-0.752514584195	0.980068170719
-0.283772142911	-0.462330823237	-0.0709548825273	0.249562462142
-0.464553894456	-0.191575687028	-0.151173215897	0.356622006247
0.536129179815	-0.630049547097	0.462197616501	-0.127934211725
-0.693296990561	-0.246518151975	-0.180164194327	0.728443891159
0.0297624551738	0.620683422438	0.1022344455	0.0932659736463
0.240656557828	-0.50078947944	-0.0756306915563	-0.0190076373335
0.924175212876	-0.186197680972	0.574787287613	0.905376908642
-0.000993599388359	-0.0858244661096	0.276140677149	0.0526403097657
0.748005438456	-0.283101704254	-0.174943234268	0.427882384527
0.463595430063	0.291233726456	-0.60431232084	0.539132599418
0.94213990686	-0.784867799316	0.206230257483	0.0288397595119
0.848644830839	0.0838314586354	0.866385714785	1.61459576794
-0.220003776707	0.48491731559	0.100146190762	0.000309902460261
-0.454512631461	-0.637809465617	0.543078383717	0.4450277879
0.335367933369	0.470518552173	-0.701694544086	0.432483417435
0.374124613024	0.557807010143	0.423849395733	0.76473303233
0.406999005347	-0.911757192565	-0.146645649549	-0.0502259078719
0.363573985801	-0.872475307288	0.757012825351	-0.272429861506
0.609201559986	0.470601268327	0.961401253312	2.03454658653
0.844656939677	-0.678218345174	0.191677600633	0.0473245513536
0.638089485001	-0.399976020559	0.676582297203	0.33908460797
0.323821834341	0.451604532863	0.0956004602353	0.303413037808
-0.0245578571808	-0.718881610092	0.549559734172	-0.07479520486
-0.187207734157	-0.534652330197	0.124278246879	0.0841372153867
-0.127832313878	0.766759156467	-0.545153918941	-0.202484460382
-0.516065636242	-0.407118496645	0.626864724433	0.614174765434
-0.487534828541	-0.27670202609	-0.782689948697	1.20176753428
-0.564061495054	0.977422873732	0.142436193327	-0.0736527746793
-0.204102456597	-0.646270467361	-0.854317226391	1.45554111929
-0.750117188721	0.306759028326	0.99463395505	1.626980227
0.436442504134	0.836767059751	-0.952354312362	0.665762788828
-0.268474924784	0.068766552353	-0.336471023028	0.143691487384
0.94986717518	-0.53043678801	0.618758766255	0.453053155337
-0.77107150908	0.614455096609	0.345220836504	0.452062581913
-0.0426350072092	0.117661351729	0.978383664091	1.06915378985
0.707752399951	0.638842159786	-0.351833636868	0.852076278984
0.00829908128156	-0.00336368688562	0.562288846521	0.314318342542
0.65366438439	0.978416309743	0.210616633663	1.31726313806
-0.917163504373	-0.262194352486	0.939495829001	1.71798589707
-0.706647924416	-0.0167129345254	-0.160798402784	0.53970498909
0.234896947906	-0.2120715124	0.462523484572	0.121201544022
-0.726476507439	-0.20415006365	-0.411170752345	0.92908026394
-0.221829678092	0.351047516962	0.0912835306369	0.0117131881349
-0.525287446699	-0.639960573132	-0.56807915791	1.29835235024
-0.881208164036	-0.535245629475	0.673703670916	1.34147033761
0.834288789226	-0.631065992255	-0.498135092066	0.732041187328
-0.547453392709	0.180380741513	0.451591213579	0.486348150416
0.104291801497	-0.505170643879	-0.627752361349	0.669386715104
0.802519208012	-0.873054210484	0.723830293457	-0.164618485973
-0.219053720567	0.258584146264	-0.999495583511	0.731878422477
-0.993429096672	-0.21082168739	0.747325283099	1.59728047012
0.35767101385	-0.295286248395	0.682745366317	0.286849139708
-0.0424467208329	-0.859901645247	0.359686245998	-0.141618869957
0.589775623532	0.659264113355	0.749073894503	1.79160242596
-0.699016550961	-0.533079145332	0.880027387827	1.16657923963
-0.348443848355	-0.605738723609	0.507908150785	0.282790102075
-0.864957567395	-0.606880909431	0.946308966672	1.59428164262
-0.786539158621	0.577140959302	-0.139277834581	0.103715255655
0.827642521621	-0.255260500367	-0.114689600922	0.516157128879
0.604419739548	-0.0456599453699	0.0801628031464	0.340491295063
0.856930594638	0.902015703677	0.389528801097	2.01038867986
-0.837667370523	0.204095388456	-0.113143585936	0.52043196317
-0.238975472701	-0.129550750259	-0.148065255313	0.129174013079
0.103741906479	0.620405435065	0.604436451985	0.815463510236
0.953275307481	-0.539628411358	-0.728847143755	1.31884415736
0.412215039032	0.655180855141	-0.654508612583	0.439556651634
-0.142817096182	-0.360808880273	0.258194610598	0.0454319481184
0.541590158794	0.223739009577	-0.546491451092	0.590876195935
-0.36489275453	0.147154430771	0.169053360399	0.132907126405
-0.452299524114	-0.473054684011	-0.866634714286	1.5795586069
-0.973336267293	0.92555653734	-0.667498723811	-0.125747517195
-0.0724226158533	0.593972626806	0.589924944202	0.660638692425
0.0998069385634	0.301030670352	-0.860710772331	0.52172906744
0.679316819465	-0.542492158824	0.273408701506	0.0193775346284
0.536312371468	-0.581779966497	-0.268396335675	0.203799370466
-0.501534470866	0.808568420449	-0.563465970004	-0.292094999433
-0.988902570966	0.534664809882	-0.192596981407	0.383315658566
0.847995707884	-0.106198575831	-0.361700434168	0.798280059165
0.921162852176	-0.885848434414	0.685617917409	-0.104751300281
-0.563296125285	0.0905503731759	0.188272117429	0.318790351101
-0.691041231256	-0.918714515881	0.737691509735	0.978868458822
-0.729946153358	-0.598380812087	0.440337624849	0.900014797137
0.450164717418	0.181696912516	-0.138322108946	0.278442117782
0.242358776223	0.779399370089	-0.107839114415	0.175211590688
0.711236661735	-0.467666048195	0.59409632092	0.248348109951
0.100110582754	-0.450602647007	-0.541489523201	0.502119551414
0.580118284505	-0.246243553192	0.939803728723	0.845497275427
0.663369838152	-0.351661105353	-0.433018495555	0.546558951905
0.46351531381	-0.922719191468	0.181968263984	-0.347641189774
-0.125837421335	0.873496661433	0.737491698566	1.09400703117
-0.985401742045	-0.80885886107	-0.988706685641	3.5453325979
-0.66053788798	0.997925945724	-0.703565910875	-0.429959281135
0.639089414036	0.55798387076	0.0826149065516	0.817959872263
-0.804969581402	0.302219045824	0.993495735916	1.6919859988
-0.413031768927	-0.166625900992	-0.0926681931621	0.263445347982
0.884501088756	0.502696643094	-0.948930464576	1.65042277167
-0.0505838315453	0.589515440154	0.288097134881	0.225576442698
0.460479664478	-0.874968612657	-0.767245249262	1.06911705204
0.239362140292	0.123752921766	0.00529999996843	0.0875999789074
-0.564177949308	0.359326450239	-0.300533859637	0.0979035344857
-0.684420556777	-0.847921800377	0.412239430556	0.869161157219
0.109964361307	0.732449682542	0.914496965744	1.59876323489
0.52445770655	0.607923508851	0.894276978409	1.93726936788
0.861333543943	0.296962211287	0.765611058066	1.81119683281
-0.447600593144	-0.916041550088	-0.268692124133	0.928695639606
-0.744885712177	0.753101041963	0.772948454344	1.17343811764
-0.479483183363	-0.781624974514	-0.451783938839	1.16191449118
0.406447535085	0.521995439601	-0.589074848304	0.416878151034
-0.24496273253	-0.901544944882	0.936197687667	0.313293471193
0.542789595237	-0.0664274223465	0.899850096096	1.00851990407
0.961900931397	-0.245020890609	0.64711274219	0.949766339622
-0.710249846528	-0.413391415729	0.672250336048	0.972084030245
-0.0809187122854	0.864778977268	0.945539400976	1.64829839169
0.886425241448	-0.0832730602637	0.031576934936	0.710301960939
-0.862863879666	0.0555772308457	0.913019567026	1.58092631882
0.957994350623	-0.488065581444	0.65442931992	0.559062414299
-0.861352858421	0.0973554432904	-0.172757571484	0.6710976459
-0.488549170794	-0.916125505195	-0.489189709128	1.37371838912
0.929962982784	0.953902082765	0.418630885613	2.32650946761
-0.692188476082	-0.612648595838	-0.834031077612	2.10976899136
0.107736595973	0.438518723366	0.171506948344	0.163475330004
0.854244356985	-0.482033244652	-0.907996394119	1.58010114204
0.318577363432	0.774887309467	-0.63268124881	0.258381984453
-0.336648551204	0.550858425471	-0.278552847721	-0.147964937958
0.895460027707	-0.014790271521	-0.699744943473	1.2885969679
-0.03436620526	0.504910743956	-0.911028394048	0.353813880357
0.251371367056	-0.895510570728	-0.285750975019	0.175628486249
-0.598385301369	0.510592412418	-0.629387749236	0.127302303973
-0.244787432243	-0.147188198271	0.955157238616	0.867688185559
-0.0497356911858	0.70498713554	-0.840290474976	0.0811047238748
-0.744827109061	-0.027408908872	-0.0467440279587	0.578648527703
0.476667238296	-0.696110540107	0.276540671791	-0.220629565884
0.28635881377	0.277734433433	0.20148810705	0.258090715663
-0.136483858387	-0.366427505222	-0.143370289922	0.141729141023
-0.624534066913	-0.692710151694	-0.433023863977	1.31013358224
-0.640321330324	0.321527019916	-0.20608903816	0.180340294313
0.765538136871	0.932945923644	-0.621611508508	1.10672526775
0.833682515306	0.719128633125	0.151494543002	1.42644616421
0.78379113932	0.328818451844	-0.718576325027	1.15212431924
-0.711173520518	0.491307831076	0.659250313911	0.914868474657
-0.895328351277	-0.229227340293	-0.335618820686	1.19641959567
0.780936392639	0.57746432432	-0.129879118139	1.00269258379
0.187100646478	-0.540203819144	0.887207838425	0.241798853991
0.705548077714	-0.513656334747	0.754944272462	0.317547796971
-0.439647926605	0.238093416028	-0.137919802217	0.0747970976689
0.06129014553	0.623336292925	0.0378857372698	0.0670117381596
-0.818715265492	-0.16362972666	-0.650428127386	1.33374696665
-0.502116524186	0.694575777354	0.65205010366	0.781430574058
0.438051533812	0.910555670257	0.391195797001	1.09999915698
-0.863275446492	0.402256264449	-0.960262921564	0.933819643031
-0.600525944887	-0.611161601366	-0.696730725347	1.63889857809
-0.0619504141682	-0.834172396998	-0.766649441947	1.28278434878
-0.555157802026	-0.138751969184	-0.754140500077	1.05859579667
0.119155881554	-0.985436666456	-0.047965474181	-0.0536548269033
-0.0713194914763	-0.608042385475	-0.420355829082	0.4807449277
-0.550005497419	0.258832900299	0.677998289373	0.795316473142
0.216553369962	0.922179252392	0.89395759611	1.87014571815
0.43314639936	0.258499861132	-0.522483988166	0.437511566868
-0.854255006667	0.435881859953	0.941274034111	1.65367843924
-0.763614147707	0.374182784116	-0.729797173394	0.556901674911
0.795415657673	0.613593656177	0.471762147457	1.63277785472
-0.337341450896	0.0626575357355	-0.0567293532075	0.0923259685175
-0.149008653282	-0.203243290202	-0.364100844657	0.259059066428
0.60681879393	0.500082006696	-0.15606063523	0.618000015072
-0.758720049295	0.0510710644741	-0.431130290257	0.700762516973
-0.0128565694865	-0.540710720763	0.690938304151	0.110914968036
0.41102708327	0.676301967714	0.303549277209	0.744354825549
-0.0791074487032	0.284699049159	0.0653541499386	0.00661360227345
0.367203058536	-0.534678367101	-0.753204654395	0.908542040574
0.632275666941	0.534525775676	-0.95894184115	1.14473048356
-0.263728792263	-0.490856116712	0.348976547315	0.149493124441
0.787726570702	0.897182407874	-0.441151473565	1.12606885298
-0.475649600479	-0.346895455006	0.89558276037	0.882638118536
0.923053820848	0.319445938149	-0.524948107809	1.25477212506
0.0275082357825	0.582867053244	0.419436489596	0.437193026884
-0.289052340643	0.306778908605	-0.0654365597062	-0.0209165189844
0.827863458236	0.557506429543	0.809246202623	2.25293648374
-0.27730300721	-0.31303550631	-0.125586909955	0.218787878966
-0.260963959807	-0.145953976761	-0.50766615011	0.438011729486
-0.192143866514	-0.0780992447192	-0.351993929283	0.203315742566
-0.02420135297	-0.327851539685	-0.618159242516	0.593305464857
0.141112141221	-0.407163257726	-0.239892065208	0.117680394999
-0.152321722148	-0.961534143327	-0.152995413283	0.340182353784
0.028878694549	-0.213954821742	-0.410789629656	0.251293784874
-0.489956553069	0.566015768382	-0.165729932272	-0.103605055472
0.602948302651	0.00285270047977	-0.507002319024	0.620871712319
-0.394106052031	-0.943775400096	-0.740958046839	1.77558398147
-0.213511652149	-0.44542090206	0.0291175444728	0.128568046775
-0.614109034209	-0.735627712531	0.122252055467	0.753899095128
0.57410006554	-0.816805211895	-0.794454677099	1.1407359144
0.590158609443	-0.74823172796	-0.968414616127	1.56913719852
-0.768756980468	0.822046898472	-0.487825438098	-0.204008726783
-0.547965682165	0.911517148697	0.110862944711	-0.0858696595909
0.32722246083	0.9667275809	0.941252932843	2.21930177121
-0.764672521243	0.49550137374	0.480756869164	0.675170636361
-0.601076030969	0.198990881796	-0.833405237077	0.770407991745
-0.129616499767	-0.779303311175	0.270526142687	-0.0198265204154
0.646358107731	0.682779473198	-0.276410050991	0.746774259009
-0.122122459113	0.0124956272982	0.0978193752193	0.0241788429096
-0.439623229282	-0.963034892541	0.321370728094	0.410429013374
-0.182269263444	-0.818965484577	-0.753115733279	1.36645341922
0.476649554144	-0.516568896266	0.175400788755	-0.0788686917797
-0.293117541518	0.28199435435	0.956079729052	1.18695793548
-0.249481896413	0.376601258827	-0.0671511491203	-0.052493910068
0.773170125357	-0.302343993593	0.691765779707	0.633417364824
0.797345925874	0.583094965068	0.694471925115	1.98792325799
-0.274825778357	-0.331327546521	-0.159542868761	0.244901433557
0.491720694356	0.194988143124	0.191160152713	0.411485113589
0.45480535834	0.238896661475	0.338897757761	0.511312628829
0.319918590881	0.80591233541	0.408577903043	0.856388118402
-0.28425651163	-0.696725037545	-0.280610069563	0.553100465533
-0.516662647029	-0.33276105232	-0.17674198412	0.52891607453
0.253201800933	-0.8927814018	0.787437220799	-0.244894635895
-0.472202597661	-0.886529106626	0.373019531009	0.450047539223
-0.325477619162	0.0333171136231	0.146773877127	0.121524358704
-0.731082608768	-0.844006948179	-0.00365179017949	1.15461605419
0.400818752451	-0.496179822158	0.634169324079	0.0492862041709
0.537310790417	-0.805695684745	-0.00329220774674	-0.141542743501
0.0620113292542	0.342062134525	-0.397496690258	0.0470921850351
0.718829203288	-0.0869653560364	-0.882896707104	1.3104902078
0.376759516159	0.47654578924	-0.835052387941	0.620862685335
0.324147036765	-0.7288285482	0.855970262338	-0.0223467863598
-0.965352187299	0.389474807816	0.302324450005	0.765072318034
0.937914311973	0.534562841236	0.940800255683	2.76907937485
0.224158745596	0.989137551504	0.737364491578	1.5450322772
-0.789979846648	0.823227523032	0.203766548971	0.183002043575
-0.512524358842	-0.165195985399	0.949435447226	1.09193292908
-0.0500757075655	0.534667960566	0.745714916542	0.930534310395
-0.774603865965	0.228177322089	0.745021685249	1.14831847788
0.306130363171	-0.582627759451	-0.703741509621	0.820627203008
0.785681554106	0.6778493965	0.36157035162	1.52569263556
0.379724908325	0.00702449931493	0.790704228229	0.777625861209
-0.0116998921362	-0.733837577993	0.536590427712	-0.0971182247501
0.217275459473	0.633845603621	-0.795324842268	0.313356170057
0.0737380023863	0.630953483964	0.823078518691	1.24874504938
-0.352309673705	0.52702058584	0.524539587112	0.490032594497
0.470572542342	0.428414660411	-0.439812026661	0.428051392281
-0.0905409318201	-0.863546195173	0.097358178974	0.0117892675066
-0.701046459115	0.192353619514	-0.795816014491	0.836862352046
0.724369160584	0.0357792131634	0.200194025225	0.597868471849
0.642184549775	-0.85718012037	-0.743702638353	1.05251389765
0.601067985188	-0.464346785346	-0.753055988527	0.998951185435
-0.378691400908	-0.0810480158763	-0.273308669281	0.270948117865
-0.0532729785165	-0.902574500822	0.776234368374	-0.0471487106788
-0.157660252594	-0.208894560432	0.51988938204	0.219474030035
-0.0869874542843	-0.158534468715	-0.37390261832	0.220436947986
-0.994127362586	-0.537310327833	-0.285571778938	1.75743601923
-0.509059077709	-0.222663924176	-0.25466212584	0.494047103095
0.213459158185	0.775043317895	-0.815821093853	0.244272276194
0.616829484228	0.754542732882	0.297367847126	1.15870720191
0.326282607661	0.100764685368	-0.515082873025	0.352746306808
-0.75465122368	0.550284753905	-0.2500255939	0.0791529316914
-0.333940282044	0.280793280828	-0.0149778987527	0.0137665686963
-0.125550911128	-0.544758125457	-0.904031906735	1.39391032554
0.653448302147	0.485031195277	0.374608938516	1.06596637265
0.112780972447	-0.97742668694	0.659398955386	-0.307222738474
-0.781356778886	0.622887173576	0.280157176848	0.37681565614
-0.591558640523	-0.280423338958	0.510454267284	0.633248743314
-0.245601961475	-0.740708343598	-0.23391323457	0.47021663138
0.0950046279239	0.24922279081	-0.137496083431	0.0173412131588
0.285217384255	0.639990469035	-0.541743378969	0.210660653262
-0.0546376955852	-0.904434631576	-0.475432334537	0.708434874904
0.72534720067	0.381608730693	0.0431847963776	0.821272008048
