-0.0698437091789	-0.787082817606	-0.256499135885	0.327528796421
-0.989955844303	0.221341593544	0.281012122984	0.902061653924
0.764960504991	-0.434428321763	0.450486036832	0.260077842219
-0.478509083801	0.134131628728	0.586853499049	0.587900385507
-0.225708197787	0.563674351405	0.13389195108	0.0171167818012
-0.485493486059	0.763883065382	0.028750672879	-0.112367574027
-0.915151870772	-0.854321395202	-0.0706974036049	1.684733197
-0.620550858796	0.934628744646	-0.724696065461	-0.34703868841
0.722017893683	-0.68519611015	-0.265730491672	0.279276180034
0.349651816961	-0.165372979376	0.0258731505923	0.0608241303111
-0.818331080358	-0.854704246146	-0.961967202917	3.11667515869
-0.792812793618	0.563450953716	-0.329534338054	0.10475744394
0.99835142647	-0.309220948154	-0.647847385881	1.30802861436
0.89506255529	0.23140731536	-0.226801528355	1.00721640135
0.0229813063961	0.416527587922	0.157106114499	0.100221850697
-0.993608012202	-0.101334792501	0.487915618855	1.27656276678
-0.699866032442	-0.294852677476	0.670321549159	0.947854712634
0.968067963771	-0.160585368755	0.136572170017	0.778418496877
0.355201098149	-0.0843624233018	-0.755807939026	0.731209624709
-0.153102351775	-0.67464215527	-0.432746950548	0.60594888931
-0.809637287002	0.600342529211	0.268359428394	0.402577200669
-0.188822301427	-0.688792967193	0.0504871603913	0.133487087141
0.495865234458	-0.5058674789	-0.111058392737	0.063555030457
0.888990728387	0.767176358152	-0.286729145939	1.33455896577
-0.103326362618	-0.965641102416	0.452599475258	-0.121749851319
-0.320343089315	0.0174416545242	-0.523538736951	0.361993808687
0.810609755377	0.982250201515	0.129294641819	1.59702656347
0.490281624888	0.0559015469679	0.583012466936	0.64027840839
0.392671550232	-0.323014153375	-0.511711905826	0.454491740606
-0.78968662259	-0.284957432918	-0.28632135774	1.01220135367
0.484770996273	0.005071433525	0.711730876804	0.747631739535
0.496506746859	0.386805664769	0.914878330813	1.62945305308
0.0862266719813	0.641961714355	0.708391384542	1.01936776248
-0.829461573612	-0.730712375683	-0.545979098919	1.99115119999
-0.156703912897	0.823902373329	0.506916663829	0.570061737047
-0.774098919498	0.143544358314	0.260967144883	0.593675816559
-0.326970220317	0.0744379774531	-0.00848544589031	0.0820108864482
-0.561639984211	0.825187439443	0.396797484283	0.336861754971
0.224923234512	-0.395626153719	0.553503552964	0.0489906486861
0.36133571244	-0.386616462012	0.848812736725	0.383183247185
-0.258055306598	0.117293445571	0.21095471474	0.105569842227
-0.905607063489	-0.568781790262	0.787725307447	1.50768430968
0.893337007476	-0.828905563091	0.861997228777	0.0860839178306
0.964897128818	-0.950866835283	0.965541669072	0.0277069534591
-0.734422412318	-0.665112507289	-0.820930828976	2.24778859971
-0.63321783341	-0.269069656088	0.212413513857	0.55930999896
0.556960303197	0.155547039264	-0.949213239866	1.15019677113
-0.640555801144	-0.507936230232	0.379410277697	0.686909165923
0.519449053518	-0.218475696754	0.552449802836	0.340844254363
-0.597662878033	-0.924539445995	-0.78914613593	2.2621121771
-0.176965169737	0.55856372715	-0.559249931877	-0.067145893537
-0.541930258503	0.157787924366	-0.567137652951	0.440335998746
0.964133143041	0.953630154311	-0.803249513409	1.72818597885
-0.29260841363	0.890017277862	0.661809477902	0.852206794975
0.144456477747	0.850278111339	0.696679958025	1.22143053786
-0.755355455167	-0.935922092921	0.238676682509	1.1110995007
0.37982796113	0.0739901748566	0.413540831375	0.373986794953
-0.233590786521	0.895265730925	0.0414007214555	-0.115782503793
0.604140770116	-0.764280752919	-0.631224032553	0.784129065596
0.571794902391	0.322949256832	0.283962699238	0.683950506434
-0.406920489327	-0.9755264861	-0.565886283317	1.43481034285
0.529261622624	-0.0971671807794	0.815722807368	0.814833218387
-0.0379098353566	0.831269019446	0.382248088014	0.433788478051
-0.589042207839	0.129958833043	-0.420022846329	0.392252997151
-0.418694478986	0.732632697955	-0.186722787262	-0.233378019144
-0.0634243776892	0.0788056163282	0.609630877763	0.418716598688
-0.0199033837963	-0.750224187547	0.476924424781	-0.115015187526
-0.383719536535	-0.219095996847	0.207360643367	0.228878646638
-0.526198322314	0.67710539702	0.0901874913899	-0.0102068287689
0.993328396101	0.0470944929948	-0.788112784533	1.61748758883
0.243089361945	-0.0619576466177	-0.776563289972	0.695195770336
-0.750056845855	-0.409198812266	0.150542935934	0.83056882745
-0.685000789475	-0.193089032114	0.988127071337	1.38709083032
0.314710143382	0.939877807895	-0.297671398859	0.203665073898
0.291041538795	0.183926475464	0.897192062683	1.10820639299
0.0332018777556	-0.965710250835	-0.0149475037076	-0.0163026435872
-0.287928660126	-0.396026217066	0.0664336230072	0.175034181237
-0.397311593476	0.965636467617	-0.861292511493	-0.315672729387
0.711124808328	-0.919103037416	0.899204489866	-0.165791341596
0.280627782543	-0.463204037125	0.84912518298	0.276459394121
0.56460037445	-0.74346929424	0.154757841397	-0.192097172739
0.915426517888	0.156164533451	-0.661453340569	1.31518783415
0.664234285918	-0.538230969393	0.139955369209	0.0279549143048
0.75956645287	0.624784636976	0.0186080113776	1.06347890456
-0.894179446892	0.662341764677	0.602338885233	0.969070823294
0.269022544399	-0.439269126645	0.629220272246	0.0737209428177
0.282982655968	-0.49576256218	-0.830949778682	1.04221830302
0.779976597784	0.801615119389	0.497319097449	1.87958931901
0.248055205356	-0.87467048104	-0.91243758313	1.47518938197
0.161304888107	-0.138284361128	-0.256968702016	0.105280990133
-0.356850993446	-0.797791404949	0.431252842581	0.253964490006
-0.369231391695	-0.261345360454	0.624791037676	0.459906333577
-0.716832480703	-0.558157986378	0.341089327662	0.839914776532
-0.755105196104	0.741472641591	-0.0436593712312	-0.0201720758716
0.459040911689	0.186548293441	0.83811882814	1.15514466447
-0.893602065108	-0.348080667735	0.696769569094	1.35252606983
-0.986463755412	0.102564051379	-0.358981622069	0.963984216902
0.0466807936261	0.811942436005	-0.94383803129	0.164569292774
0.960844273789	-0.00102631080119	-0.664447180738	1.36440757893
-0.692198677807	0.444131652222	0.787971035819	1.14257289845
0.590866719424	0.590041812805	0.110441613461	0.775122070177
0.638423808938	-0.257382325965	-0.463300070171	0.577158159624
0.273618153876	-0.629298486732	-0.405919826675	0.322895042303
-0.394112223437	-0.164139319928	-0.69695685416	0.820160637615
-0.378265722527	0.570246614512	0.598492725672	0.626862202488
-0.67750362631	-0.362548946316	0.194605038918	0.671956658872
0.677396741516	0.166972354828	-0.11615124062	0.566069939035
-0.175220147509	0.298971402144	0.449320087227	0.314538684184
-0.104911642846	0.150457309329	-0.33729274348	0.0582399654686
0.957987081155	0.197996761399	-0.607626323491	1.356319292
-0.359069378515	-0.358384883048	0.490197496575	0.322230068981
-0.820707944425	-0.618037589072	-0.446134527306	1.65555381346
-0.40173277997	0.984257135847	0.746936767771	1.05907324987
0.949097209774	-0.858010878568	0.38474173936	-0.0956366090075
0.139926082832	0.972595912691	0.608415512767	1.11758272201
0.293431251835	0.574070779849	0.0220491437504	0.267696141014
-0.68324889653	-0.330119972999	-0.0580520558731	0.714917346192
0.996685368215	0.38694836881	-0.148324909119	1.34365369769
-0.400633920748	-0.558294478688	0.307129021814	0.3070390433
-0.186344583833	-0.877903420847	0.304328545052	0.0237616440984
-0.209638238457	0.736003221545	-0.226625162882	-0.225784113353
-0.107157008354	0.0607104952381	-0.447684768178	0.178219557066
0.897666075433	-0.428874568071	-0.963004821877	1.7612047966
0.125201413166	0.259320738709	0.288725825691	0.206377913632
-0.440221408558	0.273924849059	-0.43692868613	0.144428358027
-0.285607588806	0.716842631083	0.454766347639	0.409644335481
-0.457496989194	-0.436821212145	-0.0040489108215	0.410932928306
-0.820533187944	0.702497074861	0.574503674068	0.830494170208
-0.098282622878	-0.252587912338	0.526821122728	0.178956324279
0.529809003673	0.112275891724	0.213293472415	0.409624178893
0.741525136627	-0.574561336975	0.718178061952	0.226950235557
-0.89881659263	0.908160285492	0.448503119913	0.600069503816
-0.600062739572	0.954306928245	-0.709397688032	-0.386306787117
0.607492828952	0.8017124067	-0.000819929176233	0.85542540007
-0.418349087085	-0.375700591014	-0.322618195482	0.557480304704
0.432506241535	-0.433553213009	0.348765355446	-0.0300238889775
0.242383975481	0.398394813079	-0.734123853945	0.401781207537
-0.686689010005	-0.532323851023	-0.455695274579	1.28731838145
-0.4337298477	-0.236675603566	-0.209433806018	0.384205245824
0.460173956755	-0.23383505721	-0.880588528515	1.08550389247
0.919567786413	-0.936978982075	-0.746894990136	1.24166625921
-0.251981900321	-0.311113924708	0.626598709177	0.339572314766
-0.845061298016	-0.463297732217	0.155931095329	1.057715564
-0.692545982939	-0.052434499706	-0.531725249987	0.826545729561
-0.918146262651	0.20630479452	0.667685417858	1.23712510372
0.599036061735	0.275549044663	-0.879928073769	1.0557180927
-0.591352370092	0.493061791589	-0.125351744197	0.0120312707564
0.325506471302	-0.562112701896	0.0845466698306	-0.117393476844
0.57484226273	0.65735420624	0.935855715297	2.19933321709
-0.0865577235135	-0.0892110798756	-0.0363927613564	0.0197852181055
0.833419706018	0.579818902649	0.266061947191	1.40287761177
-0.44857031018	0.825035097444	-0.668602900614	-0.273461946945
-0.516626586628	0.8760695604	-0.0828657286797	-0.251427210134
0.11202584852	-0.98496027023	0.254434803388	-0.28366232282
-0.51453897478	-0.418143680535	-0.258391106168	0.654712149158
0.77638128886	-0.897231251751	0.342614771502	-0.2838454486
0.910629491259	-0.454215646303	-0.919712113695	1.67924191165
0.639617653249	0.947270894173	-0.181437131457	0.876051247589
-0.522317827381	0.693171031862	-0.227794625462	-0.19524991876
0.325166870285	0.0149131597372	0.540573755794	0.410864407232
-0.505455753781	-0.0423904094284	0.275931026209	0.341353097431
-0.921519345151	-0.970142865161	-0.482398177897	2.44390647378
-0.351697043697	-0.477706834768	-0.0824832408526	0.337905185017
-0.420780384033	-0.722532265643	0.295792425509	0.354857123425
-0.836954342318	0.135911630376	0.798762940303	1.33332415021
-0.0622499335186	-0.0947793308043	0.996366429142	0.908086178997
-0.143297953801	0.117865630875	-0.0569431680657	0.000175281796986
0.0855136162066	0.789143111178	-0.373733497444	-0.0804574281146
0.242301696726	0.255314935104	0.353094471091	0.335399351698
0.010938105617	-0.432327856187	0.905937703931	0.424451812426
0.208090070433	-0.522950642347	0.478103131512	-0.0869610939566
0.25557575224	-0.721781065723	0.410904204669	-0.246891383033
0.285776439961	-0.893491280924	-0.594950609795	0.711878826765
0.75794508913	0.0646424614654	-0.303862438415	0.696166159867
0.39733668552	0.967200805725	0.551059869909	1.37883333444
0.510575218583	0.951376898141	0.612858518231	1.705091521
0.47891652479	-0.982661183996	0.952308972776	-0.270156324657
-0.265493361898	-0.142372169353	0.0419584387839	0.104072387727
-0.109347976262	0.428465240433	-0.50862078587	0.00587394948458
-0.510435461766	0.0417768992351	-0.370565324605	0.361057539349
-0.257766164313	0.0730829306953	-0.860263337798	0.724787533207
-0.208245218618	0.95852844871	-0.0417750525176	-0.194540316548
0.791078126593	-0.202506157866	-0.502962184414	0.820430308853
0.665425694842	-0.0224865476873	-0.795376881693	1.07833789285
-0.581228369034	-0.12015099475	0.0480007644369	0.404198317477
0.0270143433621	0.490163407236	-0.995058332893	0.516371120344
0.576116752564	0.915565900625	0.38602804437	1.36183513116
-0.684667590575	0.461852310789	-0.693392204409	0.313102358001
0.856114004592	0.59373767534	-0.240884950344	1.15624141663
0.280543640928	-0.281520145136	-0.887802045966	1.03785268161
-0.322317175406	-0.685967367964	0.201092389481	0.227482758002
-0.375388469896	-0.834782498127	0.654098693354	0.336099187386
0.501251285246	0.728469106291	0.425504678661	1.1074201713
-0.556055105791	-0.514043815369	0.375423523645	0.542992650444
-0.278634620543	-0.720983901184	0.959380543726	0.507241428033
-0.0464410659052	0.44330598033	-0.506969113566	0.0138444125771
-0.269689061027	0.700200421744	0.166191504339	0.0278827729092
0.681952984364	0.876940563587	-0.39451162225	0.872768283064
0.0843400668252	-0.183740374074	0.41218225035	0.0857762580816
-0.115706312371	0.984267074267	-0.217000456173	-0.266995168962
-0.811652928179	-0.80534847718	-0.551397652609	2.06055055668
0.393828558052	-0.561353950057	-0.834475517313	1.09880923329
-0.358224656519	0.781980436991	-0.669942739412	-0.226858610941
-0.787388539803	-0.618573635891	0.67993538914	1.14876053211
0.146774462481	0.217325079574	0.823869923845	0.911249762749
-0.974499842452	-0.565923508384	0.1389561865	1.44181256189
-0.739466590525	-0.556518211108	0.677598287836	1.04038111532
0.0311628254493	0.423188209849	-0.460467375864	0.0313247017553
0.0407200415114	0.505532226794	0.74817873353	0.960243293549
-0.145084567677	0.900758931285	0.105788060982	-0.00315603374994
-0.909785845538	0.883879024652	0.71129121785	1.15820024341
0.887351896616	0.352951076934	0.194825442637	1.20730599885
0.591204913802	-0.3909014084	-0.314368675552	0.340135238843
-0.0977647435791	-0.560934425219	-0.534620891731	0.650104315822
0.0467226605823	0.0796852913774	-0.62511534858	0.346862816168
-0.518019776204	0.237022739564	-0.334242385885	0.178056948575
0.0815409666911	-0.0580887186301	-0.0487414840252	0.00711938159411
0.440416193701	0.687790390583	-0.0485458612842	0.465847773313
0.873413483994	0.0184656173211	-0.278262422805	0.851270921712
0.529920403961	0.0953121860191	0.106877290075	0.352932969939
-0.673736001669	-0.357244965942	-0.552152478738	1.19673504815
-0.806764261425	0.322379316887	-0.399741147921	0.421709169168
-0.909706178172	0.0150235867489	0.875791537233	1.59406662774
-0.893061979185	-0.98567100355	0.749429266228	1.50077852407
0.301040535989	-0.729358586423	-0.973019973954	1.527507247
0.443129027082	0.126190902794	0.313450507154	0.390088009538
0.19066520398	0.168142235761	-0.706866196155	0.449217850349
0.191673963198	-0.164875533724	-0.967756100423	1.10124773466
0.897646727996	-0.377560110519	-0.198577170734	0.581261761718
-0.228893080794	0.703225611323	0.0493099620482	-0.0714639336707
0.625808748817	0.560565532679	-0.14046423607	0.683434197032
-0.818321903021	0.258111789726	0.491358280498	0.826690530993
-0.191538510872	-0.156495667512	0.559428217952	0.292073786907
0.608482999276	-0.156706074864	-0.166110318031	0.328521711659
0.80137894741	0.269438591863	0.59521349714	1.3727832262
-0.684748948091	0.465019991776	0.341546745505	0.425939415854
-0.138169408933	0.34275687029	-0.677396991662	0.198416482896
0.21402993159	-0.98400887886	-0.934915586577	1.62923385079
-0.649343858767	-0.685369539437	0.449708401439	0.760709154687
-0.706467560698	-0.774456363531	-0.98170503173	2.77025719059
-0.181875293066	-0.749027527957	0.906014432607	0.311540624733
-0.047359931378	0.865920713785	-0.210632706828	-0.176792069141
0.831246111172	-0.834856620422	-0.301234587003	0.339228743893
0.0511052132987	0.00768767453781	-0.667705504928	0.443702161776
-0.451139068863	-0.0823916448514	0.101989000714	0.242695264136
-0.892088698474	0.265809266093	-0.97964473418	1.2580019611
0.761462672596	0.0818996101365	0.0618735779736	0.651084659341
-0.811166635863	0.637882376561	0.457057541466	0.641012956652
-0.509580485674	-0.0695189897799	-0.207710309398	0.352681175461
-0.596364504656	-0.474729340828	-0.454934738122	1.0616988349
-0.606915800546	-0.10581562701	0.166251959815	0.442615623703
0.663783493593	0.827304321527	-0.587819982946	0.848985799354
0.394787302507	-0.775175424569	-0.997912605761	1.61921449598
0.992204201872	0.879821385067	-0.0937301533668	1.78375120167
0.472100405606	0.152004602635	0.677862602041	0.857176170241
-0.950916160354	0.992143805081	0.899055089524	1.66108795787
0.985431824478	-0.0759654928653	0.545148486695	1.15199146553
-0.82320250267	0.592040397286	0.700196501162	1.09511297864
-0.7481459297	0.995531849783	-0.577192876433	-0.426543044527
0.784212460004	-0.135450280025	-0.904688248215	1.44976848813
0.891677414134	-0.595485736673	-0.590113124532	0.963744877475
-0.289748313216	0.0942390496628	-0.14973764589	0.0649587084819
0.0642214428955	-0.699711136952	-0.0580757894562	0.00319700889324
-0.877419439838	0.425565819744	-0.660933216838	0.552027281131
-0.75032738152	0.182517031433	-0.261692991974	0.446763447187
0.568521574946	0.969554477539	0.289709798236	1.23925061901
0.851074803721	-0.776928277923	-0.291223104206	0.374174601156
-0.950347827197	0.851264578254	-0.0108657462367	0.0850319898985
-0.818309473827	-0.397528535319	-0.948791169696	2.27230800923
-0.839042191623	0.957481697068	0.338271533188	0.338940689609
-0.487194668537	0.860139597154	-0.814316235178	-0.219011488488
-0.830955595374	-0.966680068244	-0.339727000354	1.93757716778
-0.263629409133	-0.337046215984	-0.193782735065	0.261221246116
0.847947417167	-0.691760030527	0.0434346491677	0.104278905609
0.0945472938156	-0.752733646969	-0.312978939364	0.27131585642
0.0445119746817	-0.238304928678	0.0892339673166	-0.0219283003557
-0.520506415549	0.736577951222	-0.55541053813	-0.213088910932
-0.330175940069	-0.387874565667	0.138119465655	0.20258695979
0.637925872158	-0.595613137113	-0.842319929819	1.23819206843
-0.960959035252	0.237041668948	-0.837277545307	1.19821895509
0.454206454025	0.971096851715	0.00365404807912	0.650943747064
0.588975761741	0.00828983802933	-0.907347506152	1.16753269465
-0.119166914756	-0.860031645929	0.451358459711	-0.0677700284464
0.109936061565	0.111329438117	-0.342155558706	0.103303497849
-0.545779236249	0.541721879881	0.648942737801	0.774887577661
-0.50446101851	-0.982603021172	0.53591339712	0.510778886163
0.322915292925	-0.657280892631	0.766993688146	-0.0238227439049
0.518110394927	0.21407622803	0.661926052549	0.959202231988
-0.653126442553	0.332877117902	0.124747266007	0.26625069289
-0.251989935795	-0.721891338131	-0.485517018475	0.831625585069
-0.71425499404	-0.764148196113	-0.0733835128404	1.11741788069
-0.842734376367	-0.833217055777	-0.563638940885	2.19970431952
-0.73522459131	0.407164144493	-0.733673599878	0.480749475462
0.798816503438	0.30071267899	-0.327999789708	0.887272223513
-0.403053089965	-0.523972253327	-0.127996502721	0.457090149748
0.370472418324	0.470313782782	-0.352940271011	0.270062258164
-0.802109404448	0.297026539426	0.979109166958	1.65460788446
0.506999703896	0.167169066376	-0.0104593554166	0.34016428434
0.29909971759	-0.641874726172	-0.469362002024	0.419048387206
-0.752674103524	0.713304942412	0.301540195049	0.335648748742
-0.851923642447	-0.651385832805	-0.622604381019	2.07389677238
0.222484911748	-0.765441890679	-0.152705805178	0.0194067476274
0.654673210982	-0.759546677685	0.860436768823	0.0181516948315
0.453544061622	0.388772176698	-0.112943868364	0.350874411751
0.160014067178	0.350006838747	0.91468497182	1.23840511261
0.794202881891	-0.838806740586	-0.121665557442	0.0814318844281
0.575630420669	0.232268094133	0.771065625321	1.23868710373
0.11272656631	0.931055346385	-0.0706848268708	0.0568468097775
0.61204602812	0.0614675623475	0.38861623374	0.587131187633
0.931019477467	0.197981986845	0.0557297103135	1.06526163275
0.0297686267335	-0.770328015439	-0.54331016483	0.691667540233
-0.162577368767	0.304505637366	-0.320960831461	-0.0177928516841
0.691033342258	0.114727552165	0.877104436478	1.42674788141
0.795982265151	-0.18692421719	-0.503845271419	0.832840345101
-0.11045712472	-0.191571755616	0.737878691716	0.436469488989
-0.0775537787012	-0.554063950295	-0.0437664101248	0.0751492303175
0.162862253875	-0.92363713971	-0.026867310393	-0.0983640145078
-0.720642946023	0.611758799245	0.634307894128	0.868856532526
-0.379328690348	-0.999150879974	-0.675272310282	1.65358846615
-0.265699571682	0.956209898249	-0.768644713225	-0.327639285865
0.871044013904	0.730713566182	-0.220922345839	1.28257707957
0.589744239028	0.915126986708	-0.598908860445	0.698103298204
-0.312665070152	0.724490301503	0.0741528171097	-0.0695417277404
-0.282628677026	0.246442185738	0.681006010512	0.641825136244
-0.0534070219625	0.980505815853	-0.127539473668	-0.158300463985
0.126109314955	0.45613086698	0.397275288675	0.412463087329
-0.230297739874	-0.529058215942	0.00232440013018	0.173653620234
-0.0745683058447	0.847853264573	0.549622408503	0.710421395952
0.449424511327	-0.54670485294	0.911512954706	0.28880714075
0.979908057535	0.650604720257	0.82568821016	2.81671027626
-0.266115136567	0.0937492410085	-0.91245088769	0.792894218104
-0.615427817698	0.557007985363	0.528056946821	0.608929265116
0.229762414879	0.358348413155	-0.704871381807	0.379379887807
-0.16093195412	0.755200023503	-0.667649931712	-0.154089534483
-0.371425530929	-0.634907242137	-0.513052129761	0.962740685159
0.934164039339	-0.116725304743	0.104787556763	0.762370942779
0.805174587816	-0.0685260478328	-0.105621424231	0.611524388572
-0.81179294182	0.711488609283	0.197227394574	0.260650039035
0.349093221149	-0.289277371629	0.586485814614	0.195189843379
-0.253091010454	-0.659563262082	0.164983413777	0.149387120272
0.692912933202	-0.184728609699	-0.276927705748	0.479972914487
0.128463575996	-0.806843685339	-0.366041269174	0.342177162615
-0.216963459671	0.78759372974	0.596494345639	0.701794793243
-0.906308346083	0.595958098315	-0.899653379215	0.554493505475
0.216210601322	0.834463628944	0.766008929716	1.45314317882
-0.087707022021	0.730518071586	-0.140924675798	-0.139467301034
0.749440951289	-0.457184222639	-0.069692287456	0.255748389936
0.925777185982	0.896693348765	-0.229410829134	1.5341198071
-0.475688443317	0.242895505606	0.730898918318	0.822482201266
-0.217873072633	-0.464753192455	-0.0131417848407	0.155006274803
-0.378613293377	0.531160843591	-0.249700676296	-0.128037324507
0.49490026894	-0.94590028745	-0.907966540523	1.46004901993
-0.0309520834982	-0.655795370585	0.130408162033	-0.047258515682
0.631715352852	0.1219433814	-0.520377072028	0.683433550564
-0.602622013412	0.77818837955	0.242711131702	0.14198351868
-0.604913661254	-0.0941529349285	0.711048432783	0.861517511097
-0.67154381612	0.918272046939	-0.218329827289	-0.318507081597
0.510454442772	0.225905813489	-0.521944191153	0.530393875869
-0.102452172564	0.390748755979	0.566158587983	0.512224699375
0.934941385676	0.492776196542	-0.0118211144297	1.32914682961
0.942100264223	-0.758131617627	-0.673790158209	1.13813171045
0.110835790772	0.519829910395	-0.158008923415	0.0127293870798
-0.435715327738	-0.836785277036	-0.0120366511865	0.564664991525
0.66952233251	0.594279307506	-0.721454172036	0.937894258446
0.30111575291	0.964578637296	0.8099521619	1.81840557643
-0.338506434808	-0.982271720945	-0.135813191172	0.598942584592
0.365156398567	-0.934762970167	-0.797658812407	1.17388601739
-0.167737153984	-0.634688008455	-0.451373508237	0.624815909984
-0.124946703399	-0.565190497422	0.902930877578	0.391186585984
0.687037962568	-0.247034199119	0.8777879595	0.855967345434
-0.276144670153	0.846923468901	-0.505451014464	-0.330215121617
0.0716758142299	0.828003722704	0.950962885219	1.75621648153
-0.15655650302	0.466090241918	0.810379530429	0.985965454992
-0.121255451279	0.149628451831	-0.00676432129509	-0.00440675986651
-0.978445392163	0.15712197142	0.328292739599	0.962978241823
-0.779355827882	0.188762856138	-0.212323821898	0.465284628732
-0.0503410084671	0.4828142768	-0.985974784141	0.47433243215
-0.318371001889	-0.600980544532	-0.29901665493	0.561809024952
-0.132842795196	-0.870912685931	0.779678891975	0.0622086204232
-0.83408301067	0.832344415716	0.392985806593	0.482987518271
0.600930744353	-0.395632017664	0.199704930756	0.0842427113196
0.24272234085	-0.919958306523	0.249816511645	-0.3317927844
-0.930663186994	-0.083361248037	0.11944306286	0.948024934872
0.689723973288	-0.0901756330041	0.883538566873	1.11448961304
0.716262217365	-0.794219723492	-0.551970943146	0.68722011572
0.937638003446	0.70573673385	-0.36165011886	1.41645164238
-0.123633837468	0.278102035864	-0.051659954068	-0.0307954836792
0.323483197951	0.981144117459	0.907661350136	2.13642073698
-0.183405521221	-0.0538038069286	-0.195493900482	0.0922416816704
-0.772352685754	0.595291334999	-0.62626277169	0.156150067584
-0.337446074533	-0.0114863813976	-0.608642172296	0.495182277554
-0.292588321459	0.46993209994	0.133893863133	0.0289598723889
-0.607256884388	-0.600084033703	0.425065847929	0.658771830776
0.390708188318	-0.0948707030559	-0.172112892049	0.161537446587
-0.531623525171	-0.843101822308	-0.124405934868	0.851200042394
0.577704601568	-0.175441019126	0.244400886122	0.249243375221
0.988447272285	0.980439959647	0.124032185463	2.08313130778
0.932743246758	-0.250685035045	0.134465648934	0.620557675699
-0.0545837868849	0.0740470741411	0.758976731941	0.631183306045
0.064904838623	-0.0790662374809	-0.468026613051	0.255134870551
0.510625056525	0.0478849145253	-0.97863842959	1.19606034386
0.0196079255367	0.0196242766664	0.140040784577	0.0231288825456
-0.570007916793	0.63661214966	0.534261665655	0.587588054816
0.119849370974	-0.874731144065	-0.032769933034	-0.0607333561397
-0.866515458664	-0.845409282226	0.279873273152	1.3251308381
0.373443004918	0.519984294729	0.309514826827	0.590386452417
-0.542537935455	-0.466007807164	-0.884139898554	1.74089378058
0.496491284184	-0.432672612728	0.866680229597	0.40783123518
-0.19585022745	0.727936278166	0.452095198101	0.429277389972
-0.946536481511	-0.57343790575	0.785796811576	1.60558215961
-0.0376071416582	-0.352833439247	0.116382164366	-0.0128353569025
-0.152166981077	0.33154243769	-0.103297926968	-0.0508722065115
0.3606003012	-0.659377945698	0.957862335619	0.178167646277
-0.843801275748	0.42232205639	-0.772631981233	0.626305354272
0.257463669919	0.206652809845	-0.967545192097	0.8556908983
0.46625063163	0.858472532305	-0.882020200864	0.638422531272
-0.683867272214	0.876796700838	0.196864351746	0.0794274650288
-0.225005783973	0.515080616023	0.383330470254	0.279119829188
-0.45329675602	-0.816942992277	-0.457194698804	1.15832455518
0.516667415608	0.0825595131407	0.254735723022	0.395522174496
-0.570725206245	0.72516550914	0.321746621444	0.248697467242
0.766665169757	0.239369002567	0.0892559300373	0.800623083499
-0.0378418764285	-0.509245369136	0.218365388141	-0.0428153120101
-0.243712006904	0.899708411208	-0.240546332085	-0.318433220598
-0.0815160774659	-0.807089147933	0.234143426966	-0.0617158621825
0.296170852279	0.262649054702	0.0410764250804	0.177982125036
-0.819748843375	0.444291465363	-0.885123018733	0.697970906633
0.531601871625	0.660673096248	0.047195205986	0.667223594748
0.64318475066	0.963497802343	0.805272560769	2.45773595696
-0.71494245762	-0.214247583461	0.344024773552	0.70896398
-0.187359367359	0.569475586194	-0.480914258949	-0.114183458082
0.729774871721	-0.604742560142	0.454945651179	0.0230959868512
0.678243192917	0.126988621742	-0.25132850777	0.577393155025
-0.0272279006763	0.750816546914	0.833917479533	1.30183560527
0.152828923018	0.0667621023592	0.822992257984	0.765820809983
-0.577462317973	-0.915045896779	-0.472134708504	1.516803364
0.534461538502	0.947235464044	0.00102749196603	0.792884392144
-0.790406529743	-0.396152353455	-0.170951047426	1.03481080958
0.27760915409	-0.16294638393	-0.50253934034	0.36626419151
-0.77108596077	-0.0524424970865	-0.585129021527	1.00807283099
0.0705761324814	-0.692947489191	-0.132015171344	0.0649830236595
-0.615625743538	-0.969167468245	-0.377511049325	1.48402551963
-0.752524560983	0.227847013777	-0.494114624793	0.52639946158
0.898622521766	-0.213734576434	-0.829524406494	1.4808645212
-0.00680418734225	0.621627640486	0.00545764481749	-0.000760965200143
-0.325872410183	-0.37596023228	-0.319020199025	0.450420690258
-0.0618623479729	0.89569108344	0.366138594601	0.410421941561
-0.00422536773724	0.830738858771	0.0626401819812	0.0524691022515
0.779471219633	0.378228787876	-0.578873569458	1.01854179773
0.0464589548783	0.632320302694	0.00554506706897	0.0350723811562
-0.132332525553	0.226849604782	-0.0180282619598	-0.0162723696735
0.515604342701	-0.553844347522	-0.606866505931	0.68467982748
-0.827953007897	0.786478007653	0.97581417645	1.7540090475
0.339652847495	-0.193320737351	0.371180409691	0.115720143937
0.277380729863	-0.394837530407	-0.655015782088	0.655090235498
0.789048236247	-0.304244115624	0.398912909142	0.42029844013
0.377681095658	-0.916443904236	-0.187325011662	0.0032829971992
0.0767189049369	0.291376601601	-0.440287582273	0.0938035398278
-0.0118602946833	0.130493729445	0.0831618543813	0.0163609670544
-0.610320035327	0.801187193911	0.100111286024	-0.0262599010519
0.295118152833	-0.57966999279	-0.865790547331	1.16748965878
-0.595122110998	0.927799412223	-0.530231353039	-0.408786667733
0.543461842089	-0.610461541252	0.145255908426	-0.103985646727
-0.49655467175	0.116245504628	-0.343694181451	0.267017080446
-0.341810113787	-0.397350371026	-0.281133753313	0.44339731786
0.608161487883	0.380957271077	-0.237644008802	0.56748639798
-0.20752998404	-0.736148106666	-0.822214532745	1.47714990851
-0.655626583488	-0.893696636102	0.0161386861749	1.00161485682
0.683649013089	0.0415596608503	-0.0751456622351	0.498312036538
-0.30813494176	-0.502802819102	0.106412889437	0.207697261955
-0.24590128	0.263690989132	0.668214123768	0.618337646206
0.831876949139	0.456684208762	0.776257451793	2.02900447645
-0.278410188267	-0.71304878092	0.881054279815	0.424054242104
0.818236000478	0.648582243796	0.0452830687059	1.23162384424
0.409321104005	-0.911460781537	0.147423977482	-0.318173711769
-0.152979031446	-0.451690550736	-0.0714653492304	0.12988928612
0.544315875009	0.0281831692489	-0.269977052378	0.376899118067
-0.440893566996	-0.334986425902	0.332870222256	0.341376076452
-0.933841363847	0.492026457338	-0.258987099651	0.35223084751
0.254205354682	-0.361571619576	-0.355726060795	0.227868398807
-0.896749249278	0.392941074073	-0.211772390872	0.413423077702
-0.8063759409	-0.798779503822	-0.87342061614	2.75489279112
0.560172196627	0.0491297674722	-0.329252772933	0.433545295949
-0.877695393763	-0.761486825763	-0.313899774514	1.77626629496
-0.028038139499	-0.938960187851	0.166692721604	-0.101618531757
0.433272683703	-0.485354578221	-0.862410435096	1.13976094933
-0.351402434547	-0.890562879514	0.931423952016	0.474488616617
-0.0272052454144	-0.631004665169	0.361983569955	-0.0794744542872
-0.915650912658	-0.761057838401	0.549724332706	1.41910472777
-0.520777411509	-0.721240309345	-0.292110360926	0.942825003753
-0.954591774607	-0.777873508111	0.1164507869	1.57677391232
-0.833256935258	0.306002793446	-0.523148510422	0.552937628688
0.00933297724678	0.678161553145	0.648745473509	0.867241298118
0.631161650547	0.273323451342	-0.731253459496	0.905739212474
0.882418113191	0.864867423397	-0.765082895658	1.46549297098
0.282462487127	-0.311341571669	-0.0440394954954	0.00749354486099
0.509700208482	0.758493865294	0.210453905152	0.850317625978
0.757140638117	0.830103183598	0.699905901436	2.27262918789
0.698238447111	0.851804116605	-0.892921404803	1.11901381939
0.717419862477	-0.0510206601702	-0.659487459135	0.94665921837
0.817499362541	0.562723946485	0.5126594867	1.67963719415
-0.97318425357	0.935705041828	0.419784381546	0.605487467986
0.513474027694	-0.64895973631	-0.843915907649	1.19029311158
0.633116082166	-0.636827127123	0.567640968425	-0.0416224203696
-0.629608483891	0.610136365442	-0.412634265837	-0.0692363228966
0.165842054581	0.927124337356	0.711800594426	1.34784753269
-0.237193930504	0.0668222059964	0.136628268144	0.0682082249176
0.687166820456	0.933252737741	0.891376898422	2.73993126146
0.743512838226	0.190507646837	-0.677426448093	1.02430789586
0.967987837413	0.266504490957	0.961807032369	2.37637222032
0.0572349992538	0.148122529737	-0.919942839104	0.721784204696
-0.367496834872	-0.62726387104	-0.592374397462	1.0880538953
