-0.00243117359243	-0.404319701288	0.669232140669	0.178276800883
-0.253105851819	-0.551591772183	0.233361248739	0.129411005242
-0.573434390405	-0.564670415687	-0.443520243542	1.09978140242
0.628889994725	0.0374727390326	0.423508428727	0.614298266149
-0.780374708425	0.106137488128	-0.547414564631	0.767719172915
0.863377840688	0.485955640354	-0.650527121472	1.27204283912
0.370552601988	0.757880885437	-0.00869275107656	0.411631458975
-0.4146552219	0.853998009294	0.818614198975	1.18704832207
-0.325767044498	-0.363074258471	0.679985739221	0.439897082902
0.927111196941	0.281089520918	0.959841347474	2.31123317052
-0.831876809873	-0.320561395066	0.687575044317	1.21103604365
0.708806131556	-0.0217953772471	0.0432281988637	0.487883937374
-0.157467308345	0.46243724962	-0.779187908275	0.198785487383
0.569701951041	-0.80209448965	-0.0637839272945	-0.0771653566608
-0.2412324035	0.211429136015	0.777528743008	0.776132690412
0.237226019453	0.565954897069	-0.496440734266	0.156025749703
-0.944627260377	-0.178087316226	-0.927957477449	2.08690933137
0.120865802282	-0.537345136919	0.385258591461	-0.108930757198
0.787256598557	-0.909902941266	-0.831436864819	1.35125996637
0.351783908588	0.98295690554	-0.889358168	0.386297538799
-0.773652163713	-0.295528128637	-0.949926239395	2.01026343074
-0.0107293379817	-0.497341487632	0.732424500501	0.177631821884
-0.990043244376	0.0760908038063	0.0292389024894	0.907932164478
0.287097537607	-0.894083494893	0.529819609719	-0.367258323176
-0.113200785895	-0.704525725815	0.905846029344	0.274932481351
0.378999512291	-0.144900515571	0.421532870195	0.205333036018
0.667597095267	-0.961863726158	-0.0465512131165	-0.149508609269
-0.494926021344	0.613231640192	-0.00167033221981	-0.0595740397961
0.456914097424	-0.19466851657	0.965785847747	0.864557908283
-0.557058264844	0.70730225233	-0.0815414317752	-0.134720088229
-0.038172159432	-0.691108669324	-0.92611012517	1.52556092426
0.287856554157	-0.933938787897	-0.892511845456	1.4441498199
0.721016491714	-0.543724397459	-0.216143590086	0.292071118628
-0.256163767972	0.262276884553	0.242159222531	0.120587896531
0.753390173549	0.120161167273	-0.612137101462	0.95928171861
0.277637309021	-0.942371102757	-0.756649671	1.10100860778
-0.866828065395	0.609805352611	0.396435373467	0.621703918925
-0.522331888685	-0.355786670455	-0.245015138977	0.605874864322
0.444150145848	0.0856192921373	-0.758180219884	0.745219565232
-0.750196029921	-0.187700115778	-0.77260413709	1.44554100361
-0.916804546394	-0.404052464155	0.422129085777	1.21859838017
0.473195746374	-0.416313959054	-0.939229464544	1.30008254372
-0.800830936723	-0.929834010865	0.107350811791	1.29767579203
-0.0442977831694	-0.766514624925	-0.215367375841	0.247382542135
0.331426608488	0.176173877127	-0.597230119408	0.419699777269
-0.626833861589	0.359746514265	-0.286451906221	0.146424013114
-0.399204867177	-0.787324401573	-0.750353917236	1.6274712091
-0.598034053721	0.618078348813	0.45730498569	0.479790989348
-0.0702933055363	0.897632578691	-0.548974259117	-0.249560854983
-0.402139441362	-0.909053209901	-0.701198124813	1.65638749668
0.293256713561	0.22020820551	-0.437544935636	0.24567162029
-0.265596203397	0.91141525267	-0.216184773861	-0.321825331411
0.295971576398	0.977872734146	0.0276259673412	0.404799582966
0.242963352973	0.0745581137795	-0.719010051858	0.540513501622
0.906821491115	0.331630909898	0.668075427351	1.79093449144
0.618828187415	0.178459388176	-0.175232441922	0.492818559579
0.53528166114	0.402493077164	0.944503325592	1.77421620166
-0.481576886224	-0.241943898713	-0.314573344652	0.52349637733
0.00336908503829	0.389854963253	-0.76510055666	0.288425417658
0.442850049743	0.841297126093	0.667463458468	1.57572719847
-0.363464228776	0.0263162702756	-0.253372181641	0.180070874337
0.389271785413	-0.238006664948	-0.943342721234	1.1733005882
-0.933180165877	0.620248377726	0.639544853982	1.0977160164
0.624025723935	0.703967240796	-0.897850103809	1.00277951988
0.61833613497	-0.244177956964	-0.613667395502	0.757787244848
-0.110211745323	-0.23689584671	-0.789844010037	0.849219659251
0.511443043607	0.65919918044	0.757511458386	1.67189136417
-0.445212189827	-0.799046308435	-0.0822631233262	0.626458317196
0.371342393848	0.0986717681264	-0.410441410705	0.302499355965
-0.967927052867	-0.675921821153	0.636626141532	1.56610913909
-0.116483076533	0.176166284936	0.806213211266	0.785055244582
0.336889867475	0.84959014169	-0.971115785766	0.517728564387
0.244327495255	0.895481042264	0.383699987021	0.769308309377
-0.419383551943	-0.922303623597	0.361563222592	0.359938426849
0.0955395763182	0.943766503487	0.937830547907	1.86391405618
0.560011406729	-0.270665394	0.495007294306	0.27308794469
0.744067896757	0.468335734663	0.398326093124	1.24732463997
-0.882644172464	-0.804442013495	0.869742394881	1.54589130057
0.339665157802	0.698986807927	-0.00700290586997	0.347947985711
0.879468700121	-0.772497833638	0.828049467705	0.140077029915
-0.0648602493756	0.524117130176	-0.0712947977943	-0.06207139244
-0.964857479052	0.641998988563	0.942108767327	1.80391423444
0.425024029442	-0.185599306286	-0.94476554011	1.16969101521
-0.706044158665	-0.0345988508271	0.503090033994	0.758619915773
0.677558898046	0.0972273169628	-0.540922094988	0.764967602927
0.91347073073	-0.319251853652	-0.185018099651	0.63610062033
0.505566403005	0.97067617701	-0.318449999936	0.538637225094
0.166250169001	-0.331144707473	0.837125351174	0.396155479157
0.52850516567	-0.296247563387	0.972727470732	0.780779931846
-0.51906483638	-0.324072272428	-0.924764473477	1.59252268122
0.370685363065	0.144132942087	-0.582335363494	0.446016376713
0.901250122315	-0.998818630216	0.466542707088	-0.336263079773
0.496207867797	0.433380976257	0.876271561339	1.60888057217
-0.0242436120515	-0.761464428213	-0.910636620777	1.54172484977
0.360386712977	-0.68503791823	0.0569856188148	-0.152789929656
0.0936159221766	-0.737607155129	-0.277509430017	0.221416591798
-0.666543636631	0.2898215403	-0.320317622462	0.26087014862
-0.180943513971	-0.792142830231	-0.169283238104	0.338826980561
0.354651377244	-0.429965947059	-0.867338145163	1.09849090915
-0.219416337152	-0.600562230325	-0.431761353852	0.625634122137
-0.472672588334	0.746807160314	-0.314440770666	-0.265529518461
0.156623669924	-0.877542702855	-0.00099987668697	-0.112034550412
-0.0851860440205	-0.807191103709	0.99832134303	0.266827476201
0.202573894835	-0.202564868681	0.138777573836	-0.00885041755698
-0.967789941566	0.196750319822	0.820178041277	1.5802667018
-0.737224934959	-0.468496972598	0.145084448403	0.841966127197
-0.83343624229	0.48675338859	0.584144936613	0.914497889149
-0.996402249314	-0.337154704163	0.664163412377	1.54594636756
0.769473483047	0.84382219288	-0.960886651739	1.35387391885
0.233582258862	0.682603051115	-0.0174888347148	0.202372561644
-0.735775459197	0.0362955980772	0.355927622868	0.65426319468
-0.481463038181	-0.426982579578	0.476557044914	0.461008047853
-0.118571684089	0.989473585677	0.494539321176	0.630638430423
-0.423938959627	-0.144470994364	-0.1084265643	0.268391937942
0.502031421703	-0.485914122779	-0.712146135845	0.86128537418
0.653697740164	0.764900218488	-0.505899822316	0.796306025369
0.536968495535	0.0738410205702	0.186366783852	0.376479558565
-0.951445491813	-0.835605508344	0.0439802095355	1.66546577122
-0.0705140735855	-0.0358882035003	-0.465544030017	0.240941640769
0.763841995759	0.272179784927	-0.553627383978	0.947174042598
-0.904806388487	-0.0864227047324	0.338228695002	0.982038427482
0.00877086632781	0.873780413387	0.905295782747	1.61833091685
-0.467055538425	-0.92453899281	0.18430460989	0.513523323885
0.0207832586886	0.21240796509	0.0735013529727	0.0258611952328
-0.483020514569	-0.527171767899	-0.491690628329	0.988908687873
0.533354099534	0.345682366918	0.162879621323	0.551672087086
0.801307211688	0.458993764276	0.525169319333	1.52674051767
0.666877888926	0.21559813617	-0.381182458954	0.651621587967
0.930978573838	-0.364557281582	0.764978394849	0.833639587347
-0.507889521794	-0.725427616306	0.649674716921	0.577174108026
-0.923347108199	-0.0971181224788	-0.995974660268	2.0309363327
0.136386990701	0.657283996153	-0.196478878619	0.0177079247493
-0.658520350452	-0.897685216596	0.240948336712	0.866553376521
-0.149933339924	0.26642826676	-0.906594468972	0.562904664683
-0.655575742109	-0.245934544116	0.05062953168	0.581120073596
0.707410298899	0.77340078142	-0.164266280893	0.947480749976
-0.180000186129	-0.929253370321	0.185820071128	0.0615210180908
0.724476576452	-0.727116662217	0.439025483439	-0.128392049335
-0.0158228504925	-0.788199042529	-0.902514881925	1.5386163961
-0.824027214537	-0.556967346428	-0.0654634830198	1.1787235914
-0.318042549809	-0.973591723007	-0.361635849804	0.893660815523
0.285289355828	-0.0385175688989	-0.231549807703	0.132935413249
0.202914804039	0.758928404003	0.252696757127	0.450806623721
0.947089334429	-0.39325385199	-0.673337914566	1.24270835423
0.471704727052	0.0693734274495	0.482501349454	0.521509447768
-0.76215499663	0.415599240633	-0.273684565178	0.225289344799
0.53254674854	0.962284574752	-0.930130680254	0.766160237073
0.578505283054	0.00896721540636	0.657857745042	0.778531908826
-0.185850049265	-0.0573982910057	0.489221890747	0.256465273958
0.848790424189	0.614506728503	-0.0765150128167	1.20086816793
0.139014434806	-0.995798280297	0.974275876244	-0.1400740811
0.651657843135	-0.485453805039	0.114074843912	0.0659431679632
0.13095809806	-0.486902185084	0.757999720309	0.158878095225
0.0279698696812	0.0350861240873	-0.497672454946	0.231980142831
0.381998757978	0.653897005874	-0.327236101728	0.288815654326
0.629108377025	-0.985541758566	0.466672763475	-0.466377254
0.162491684812	-0.827059150346	0.847560555569	-0.0906105047458
-0.412401683445	0.47698649903	0.154613227747	0.0710187857286
-0.708783872283	-0.276483809451	0.268326686352	0.696153068884
-0.568611738892	-0.72204088631	0.140926811124	0.651985680007
0.27744186357	0.833800143309	-0.948315640486	0.416901890317
-0.813286303527	-0.241096394871	-0.921553478055	1.92895904144
0.471364336834	0.804378313908	-0.984620557239	0.778809806604
-0.172128167743	0.768299512994	-0.947428186384	0.0670936728399
0.398294136753	-0.795950853703	0.50619345355	-0.305057637877
-0.599586502728	-0.471396605033	-0.194513032426	0.771675118968
0.653878686468	0.945903565408	-0.119397478076	0.94738077505
-0.100895698446	-0.974419305322	-0.306949138695	0.501809598596
-0.86205815819	-0.300354947258	-0.872988582778	2.02638320614
0.612139813882	-0.0447245305547	-0.251305030372	0.421731203729
-0.92813360505	0.408071803469	-0.226498909925	0.441560772291
-0.88828267186	-0.942930172576	0.147077165341	1.50958283387
-0.884328279374	-0.772538291321	-0.661820377604	2.4145017595
-0.747766603775	-0.207669043262	0.994901958849	1.4976624387
0.462793249445	-0.412384858811	0.563540908889	0.108511280745
0.13446817892	0.800454660611	0.49193019633	0.761480508071
0.351046261666	0.669458166684	-0.299911051589	0.247413000686
0.0202912916801	-0.0527716686342	0.286585052221	0.0663483519424
-0.821897548692	0.236806972445	0.287502462794	0.631624764277
0.192182845979	0.997550457877	-0.8676775437	0.115958521123
-0.639363493881	0.84914718509	-0.0389494972643	-0.165684826396
-0.447363665241	-0.907405973125	0.513682635159	0.403825869207
0.131911603739	-0.599048755024	0.970266018887	0.298558685958
-0.789131448221	0.280358302547	-0.105092949097	0.383069736393
-0.756580450044	0.855888299743	0.290747201227	0.258246685116
0.687687893136	0.54802905034	-0.483129852808	0.818432841621
0.595406801988	-0.317768612785	-0.955664147163	1.38228169885
0.357628818656	-0.359477732621	0.0158911267229	-0.00612120321182
0.339207804209	-0.1921712688	0.222623677214	0.0566553674555
-0.157266461359	-0.24189582921	-0.895204762593	1.08071270627
-0.455940679759	-0.610703785534	0.517519687993	0.438101997482
-0.464832840748	-0.198769052148	0.317736903869	0.346264429867
0.224766988593	-0.078756756843	-0.0856195852545	0.0468921143304
-0.301103981331	0.0258743732827	0.0686132705834	0.0893558370391
0.69637685007	0.517960621899	-0.0075646083979	0.841775557681
0.45073296214	0.898291011353	0.706401626234	1.74160706037
0.0675791019472	-0.104428510588	-0.18129572291	0.0493103315218
0.0395709290978	-0.946568548833	0.95523486441	-0.0276123717172
-0.546412323579	-0.120349678441	-0.827856518396	1.14930565563
-0.495756001496	0.723869656417	0.0759676046848	-0.0523269925867
-0.355234524902	-0.972085610323	-0.637925269108	1.49857656116
-0.754389862692	0.562607656938	0.38161910382	0.505013522109
0.558407090068	0.404015022311	-0.959622501846	1.07059677075
0.364140414478	0.120359184808	-0.46460955977	0.336367900061
-0.251358763474	-0.53494816788	-0.300636701815	0.448852617288
0.395391743254	-0.46382956286	-0.930309143418	1.26992023685
0.787707661083	0.386152254791	-0.803497916735	1.2599948187
-0.848857771585	-0.287257500611	0.944623950406	1.58536437089
0.210528760098	-0.114063341796	-0.371486141361	0.200683648846
0.64203710852	0.900487100259	0.529154481122	1.74685903201
-0.69182999646	0.661938051964	-0.800322348901	0.13143218943
0.743360287365	0.844047795469	0.423829371791	1.71737971193
-0.245305958667	0.061186339529	-0.0921926621766	0.0480241951112
0.649941917702	-0.422379083597	0.377738078944	0.131040017456
0.282056109608	0.581370461692	-0.0196561877944	0.232493578379
-0.971896985123	-0.845559926142	-0.114237447901	1.87602569516
0.847453569625	-0.83714213294	0.704582107359	-0.0846609583497
-0.348137757428	0.269910819542	-0.00123881622407	0.0269009154896
-0.52488702224	0.618609318159	-0.0548242170164	-0.0801026935583
-0.749772325044	-0.299057048005	-0.166498713331	0.863897672851
-0.211620919959	-0.179271973443	0.967565610567	0.845446928017
-0.624221299165	0.589126431351	-0.299557563025	-0.0648355805422
-0.156005634114	0.626838884894	-0.282017534727	-0.170698306945
0.753267027245	0.611549887891	-0.900417905693	1.28817351601
-0.40929651449	0.667027751843	-0.164826648568	-0.188264621884
0.11700954055	-0.966381097408	-0.501895057657	0.637535969879
-0.566363069957	0.509004411483	-0.277069283706	-0.0317762738172
0.758116880966	-0.0748881289016	-0.475398813809	0.77957301032
-0.71091726313	0.160279725007	-0.902695335971	1.06163284095
-0.118285973367	-0.242170252281	-0.430148729973	0.331834071861
-0.99330587036	-0.364672169009	-0.77908903821	2.2399793772
-0.103831005555	0.59734877278	-0.487738826093	-0.104703472755
0.313846171094	0.308111582458	-0.67347820336	0.441265514947
0.817911892378	-0.751798455574	-0.510866166929	0.699127602023
0.0316592137965	-0.953831935835	-0.914996660346	1.6807766609
-0.244203881909	-0.853614394227	-0.245306881933	0.537664436408
0.39113425793	0.466461603226	-0.0239335318951	0.324843861047
-0.887010838006	0.701712686704	0.788770685148	1.34001105888
-0.817381668099	-0.232598612604	-0.812510878198	1.7073974635
0.774118913403	-0.842148762359	0.113686657049	-0.135479614292
-0.999450307235	0.950498323563	-0.646784382239	-0.147512358796
0.792731085372	0.365404689803	0.842309766801	1.93535991237
-0.939408363679	-0.921210892036	-0.208613778811	1.98357828442
-0.104354982984	-0.087815187915	0.120837000008	0.0240441716222
0.681444626665	0.159799403844	0.780961467835	1.30795921553
-0.395133957943	0.928497890115	-0.970098846728	-0.170393161511
-0.4738258029	-0.551164586934	-0.276298661034	0.714293881896
0.350951349659	0.168904694835	-0.13844203453	0.178226867773
-0.679857812266	-0.0786514483072	-0.754835392419	1.14482381297
-0.0599271373337	-0.252020140814	0.69873195438	0.330825925916
-0.716594522691	0.746557299561	0.805718720878	1.22922668785
-0.819379347258	0.174772613731	-0.46751740885	0.665040732624
0.613682214255	0.0861393824225	-0.0226982333965	0.428028065025
-0.362690620086	-0.420269837262	0.592426177882	0.385962336651
0.440507094567	-0.336730197498	-0.13952880371	0.112166308105
-0.533025650359	-0.924414100201	0.329638892419	0.58079173017
0.433339519526	-0.778367726857	0.724640548303	-0.188447249714
0.0186580845538	-0.332309293447	-0.954136886624	1.22159362229
-0.362426933169	-0.589762147887	-0.0489466474375	0.376361622665
0.34227765976	-0.698316691995	0.732252370178	-0.0970147259538
0.941231078324	0.684333236158	-0.466243878269	1.42834882457
0.199747431546	-0.116393127914	-0.598920302393	0.445065544044
0.936897439627	0.267589838814	-0.741218198473	1.47954300673
-0.986737218095	0.718951485367	0.543471219003	0.950324554998
-0.872197365469	0.489691710648	-0.35408014479	0.285603061537
0.309137653557	-0.363313541588	0.0829478187217	-0.0400035320614
-0.130865369971	0.883316814253	-0.869216608143	-0.11072596997
0.150382775809	-0.916963994765	0.906241239488	-0.124998014623
0.459830322344	0.551030933248	-0.489531746636	0.434718852764
-0.668851654133	-0.158077382241	-0.628479104868	1.04742717078
-0.570831746405	-0.370491463581	0.24196709182	0.506238503425
-0.884666548517	-0.00749299254232	-0.267306022792	0.862719133772
0.986788735132	-0.0225577366033	0.550119106306	1.24171387664
-0.344410018826	0.424793954907	0.991332616579	1.37616742658
-0.414969801067	-0.449316635431	0.719382754016	0.552933678773
0.738677043454	0.982631196589	-0.570583197736	1.03638321682
-0.43246539335	0.599242141032	-0.0671740887973	-0.107866358375
0.0442825466427	0.876535476964	-0.423987984796	-0.151098532149
-0.812702387195	0.491303465946	0.996573393806	1.74398016223
0.00607703891421	0.208839981541	0.125275153373	0.043162383867
0.607197505826	0.288089245197	-0.614306375655	0.744013145308
-0.176991513976	0.452644291053	0.496334117727	0.422222158918
0.800460306646	-0.961889215067	0.863641593973	-0.214068165623
-0.724509113039	-0.712567532433	0.752036270024	1.07085704798
-0.99559575056	-0.497873126596	0.192197462724	1.42814118068
0.00522492805301	0.0462326668777	0.154478508365	0.0312744251951
0.350903621441	-0.191180297286	-0.42014117623	0.312888815812
-0.597082840675	0.701337082913	-0.157570017156	-0.147929804988
0.429220485465	0.688471657305	0.114522285761	0.571697065933
-0.820557627406	0.181149691529	0.0422634796742	0.534113276827
-0.890970854556	0.604430925385	-0.871719704858	0.488299621512
-0.171509488533	-0.529505742116	-0.887897138374	1.37873872517
-0.0408279413116	-0.183987969545	-0.58652448099	0.461103185961
-0.118899481305	-0.93451962316	0.75620073497	-0.00959388919099
-0.494112829435	0.421203432263	0.978206655086	1.40493772917
-0.226502848137	0.852660882093	0.286468083896	0.184497514123
0.618294599116	0.609723550632	-0.326841534376	0.666819397364
0.862770144449	-0.712256812899	0.491716205934	0.0214150182919
0.337323398465	0.0463624423421	0.694772124489	0.644345849294
0.28500352528	-0.877702218416	-0.0716679724502	-0.100881780289
-0.00741465481823	0.131171525076	0.109536063395	0.025448547196
-0.710615209963	0.991527287739	0.180201426643	0.0115267908405
0.296536254568	0.0676281977879	-0.634919794357	0.468172626583
0.738400468309	-0.501049405822	-0.637603026058	0.901268371889
-0.36138789689	-0.25044650433	0.22238373583	0.214868844205
-0.300925739254	-0.170719835329	0.698132460508	0.510134166917
0.850906008068	0.550312638808	0.703714008392	2.07478148377
-0.63142567597	-0.417874715431	0.0704453164423	0.638080434983
0.934553227486	0.0456116478122	0.130228648978	0.938915691966
-0.763330671928	0.689821383583	-0.723720320503	0.0806452439571
-0.0511966149493	-0.747626937796	0.481841321974	-0.087169430647
0.522572660798	-0.621374018882	-0.556212114995	0.603356785528
-0.923058492728	-0.84718298007	0.849776820107	1.63624061078
-0.613088654684	-0.156066010154	0.519700599538	0.660541112826
0.723492727402	0.811379436045	0.530041888144	1.82147833921
-0.213351175578	0.701563793449	0.335567645357	0.243867018892
0.656324825878	-0.203733371793	-0.168468727478	0.359751421325
-0.897351817674	-0.947567247555	0.625804589517	1.45418092851
0.894764288957	0.28695114207	0.167201501114	1.13329177107
-0.408360882485	-0.455357878561	-0.103095531817	0.410283006817
0.188455784846	-0.868923149319	-0.562530384662	0.676998095863
0.648647361109	0.0913992423183	-0.972975146	1.33778072
-0.357169493243	-0.634784399239	0.00775721606691	0.349431683759
0.869694639773	-0.55681190565	0.490127775261	0.239428692271
-0.189274599307	-0.387217161663	-0.169149955174	0.203224719935
-0.6469451628	0.887184628509	0.0860621542263	-0.0716620455382
-0.734122378534	0.141686568811	-0.152574353112	0.436581582409
0.256272219216	-0.67662021907	-0.265232730474	0.142086714747
0.484927712542	-0.411797080341	0.0239866948175	0.0261607808257
0.938712079985	0.68984766681	0.367414537904	1.91720221168
0.512718334733	-0.137438835008	0.171584888724	0.198271626986
0.581281840237	0.744998780564	-0.668462321654	0.719781100917
-0.334468935742	0.159951809865	-0.46579960216	0.200834337333
-0.663491614383	-0.761677806377	-0.559939366062	1.68561344146
-0.976761793733	0.628413657264	-0.339206225865	0.242152189324
0.832313942836	-0.0770859906471	-0.0497388862521	0.634894882752
-0.841986843693	0.155375512162	0.0715962281195	0.594368028374
-0.369674212795	-0.604676063875	-0.14375785947	0.467785430289
0.885394353301	-0.605470443511	-0.468062548337	0.75032363697
0.884670788285	0.317957793992	-0.971428708283	1.69873078207
-0.847734783766	0.47625685174	-0.524594588296	0.340272479388
-0.320864161244	-0.385228451485	0.424690149347	0.243318808302
-0.736946975547	0.90413417891	0.986541339537	1.74202145473
-0.322188018038	-0.423056769018	-0.233750105608	0.393637617203
0.193205719885	0.897005416149	-0.832284004452	0.156768431663
0.654766066089	-0.712844027356	-0.345061811586	0.327015427046
-0.097079104066	0.276536137588	0.662835846673	0.605227896496
-0.350429243145	-0.563199438506	0.980701258409	0.729606767593
0.578640776485	-0.527632158271	0.401869908678	-0.0210243973078
0.0499344396873	-0.499528672766	-0.454253215868	0.410808254034
0.975143778903	-0.713155153619	-0.155529758858	0.390582933051
0.471830981098	-0.0273674028002	-0.0875283170078	0.219768315197
0.603192125723	-0.599960701829	-0.288342460411	0.258084688838
-0.737078172768	0.121742350531	-0.590956566082	0.730835825072
-0.183724018139	0.31038360202	-0.752088799838	0.308931124422
0.166372003033	-0.63616660971	-0.0261677266225	-0.060828885881
-0.921664680846	-0.314122194211	-0.351986384522	1.37344226612
-0.969350223634	-0.121780715124	-0.192485958944	1.11817994162
0.854449685745	-0.349298232843	0.311569762101	0.419871449533
-0.783204296165	-0.551944798212	0.812473506341	1.25736717973
0.535639960442	-0.685218011865	-0.579048266052	0.651951214509
-0.675234525958	-0.446813373225	-0.758038555038	1.67096969604
0.461645158803	0.933064343024	-0.463243157498	0.426219440013
-0.00449638761179	0.525951964435	0.207369301571	0.149723652363
-0.0530541042483	0.16615596578	-0.642129862538	0.299636534945
-0.889162874499	0.14400279936	-0.134320067121	0.661268089129
0.737036936237	0.712925801722	0.943936448373	2.63264876184
-0.838007824236	0.38189518589	0.0361494155304	0.397338027673
-0.360589563606	0.181993572153	0.874901273524	0.989078497083
-0.171963007448	-0.832736222163	0.679661076783	0.0687318829666
0.265481474027	0.108377186738	0.936484787895	1.07774989303
0.893810259198	0.499826529661	-0.500482699424	1.24597526109
-0.0211100695964	0.885131989978	0.664091811194	1.01058727719
-0.738699444606	0.30434561768	-0.228688943358	0.303555085805
0.29836012751	0.107183894542	-0.260019158602	0.160738262896
0.330109602708	-0.259377009591	-0.136334905578	0.0772988548033
0.0500369400944	0.504566574991	0.701935021801	0.874636387508
0.917430729951	0.886446385118	0.0134826711835	1.66706574597
0.0596750223596	0.839106966322	0.890543250186	1.59396316077
-0.830840436182	-0.337087237928	0.256483047538	0.949687929792
0.759803123284	-0.896293836091	0.401244768314	-0.302341918394
0.568913217846	-0.645121231974	0.598214821654	-0.0714158564275
-0.955318387521	-0.127319725301	-0.50159833964	1.34972835335
0.705947377633	-0.39785675583	0.0148231384675	0.211818006188
0.724850516442	0.780539853518	0.935216201176	2.69578584673
-0.290373392466	-0.804042961185	0.75417415765	0.280179626481
-0.406711048247	0.798882526115	0.485843901735	0.464676027512
-0.665361815202	-0.506648861643	0.954247759228	1.20693139644
0.344062912251	0.0669435959278	-0.441307198208	0.306621448591
0.611721573152	-0.120088712557	0.682660432498	0.684787880542
-0.997691235558	-0.918106272013	-0.724659890578	3.10182113004
-0.179859769542	0.361387664819	-0.00718518888988	-0.0351945771048
0.786789600701	-0.383284937658	-0.214294419735	0.445531194356
0.823464651544	-0.17858037243	-0.820952454409	1.35160833564
0.290887693153	0.493719627127	0.261407826065	0.425628839369
-0.506401240679	-0.110125117138	0.775103243715	0.827636415419
0.289929511811	-0.325304729723	0.290942638242	-0.0202537172107
-0.384431988319	-0.852668847034	-0.320214413799	0.851155259709
0.428400908807	0.768352721677	-0.517689914468	0.382924735694
0.48090982152	-0.862766531042	-0.10219433693	-0.0850251059567
0.50046666631	0.367347489029	-0.0473110845772	0.4191707879
-0.691334424066	0.0686505604039	-0.998630059564	1.3591882729
-0.496082523522	0.496097172344	-0.900054915046	0.363576884766
0.849235419752	-0.435230518042	-0.790186536385	1.31989568435
0.578995182065	-0.579830360373	-0.670886630369	0.838605743246
0.042849790718	0.0288058399879	-0.179346149783	0.0300692537283
0.561661380155	0.0310906435488	-0.28603950709	0.405851366984
-0.664465446436	-0.742443168542	-0.763262109347	2.0840899474
0.108799985528	0.907959487687	0.829866929646	1.55278808918
-0.824578695569	0.842221925877	0.863494079084	1.45832743905
0.156753270461	0.162058411722	0.7961529213	0.812857525851
-0.0875125000465	0.657821088475	0.29941557937	0.236702441125
0.435324181174	0.315459950375	-0.0591273353202	0.311678222821
0.00267896348331	0.891787968644	-0.291043133028	-0.17244641486
0.111047524853	-0.964172768982	-0.663653966571	0.98557622319
-0.506929173232	0.281932106133	-0.0544027809632	0.101679349164
0.196647569313	-0.689444952193	-0.845348088109	1.20052695476
0.220837815493	0.746115148936	0.841004853802	1.54831540622
0.598776011934	-0.911657601602	-0.548053926694	0.612654644454
-0.14630430637	0.486114992088	-0.275897932281	-0.107714218802
-0.254875031161	0.0179086634762	-0.657305312829	0.480675624972
-0.464567996467	0.327118133846	-0.857004484934	0.517969786681
-0.0302964729372	0.5507959219	0.0701044520077	0.0277585829948
0.452913166125	0.65853819202	-0.152249136238	0.426308882182
-0.830995150261	0.395327167057	0.8029516783	1.32419799112
0.359705083244	-0.951048926745	0.5448749839	-0.434023407021
0.869273045729	-0.934260593223	0.0995225231345	-0.139567162236
0.714480922934	0.403288555173	0.22487762978	0.939885491125
0.784650178411	-0.790632980542	-0.211974011565	0.207832219381
-0.330749806263	0.723800225044	-0.210000591826	-0.237899576919
-0.428318931609	0.799043626107	-0.0576170273179	-0.201507201665
0.313214531443	-0.0735471204091	0.0457190990343	0.073795043784
-0.789510099882	-0.413194884512	0.0700903790811	0.925499407508
-0.990787583281	-0.641808983815	0.923502110714	1.87770060445
0.438073265431	-0.263867645796	0.779097606549	0.477729253895
0.195592758214	0.281002557242	-0.08046671998	0.0770821312389
-0.877576628833	0.961563789447	0.0409024637747	-0.0327018296695
-0.691575852431	-0.386843754276	-0.711491120832	1.52726447013
0.148847282423	0.459004036043	0.32417876213	0.344368246904
0.851877075015	0.0947488732519	0.283834532569	0.913863987972
-0.709274611127	-0.670930357272	0.226120457164	0.878363724274
-0.985311715533	-0.771760823557	-0.970264686604	3.42148999348
-0.245462380844	-0.314155372898	-0.500068115926	0.544532312195
-0.632823197531	-0.153944736891	-0.503057468832	0.828394866604
-0.764435458729	0.206069272298	-0.75594927808	0.842516305264
0.747024050803	-0.789380390208	-0.819490767332	1.28681385519
0.35963700787	0.187274564595	0.955544743678	1.28870462449
-0.155525884239	-0.483081004214	-0.329413703281	0.3669667915
0.107830788944	0.727634922837	-0.811895116626	0.158499366701
-0.593383136157	-0.237026049863	-0.325261919269	0.675641671116
0.447984522864	0.814766481211	-0.969406974465	0.715602478752
0.696100979016	0.842919234977	-0.241185572111	0.926183999948
0.566450640963	0.254574335537	0.28347899688	0.617596943126
-0.308716335993	0.929373805956	-0.886003751293	-0.230033131159
-0.910395952265	-0.591258324463	0.595765478605	1.36978518208
0.847024152756	-0.0374865068916	0.501707253884	0.918600854782
-0.621952810309	0.151970013337	0.0801072294276	0.310898186304
-0.0299213867738	-0.865105709789	-0.419278389446	0.565294948487
0.270805684588	0.973342110939	0.39494541265	0.877321176123
-0.530528713076	0.694081598264	-0.710127711659	-0.0753747119123
0.759836857249	-0.133139865348	-0.912360877087	1.43006144714
0.997063643589	0.528746103946	-0.597083117435	1.56213230335
-0.464418014219	-0.168841648651	0.562786543673	0.515804080982
-0.949559781394	0.465543450514	0.147618875011	0.550116774035
-0.590479518587	0.215570814933	0.286953410834	0.365576951458
-0.685949077446	-0.65863241619	-0.70768413554	1.8892349829
-0.746527320636	0.0966716608506	0.142159376563	0.519087075882
-0.183724201909	-0.378202416637	0.702700588948	0.331264576319
-0.78141420017	-0.310355854489	0.372278669896	0.876177167387
-0.416234543086	0.437267149278	0.425120541044	0.357864224271
-0.576529533425	0.861135122705	-0.0522678868127	-0.20636130873
0.724224829396	-0.0405511962706	0.490280333239	0.715626771452
0.848529027524	0.806373054452	0.0885520801264	1.48347993649
0.901296708917	0.721200966202	0.264096686186	1.72256565971
0.150391275605	-0.686615428733	-0.690622918031	0.870508931467
0.957115948031	0.743525080239	0.651252340168	2.53606270909
0.323279261191	0.980151876583	-0.366485365616	0.196472459595
-0.0815665405922	0.55653168387	-0.31117252274	-0.115090292785
0.151005860891	0.650924979426	-0.794430917305	0.235101810785
0.161457704452	0.0246504953097	-0.951250329807	0.911477000877
0.83127858009	0.679557941164	-0.589877179815	1.20302540355
0.587382236379	0.386837750151	-0.878175943996	1.00372089661
-0.0623685021662	-0.651057580453	0.204605373265	-0.0468512043173
-0.282647054304	0.789202876903	-0.170878353145	-0.248834787427
-0.546736578205	0.704366722691	-0.787616083019	-0.0206136307239
0.226408087143	0.0978041103371	-0.93534053833	0.85678603689
0.0137040077116	-0.0426926627278	0.62992984362	0.369520964775
-0.995565494288	0.479969916895	-0.418466358143	0.487571995616
0.369640943452	0.076680198332	-0.396517419846	0.291799597777
0.2051501343	0.351855175805	-0.798790515097	0.471277424062
0.439457507351	-0.753300085059	-0.297532356908	0.174736176274
-0.868818275159	-0.566019632396	0.183209486182	1.17647894578
-0.403781741389	0.801214959712	0.374258897398	0.279455272702
-0.0429621075457	-0.424732460708	0.944179930257	0.510545019911
0.131183706192	0.633897424873	0.867102383256	1.40188668921
-0.0747170058615	0.680973548286	-0.032482131696	-0.0663620572313
0.165344154629	0.77381675835	-0.586573708094	0.0454529169132
-0.48414545359	0.552145246734	-0.564244845662	-0.0260946543662
-0.453715667342	-0.0913897174465	0.539649546046	0.489226066445
0.623420105024	0.667845539682	0.763307202002	1.89741015873
0.90533030011	-0.686452657605	-0.599478334878	0.969044331917
-0.650794989171	0.267017865008	0.973698012915	1.45784281429
0.30508201566	0.113445222518	0.245206662153	0.215628964946
-0.388085376533	-0.988026578685	-0.790318998706	1.93950922237
-0.852902961563	0.0999278124241	0.176659974789	0.6910767262
-0.806895222183	-0.0219182971086	-0.401625831688	0.838871931782
-0.865878676672	0.938527522934	0.482668634054	0.623061720953
-0.448360765838	-0.71047926576	-0.848929531924	1.84340658475
-0.508882738708	-0.44115978852	0.364524896156	0.455524916963
0.138247119888	0.932453321439	-0.66560023591	-0.0295962244049
0.674833351048	0.0384228896226	0.845795727685	1.22919742791
-0.816347285328	0.631321280778	0.485502833354	0.693266748298
