0.3464720097	-0.937921853642	-0.00556943975354	-0.199666098151
0.869959788828	0.205641861314	-0.801894893691	1.41386244643
-0.769874315783	-0.979239615545	-0.65877646353	2.42568433089
-0.983871866354	0.801646179447	-0.782307468631	0.16415790877
-0.2389736535	0.273561883286	0.200033857878	0.0864695075396
-0.507522548082	0.595369440086	-0.0786094620188	-0.0852065023393
-0.946588678305	0.37426224573	0.795248685636	1.47180975238
-0.665022807139	0.0785926190156	0.165533903044	0.43040066593
0.0183136972684	-0.854215746632	0.469938038661	-0.195895169463
-0.769228779756	0.216904223964	0.242256544966	0.536098645546
0.779396401167	0.00800584909892	-0.79173134132	1.23419851531
0.491889996554	-0.613631283625	-0.996492247351	1.54459229462
0.724163291484	0.756854697301	-0.689666649648	1.02616150578
-0.482630248841	-0.813871291046	-0.419602532107	1.1432996003
0.587387156272	0.007442370167	-0.103982630332	0.359433734187
-0.223482724748	0.994323695304	0.330114403936	0.264946453234
-0.165929876467	0.249694798445	-0.696317379665	0.297091962298
0.327375040915	0.848838794092	-0.309015754943	0.218249228383
0.915247327995	0.171951153979	-0.562286183522	1.21453549968
-0.161975014272	0.0130256822517	-0.958314855995	0.93001072859
0.305383484915	-0.0103907232389	0.50603480897	0.340899077826
-0.928349482825	0.200807604643	-0.93278408477	1.35818913743
0.901454413028	-0.556010223721	0.0895232517363	0.269640758282
-0.643420750896	0.767978009225	-0.852435678866	-0.00814799372713
-0.345649817204	-0.674328575118	0.466568139297	0.255620944897
-0.632687485609	-0.606485850004	0.691275100949	0.842622159949
-0.791485690152	0.848787577714	0.971973865644	1.72437891449
0.637954471631	-0.466052033121	-0.743536095943	1.00903836451
0.109691248282	-0.53838023689	0.874611054874	0.247047760112
0.336981669735	-0.0566296610988	-0.244137292185	0.167901917537
0.899774641983	-0.0756586816209	0.213913938091	0.771093369561
-0.515981294435	-0.160951045029	0.687780592966	0.711627563633
0.282869889819	0.730388483325	0.453135794703	0.822917498645
0.0170466584143	-0.0415267620253	-0.920560161013	0.885241588816
0.484034354173	-0.861334429432	-0.0120666710981	-0.172087154441
-0.687676996736	-0.738610170954	-0.00781502255235	0.98665820568
0.192224295226	0.558076269883	0.0906607059482	0.20304094954
-0.43287247986	0.58527214963	0.964901795242	1.42979599936
-0.493041215476	0.590626427693	-0.130787317916	-0.108254655484
0.625038037332	0.105313623799	0.966207564118	1.49180944571
-0.164620674167	0.406561969589	0.910564354134	1.15949974111
0.569178867482	0.583573150133	0.166235895227	0.78076726578
0.272506519387	0.54610579669	-0.501826540653	0.200856687102
0.808671438538	-0.939793370454	0.910544727555	-0.132666758887
0.356821392143	0.104890711671	-0.511785780219	0.372991865776
0.3599172353	0.462050039302	0.147809376472	0.385983128963
0.063439007402	0.463048579021	-0.239391976666	-0.0201417462399
-0.507579300819	-0.501519078364	-0.448674046516	0.938524444074
-0.252265920671	0.280728410938	0.517506629363	0.405911808834
0.582536782577	0.881985217751	0.186707429947	1.05267079174
0.610136009791	0.0578728269379	-0.328699953043	0.49659710978
0.562410128885	0.82739666512	-0.344790458068	0.615243402946
0.739995873071	0.213839100905	0.105176534247	0.739386903209
0.895435129883	0.704914459118	-0.161651380449	1.34519001547
-0.551182076241	0.0409257434507	0.0128671267656	0.281936304602
0.562440053795	-0.0188025473789	-0.93615944959	1.19976020582
0.021409624183	0.228958503764	-0.0686204951329	-0.00564218601414
0.254320976631	-0.837574442327	-0.476042789001	0.477004419463
-0.582609076214	-0.806883243296	0.576303618368	0.676646964508
0.975643640092	0.580368826288	-0.586109952329	1.52147859784
0.98147716283	-0.0461074657051	-0.567503416388	1.26627026845
-0.722946632105	-0.907577045002	-0.951846579116	2.94866761667
-0.585582390801	0.858221015855	-0.316324298823	-0.331067476934
0.0905157150562	0.219794980502	0.367225668852	0.243657045087
-0.113285274159	0.810078663322	0.530336423396	0.631934512833
-0.784767960572	0.686484946844	0.065092970878	0.126051799753
0.220443818139	-0.746326978496	0.504820836433	-0.237845024404
0.500216405673	-0.153502213462	-0.427251399215	0.42155992064
0.363040556192	0.155214951869	-0.256023248523	0.213957035484
0.480382355854	-0.849747013041	0.099850460745	-0.252313780447
-0.00169879827535	-0.439499710113	0.457757548935	0.00910717081347
0.728730649787	0.66350066709	0.332872521538	1.34622688789
0.188014396716	-0.913182180077	0.509598856543	-0.342007583499
0.809337145629	-0.0985768243481	-0.38689558278	0.76307185953
-0.385129565731	0.228944768462	0.731206501404	0.762220234004
-0.293910674412	-0.562027970467	0.0134411453549	0.244195869116
0.828949628769	0.886743800785	0.575648306023	2.26404697053
-0.722644922691	0.719433330535	0.576252984883	0.748963947497
0.126615344431	-0.478060415219	-0.882852821948	1.15698775317
0.743317711857	-0.660888079541	0.482706236792	-0.0247380810959
0.433583652493	0.490951156187	-0.32389757779	0.346754929801
-0.37054868286	0.326762193209	-0.96106220172	0.625826788797
0.559297594985	0.635851363047	0.850979837264	1.93370731076
0.588079877569	0.525003281278	-0.45993845771	0.624655993176
-0.405080671614	-0.917367599734	0.951897791301	0.568567447017
-0.3632309154	-0.140887075524	-0.206229245325	0.254696776201
0.00491766166675	0.524586915127	-0.740499986175	0.162487550486
-0.931701078464	-0.256418710324	-0.405871261668	1.37577695508
0.756384550435	-0.189572083977	0.225697656163	0.436881649592
-0.692281910457	0.495177151585	-0.394291043531	0.0966735702098
0.0870036902399	0.642904997351	-0.158148777649	-0.013158854245
-0.515602180859	-0.587092299608	0.399557048852	0.493620647603
-0.388216465213	-0.59253170057	0.32785437317	0.293966966918
0.520459814577	0.640096015587	-0.353371554276	0.50270240363
-0.204739668785	0.53498545416	-0.504498159488	-0.0829951967651
0.428912897879	0.763734962734	-0.177372344793	0.407537537601
0.29093904641	0.0752867561198	0.645107459169	0.571281067583
-0.544179798751	0.521829726405	0.339279908898	0.304319656488
-0.85749363803	-0.182231817562	-0.365781941897	1.09201150059
0.668000397587	-0.293855064743	0.382015891593	0.283608067967
-0.361140818291	-0.197756713863	0.236195625748	0.210919814949
0.921335158183	0.691800570931	0.356876831241	1.86048733043
0.212457729029	-0.746552710643	-0.623352537689	0.740461306061
-0.754884860253	0.711481136527	0.412545279043	0.496476605183
-0.460256519224	0.894592021836	0.245404288905	0.0798542373847
0.453695139666	-0.705020686766	-0.768143051166	1.01757530933
0.494701914945	-0.855980907851	-0.471989122949	0.44806200052
0.957803391368	0.57786480287	0.505639906467	2.01873142434
0.183398018243	0.456665116732	-0.0245193285014	0.106790385963
-0.0159329097607	-0.393341867317	0.319981532067	-0.0169530143758
0.392225864968	-0.626225640853	0.949533764517	0.215211215263
0.147009363907	0.0847279796237	0.231782227257	0.107429000166
-0.864265235432	-0.937269124312	-0.139374126549	1.70705973026
-0.821016671336	0.589667736731	0.903395375859	1.53876764399
-0.010445440117	0.606806595847	0.140657193074	0.0989069037342
0.814665955806	-0.720444561501	-0.786106687673	1.26106897455
0.889389451799	0.797060656896	0.452527555114	2.06538403614
-0.699208105488	0.234268499767	0.186862242717	0.403782975899
-0.362080385059	-0.115270331441	-0.980750200474	1.24776168764
-0.568896984471	-0.193789833895	-0.770456306157	1.17679975036
-0.200610233607	-0.836735318231	-0.465931278503	0.815055246365
0.0627371210649	0.949688445091	-0.0835895854211	-0.00888017930038
0.238160915386	0.916966794692	0.576585194944	1.13626623792
-0.736559209452	0.0557651511988	0.666992787401	0.983519465429
-0.455950979469	0.941871074645	0.279608325497	0.119980066364
-0.185942879137	0.156514487567	0.477089342095	0.307757634099
-0.734012482301	0.176852784086	0.4828044652	0.727447638581
0.159487799465	-0.202701222305	0.449791356692	0.104246993055
-0.244861412234	-0.584338389408	-0.513372108191	0.76657298679
-0.214480647494	-0.711872480224	-0.761980231259	1.32173144858
0.159487863591	-0.934180197652	-0.935525328566	1.62560285144
-0.553616242549	-0.0441620514466	0.515841257935	0.574251368216
0.878003221925	0.634234345497	-0.821380303747	1.48146746055
-0.164991641082	-0.646757245872	-0.74933839215	1.18007984169
0.48984545613	-0.363313270944	0.857335189866	0.485523591625
-0.715417805899	0.0696457175819	0.34929611885	0.608331608024
0.181621447724	0.938145381833	-0.571088333077	-0.00624832542127
-0.0583666925455	0.875610603948	-0.839371496519	-0.0781178979467
-0.632742687036	-0.663101567853	-0.856528924737	2.12154344763
0.705379814216	-0.487633540429	0.689112704413	0.292435677726
-0.304771453015	0.0432042266559	0.334917806086	0.206358025277
0.0466098686154	-0.282728964674	0.278370195859	-0.0122188313734
-0.222206346418	-0.70803389869	-0.62479310391	1.03944640609
-0.512121533603	0.193370637878	0.61255127631	0.656907694699
0.16437603474	-0.853262762115	0.839472608904	-0.124812924524
0.274793017317	-0.139697701487	0.602444587109	0.315902605907
0.815981095042	-0.112584371513	0.588668748173	0.854214422747
0.656940801234	0.0291464318694	0.486631679481	0.701712665197
0.962040312307	0.781800424279	-0.540863551202	1.54733111405
0.387967810908	0.555489389679	-0.0572002482493	0.337528762207
-0.929397396431	0.0222513476528	0.997623272325	1.86054983166
-0.130298568787	-0.722334196796	0.692607897999	0.0905081597313
0.143006400668	-0.931542227639	-0.0746135193257	-0.0376928491418
-0.284117655056	0.0971373342138	0.262290585274	0.147398969665
0.451679519207	0.576491869706	0.0369533314721	0.487072802465
-0.101247865922	-0.237183337313	0.371447248647	0.0841373975463
0.662943347613	0.797625687321	-0.00779047798265	0.96212133163
-0.395408525762	0.345497896852	0.323670905208	0.236325560097
-0.480284097857	0.6342111059	-0.903781020193	0.16970347796
-0.935607920034	0.852656942152	0.187650548402	0.272823862991
0.339817681569	0.158368276873	-0.842881551106	0.746256007726
0.0575509573298	0.495907516723	-0.948479421644	0.461107203655
-0.816707750207	0.148072605875	0.544270091614	0.922900927828
0.853775241506	0.362434135251	0.742072245081	1.85799298372
-0.519303383337	-0.0395656042028	0.0272944968726	0.289887622371
0.495184739168	-0.655656156183	0.390772413504	-0.182972256203
-0.265561114448	0.270208970185	-0.849173025414	0.490406368636
-0.0987356757391	-0.843310681312	0.0577589775755	0.0476409204004
-0.428124734174	-0.871701797774	-0.659370955401	1.56603279251
-0.666632147406	0.766958577009	-0.990139901071	0.154099910921
-0.257866124698	0.438921270571	0.0823012714349	-0.00379071091523
0.570870197292	0.924098780179	-0.227373392941	0.695016419869
0.519956409024	-0.0981862749814	-0.171739292532	0.265658910331
0.644542007406	-0.800950732214	0.871592048303	-0.0392415840778
-0.801982978262	-0.847962606139	0.946221453927	1.41620290356
-0.449011236059	0.790518153553	-0.771505301604	-0.168008959224
0.692369683936	0.933405031696	-0.170062859224	0.995820973595
0.271993613486	-0.755395770038	0.849999507134	-0.0510691694225
0.310123935226	-0.704740882013	0.680417910688	-0.138929945776
-0.562312138432	0.327783670911	-0.976861631309	0.765937559336
0.882269148365	-0.83159431783	-0.90097234775	1.6057034959
0.114671897076	0.609443109217	0.782217789642	1.17161755371
0.801902364538	0.58245987104	-0.0751122401633	1.07201533299
-0.829397403771	0.563951292944	0.53207307228	0.803325366459
0.358218163382	0.0367589357383	0.548323525043	0.462302448361
0.160844049046	-0.258069963447	0.424052691335	0.0547472127314
0.989032128706	0.615338148321	-0.246391010478	1.49586849221
0.389899194751	-0.207180970674	-0.0442281181596	0.0823610393214
-0.982376869769	0.800851321706	-0.0233324985166	0.160185042901
0.404672071111	-0.879574826028	-0.822868613857	1.20870739214
-0.148215372834	0.970830969518	0.145923342633	0.0410362447671
0.0745728434997	0.676282437714	0.262966689331	0.302984646773
-0.344674292881	0.432270458136	0.0663182488121	0.0028733836038
-0.740284414671	0.59331707751	-0.331516368362	0.0220064088342
-0.222980707207	-0.893315317745	-0.506677445001	0.958257233145
0.113396107011	-0.466234214139	0.553142198549	0.00806200581446
0.151919205611	0.0501013878966	0.623705122467	0.450947380148
-0.422043737514	-0.502937381314	-0.647758037034	1.13575469393
-0.615892980219	-0.229107069997	-0.290336266745	0.671242838388
-0.512914553729	0.29170764818	0.666235938091	0.751676685079
0.105842341861	0.880803210754	0.767477370897	1.36944692318
-0.281023095411	0.639486494578	-0.686789373454	-0.0682493794794
-0.944612259748	0.0509869201845	-0.922458322836	1.64802549986
0.734158497166	-0.456126363896	-0.466760613216	0.634886944492
0.493184916098	0.256234090842	-0.289235830109	0.379147435512
-0.0281810564321	-0.577556744419	-0.369543497503	0.367065067035
0.893195378654	0.552382922677	-0.586772560332	1.31136275397
-0.155561704147	-0.431065408612	0.980794451326	0.630427908187
0.774667031836	0.904328496053	-0.884049764502	1.2827350742
-0.20562608955	0.948538847674	0.323973835858	0.259498569932
-0.247446328559	-0.00738971611975	-0.529381274959	0.347214755259
0.0166287772632	-0.574200614658	0.756851255122	0.128967628591
0.675619826769	0.888940008892	0.537526496082	1.82381118734
-0.0192822535564	-0.527955724529	-0.961095648112	1.44167277551
-0.783965905087	0.22641247014	0.408531325587	0.696497313805
-0.520258184059	0.0100106117204	0.463381098035	0.484821245672
0.124012251141	0.518201333577	-0.940916172037	0.47738158002
0.876939783667	0.854421980891	-0.195351237725	1.38954972583
0.195741503153	-0.287514096049	-0.356824011913	0.211951603429
0.433850842247	0.291944527473	0.546953564679	0.773725234357
0.826249216782	-0.00937963021772	-0.974545411248	1.63381749028
0.242021286689	0.353307103186	0.166212680569	0.230432918787
0.115571738514	-0.700511787679	-0.851421191219	1.25374608718
-0.787230444234	0.664351102462	-0.42011482427	-0.00587292228252
0.428550451194	0.0936055704809	0.0879185418372	0.239729533945
-0.632933549396	0.470140353876	-0.00520493027787	0.100617318594
-0.846074771391	-0.400118536066	-0.284698534748	1.24933913435
-0.348328863462	-0.433579465909	-0.864668671338	1.3949157316
0.9181876612	0.402262823787	0.564707878875	1.75847731698
-0.7733892401	0.939545722688	0.684358188047	0.982828302107
-0.673830271927	0.872550219934	0.792677279514	1.18608448743
0.195642408775	-0.408723276635	0.885404068584	0.380367458356
0.388998368216	0.617115609536	0.822974492201	1.57653411578
-0.885372282282	-0.562177343707	0.724261470535	1.39901160412
0.333460817683	0.553250335064	-0.633990208215	0.346871715034
-0.300499809859	0.915048850219	0.199797163437	0.0380712014208
-0.737723039502	-0.779336529308	0.637111590118	1.02855663905
-0.250546243048	0.213489227842	0.75420549831	0.739125179088
-0.737950618762	-0.570146167709	-0.0532014631045	0.998473838958
0.923328032024	0.611119454766	-0.335542033533	1.32433056991
0.234763395504	0.353079482387	-0.997417045288	0.780677258193
-0.835956394132	0.532343402356	-0.0798351718708	0.217681149463
0.384445336782	-0.787637085693	-0.425952667521	0.36192660496
-0.756472379388	0.0172731419167	-0.897510726177	1.34920647947
0.260061334418	0.144727590321	-0.486566931817	0.271597667491
-0.900464939034	-0.967965043818	-0.215424336366	1.93738656249
-0.555273250233	-0.956803806762	0.149593318759	0.718862646203
-0.89563376146	0.777141805061	-0.283121416242	-0.0337423555219
-0.802363358009	0.0560007662423	0.626966006595	1.02705094563
0.793117571159	0.838509955639	-0.540639373726	1.13303189623
0.385618968506	-0.16468349963	0.709216783408	0.471389051595
-0.200104146064	-0.949336627161	-0.955079389953	2.04887635222
0.0222344110209	0.204504862779	-0.093331362943	-0.00533456005461
-0.382304315524	0.163905848082	-0.953578799464	0.836510061555
-0.205274511398	-0.77291431473	0.0071082900202	0.195353662015
-0.567467608548	-0.772048069442	-0.557854797128	1.50202445223
0.628816845761	0.696416493043	0.993400410321	2.51199385317
-0.74003683941	0.160651344734	-0.302126666179	0.471510077494
-0.708353331125	0.980987564933	0.274359699223	0.151295330118
-0.411539726805	0.146990152184	-0.211543709895	0.122528558751
0.494478265966	0.601346128614	-0.952895450846	0.876851096338
0.484321980976	0.615694936546	0.14613212859	0.644089783247
0.298735831273	0.86652529541	0.563070741111	1.1530689511
0.739769643253	-0.439450211366	-0.791096562247	1.19564852128
0.232044924617	-0.0568391313213	0.81585651754	0.659904896571
-0.780913288339	-0.0923804354501	-0.131985806831	0.711579833043
0.753828746391	-0.324135563613	-0.134092745842	0.385360165543
-0.308548659894	-0.349797345885	-0.195499123438	0.309736759596
-0.867110220732	-0.651283846802	0.408589698327	1.21745268615
-0.074764559669	-0.44543669424	-0.779632783071	0.993996943739
0.793012001582	-0.971776723075	0.493591851295	-0.377790725726
-0.612781351775	0.330148046625	-0.872013436734	0.645706319862
-0.462304142016	-0.163096295438	-0.105063975757	0.317299196885
-0.0758892791197	0.0102467598689	-0.271572602779	0.0759505027982
0.558278753892	-0.935921128924	0.464840365617	-0.4298070688
0.28832722196	0.919358830825	0.27377178811	0.674854267594
0.648389480331	0.111690342957	0.0244767453436	0.496160688776
0.67061564261	0.852135244853	-0.148506826311	0.916686941592
-0.317920862988	0.25231689883	-0.339840069901	0.0506007494754
0.470869235834	0.137357766988	0.505432241624	0.611282178979
-0.385807131059	-0.0660436842556	0.887028648647	0.902564450247
-0.0609527185785	-0.223789557687	0.782179235928	0.454116627708
0.545422656133	-0.6859471964	0.357932934394	-0.194052375327
-0.759374305332	-0.614592600757	0.690738254597	1.09595188089
-0.37958945562	0.511219670459	0.545751373961	0.526877958135
0.440457088847	0.848178058513	-0.358853868312	0.39199260708
0.696414086283	-0.360303266407	-0.465702866119	0.618745732863
-0.63082747591	-0.312700012385	0.142847302099	0.570940062474
0.579575425967	0.897584531172	0.372168515369	1.3286877176
-0.620668526123	0.979553280344	0.713041236651	0.984141216097
-0.60729650603	0.350837397746	0.645121522178	0.798261254848
0.677851499791	0.554104733857	0.30311354714	1.09491785448
0.726037729502	-0.946123042244	-0.459371109721	0.485853167535
0.737508647132	0.718683057134	0.926315669884	2.59774207155
0.880935667245	-0.544226443117	0.637867083013	0.356349446847
-0.479599089757	0.339618137102	-0.546374593382	0.180101212205
0.646632367745	0.347626819947	-0.939758893171	1.19938155443
-0.935130971197	-0.495910695448	-0.313506400281	1.59196882356
0.0298360579895	0.121146743972	0.358483768542	0.176444485268
0.967977158685	-0.417539891967	0.751719210068	0.784019714497
-0.216130812975	-0.54927623202	-0.630163178971	0.908667335526
0.925452191486	-0.727132845271	-0.643895865245	1.0663347914
-0.826432739035	0.765738618241	0.622443723265	0.914224993709
0.275537509761	-0.45983199784	0.32650396282	-0.0943121760967
-0.206138235199	0.335096026681	-0.279494074697	-0.0421235476724
-0.685226866246	0.0669835286204	-0.175824064085	0.442773730101
-0.691369875642	-0.446378452924	0.305468742552	0.743561408391
0.778112771513	-0.923217889107	-0.566930527016	0.731902481674
0.580279779528	0.18469353439	-0.837468791765	0.990577452033
-0.927345292561	-0.0824130379572	-0.295890759769	1.04833123256
0.849155181105	0.0676542677754	0.33615592326	0.914256681192
-0.278587010452	0.636418052894	0.0221380972112	-0.0851079002909
-0.085331643356	0.943070707639	0.189098178015	0.140898789557
-0.565801702802	-0.673898789132	0.772414565567	0.777519669957
0.368995842115	-0.197875131709	0.270128848386	0.0826606439171
0.0651167111425	-0.412550293423	0.307473888826	-0.0549319829638
0.0990587057767	0.848335230622	-0.503147668547	-0.0798326998691
0.646817215927	-0.773125679178	-0.0276209682408	-0.059581090831
-0.383093026618	-0.881608789723	-0.840257135665	1.93130857706
0.117371537775	0.919204273163	-0.47641832251	-0.089286842891
0.679888294748	-0.726315692758	0.630176396148	-0.092150159928
0.454216024334	0.220110511248	0.165125963298	0.369902462052
-0.907254828444	0.997820847576	-0.0408429331614	-0.121252243145
-0.850460878245	-0.029859325654	0.25511916547	0.806145996092
0.182216357377	0.694768404691	-0.615394204717	0.110954546152
0.0109013611247	0.240620641656	-0.432286230444	0.0855963270661
0.785276328287	0.952443083917	-0.812549288156	1.25091931544
0.211690667134	0.134427414221	0.450808804779	0.33709960795
0.686234832639	-0.879115610475	-0.823111555705	1.26876134262
-0.715341309736	-0.10047638303	-0.69541089879	1.13705678683
-0.931222792759	-0.382929714057	-0.419154050601	1.55996542639
0.525257805042	-0.502305191586	-0.729774807825	0.91119698416
-0.0560890930756	0.637840224495	0.198526408862	0.133410970856
-0.476761697347	0.833352479301	0.749546618494	1.01644783971
0.229264939148	0.0150859240356	-0.03614209974	0.0567821001808
0.613814375651	-0.699573977532	-0.614899409558	0.755628433117
0.187141069374	0.713251209999	-0.85297080747	0.287677111892
-0.0156943201233	0.0861874546224	0.339338969446	0.143291356396
-0.731826753775	-0.995075148722	-0.136322885357	1.41802845789
-0.186356180566	0.0254808552814	0.789694569119	0.673719716695
-0.596373156994	-0.224936558222	0.492687156888	0.621724348945
-0.00932528980601	0.327570784034	-0.203025652121	-0.0282535880883
-0.934850777976	-0.0369694288562	-0.68688448091	1.40571089347
0.76222941184	-0.241163866623	0.70874453108	0.728566722834
-0.315293618671	0.590175530554	0.862448285628	1.16614440722
-0.941223343269	-0.753130267157	0.378597586456	1.45296800092
-0.364957007494	-0.418810973977	0.513305312546	0.33454606308
-0.020356276996	0.917102565156	0.624253402486	0.943942291405
-0.342512278189	0.204134737717	-0.710539131276	0.407216144511
-0.129017679842	0.524149210491	-0.893848074423	0.279475664326
-0.39046048434	0.709130530903	0.269075307503	0.138782976045
-0.0896486308561	-0.10829581907	0.529179621115	0.240468579821
-0.409843602957	0.195622094888	0.19289049416	0.162737699986
-0.250835414861	0.35145538782	-0.754416669545	0.278761655453
0.524155042644	-0.416381054772	-0.449328396465	0.445478118738
0.673650714441	0.133902491979	0.429205309581	0.785697652749
-0.320315285945	-0.548637665696	-0.59395522645	0.956987933174
0.789908849783	0.188104359617	0.417758075697	1.02564521442
-0.228318797894	0.127631213182	-0.324141903325	0.0866862174308
-0.821132584032	0.24327399764	0.70055844984	1.13570831056
0.662268832243	-0.658583131927	-0.84905866718	1.28251726098
0.933880917216	0.369866169268	-0.698850229227	1.44745511066
-0.955990046612	-0.970612366109	-0.407543213039	2.40347068313
-0.0641629246197	0.624203604819	-0.0664704167563	-0.0730066053969
-0.919904055364	0.610208778328	-0.570053693213	0.261999386701
-0.459786527577	0.188169961075	-0.573890158472	0.346246663155
-0.855952458055	-0.619389329024	-0.0441737350175	1.29213448808
0.408065926774	-0.521793038334	-0.791277534063	0.992595085398
-0.163483403136	0.44946270562	-0.526864890256	-0.00597237608324
-0.11060318961	0.0438777476101	0.8719833149	0.805995611988
0.556927967721	-0.384888863069	-0.145626633867	0.173070574956
-0.0746387477621	-0.996604925437	0.682184622645	-0.134536409296
0.407726862938	0.325287011055	-0.241114434008	0.278574224059
0.284831292931	0.0924088506575	0.867672864319	0.940486649458
0.572256517806	0.312584328282	-0.0373480225259	0.496076409647
-0.621581351973	-0.861708573987	0.74560496556	0.835417930583
-0.2499082614	-0.327271364942	-0.159326699542	0.221770020553
0.368548102315	-0.397877810494	0.023067333691	-0.0194552866302
0.0565568097637	-0.162910464433	0.652818680398	0.313806211648
-0.80434162663	0.230032146083	-0.524079312842	0.616045058872
0.0118980382601	-0.609630729751	0.784731611391	0.130295350573
0.96651899529	-0.275945866164	-0.669271613305	1.30005927435
0.379861326359	-0.0297693503046	0.440524941847	0.313934485449
0.0161259508407	-0.448951315367	0.270216076696	-0.055276855512
0.215095452871	-0.123411595673	0.488897546814	0.198405965693
-0.102571364593	-0.615809635403	-0.665856625843	0.927091291638
0.716331129267	0.288676871487	0.418838057359	1.01625269445
-0.980050011765	-0.516195806969	-0.416442694006	1.85478622213
0.150575741429	-0.133834139322	-0.861459660072	0.859926337247
-0.890809624794	0.530292178807	-0.0163494501507	0.31274972977
0.160253193741	0.647831376421	0.778653918409	1.24023649755
-0.813263677574	-0.59002359514	-0.0917503142819	1.20379553856
0.253060737223	0.191092410445	0.808983317694	0.921442303484
-0.549640955923	-0.952247751119	-0.519234675942	1.5895442458
0.091898378708	0.229211701016	-0.731951674675	0.39749086136
0.896445987451	-0.433124851372	0.414246549986	0.407522102121
-0.918769643108	-0.0949492200209	-0.566158123431	1.30566541104
0.822364828348	-0.487221695223	-0.913923802378	1.556150146
-0.0165882731415	-0.659720388253	0.370043479033	-0.09597425848
0.272283057638	0.562784995666	-0.693374404678	0.31792223662
0.442195744204	0.463032186846	0.627631425083	1.08482269569
-0.359438195989	0.488688163825	0.21020131023	0.100450107881
-0.931247299266	-0.691109836322	0.836711567938	1.63264235411
-0.943608882341	-0.273751133953	-0.808419301006	2.02355919098
0.546995056277	-0.907647973718	-0.78813348498	1.13922678794
0.0638905273966	0.0303494922102	-0.156443789626	0.0257477142924
-0.564733773641	-0.800850110906	-0.722628568276	1.87210055708
-0.675307060768	0.111498634515	-0.230467737739	0.40816235125
-0.427344093787	-0.153610070785	0.635628079595	0.554651512261
-0.350760124717	-0.0614229758509	-0.925198099922	1.05739734041
-0.320997764591	-0.309750414785	0.241740479106	0.186028001165
0.906067860432	0.476372986197	0.265770484795	1.44982505015
-0.785403871965	0.927503995181	-0.583431692772	-0.312348672811
0.467722860634	-0.452387016118	-0.508848678615	0.49629643817
0.0160237201025	-0.41128504406	0.681647870757	0.177958688327
0.365061700873	-0.139879209059	-0.554562463541	0.467316788211
-0.751187654977	-0.623697576109	-0.851191170218	2.28820909053
0.0478714059296	-0.0834685485092	0.826264979447	0.61204259248
-0.538508901906	0.863670527189	-0.555201743215	-0.346364836363
0.665664859662	-0.619453773473	-0.796881937591	1.15941344192
0.884986126424	0.176302781239	-0.34215549709	0.995973377845
-0.266453570182	-0.25076416681	0.00121169637715	0.137512130759
0.433107983764	-0.906413697891	-0.62364559268	0.749222249553
-0.820214170879	-0.730044414111	0.755038305561	1.29041540539
0.366363553188	0.488141265676	0.763665330775	1.2690207202
-0.301953152028	-0.850674840495	0.492584720324	0.171649933764
-0.0454233531959	-0.619154568157	-0.480683486757	0.558861348752
0.244259541965	0.3400650214	-0.112217353725	0.117158387888
-0.623971400042	-0.835651871553	0.0987838343718	0.837972526171
-0.270271262367	-0.151870484828	0.714099078634	0.51557970373
-0.869350343373	-0.875677966429	-0.235510100815	1.77873697406
0.201054445645	-0.881776739997	0.839513594193	-0.172342728965
0.604881394812	0.532723847138	0.507276056621	1.21568329556
0.698383528174	0.205936148896	0.0709913328461	0.6512214177
0.710214386573	0.378375850394	-0.871725418825	1.20319780655
-0.512520139195	0.315829226343	-0.568731252184	0.24464133987
0.629744194334	0.470920731963	0.98211162145	2.12017730787
-0.590219588637	0.87257315216	-0.375611194107	-0.353315078603
0.474806677731	-0.960425852392	0.87814652686	-0.302828530912
-0.229762701515	0.392722043763	0.477510537186	0.378103248494
0.724445957794	0.98059142018	0.51868637106	2.01286239311
0.663012182803	0.36385561329	0.167247987305	0.769651867188
-0.147272497257	-0.495152232781	0.967883389527	0.552160128618
-0.87043914911	-0.5080854041	0.307200415352	1.13820978714
0.818673036356	0.274199805366	-0.505575796026	1.01168362834
-0.784680702075	-0.345720602163	-0.427363055215	1.21739148279
-0.62755094621	0.55953485346	0.127399871263	0.130198958858
0.590702047817	-0.102752321288	-0.741220028122	0.913802111257
-0.881065162169	-0.121946970357	0.852730410272	1.50688030974
-0.485090989236	0.615991345265	-0.799469758178	0.0831868592054
0.223134888933	-0.278413241195	0.552462626488	0.139067514194
-0.0164309376585	-0.117285271748	0.694558223129	0.403146758072
-0.760570305331	0.00320720792718	0.106757094061	0.58776735157
-0.449779223846	0.667991488226	-0.265119461813	-0.204956557728
-0.182557251227	-0.183744481197	0.505663519291	0.229653751121
-0.00841937478314	0.463117232207	0.342395653733	0.271975839497
0.853766483183	0.531032262659	-0.181198621411	1.11890538164
0.0827010745858	-0.874250637648	-0.193914929431	0.141671251108
-0.336916427475	-0.906057641393	0.899568374758	0.412940843687
-0.543156215238	0.466217802397	-0.499499381404	0.0584137052512
-0.587247312658	0.54190934785	0.697532080494	0.891174756158
-0.604339547818	0.66781172297	0.30835900623	0.262652290337
-0.805367378977	-0.0794707995176	-0.58144461604	1.09690551467
0.408908428148	0.754759014432	-0.148738199341	0.385694980033
-0.639118217519	-0.870009686182	0.27396604677	0.801215416229
-0.413492266427	0.60690510633	-0.62219304365	-0.0704626652757
0.390181763633	-0.728833278138	0.488143883355	-0.249626701038
-0.987352626853	0.684416526706	0.993532456038	1.96620152818
-0.551980971863	0.182110432819	-0.606429096163	0.461480683101
0.756753498126	-0.850871066056	-0.329069830542	0.317059152127
0.646362457	0.751195523999	0.699497091817	1.91808427628
-0.6875676569	0.701921819667	-0.274272455742	-0.127161899301
0.923319757251	0.476758319765	-0.573548658635	1.34823371923
-0.842230446343	0.306037168936	-0.320916544949	0.456373341298
0.718226958823	-0.496119613291	-0.288024890813	0.38537661849
-0.39610094665	-0.903458963875	0.100484966387	0.43407009564
-0.629387277611	0.445259232807	0.0702393929189	0.152096159372
0.701344936862	0.287097694989	0.303118184421	0.87214440101
0.145873176379	-0.658830425332	-0.82585879137	1.15131693881
-0.740298259867	-0.64059140493	0.260899388236	0.923208801044
-0.734738090732	-0.162979621664	0.422893475768	0.769503271184
-0.240999113309	0.853402419342	0.797440835583	1.16886117088
0.259228493824	-0.224035822217	0.020943546264	0.00486947077718
0.866977834395	0.425631016295	0.00732830508128	1.12383608008
-0.726488487536	0.544587680975	0.246187796971	0.326828114654
0.320285281322	0.155032470879	0.463848377742	0.439304157629
-0.65901998402	0.97616078239	0.364754359312	0.28010251953
-0.715405753055	-0.31826845391	0.224232231788	0.718410522493
0.445206713844	-0.282285190135	0.61661190572	0.278683589415
-0.0491158720861	0.947492617912	-0.137911356395	-0.155775007221
0.113451449497	0.935274464645	0.125403237475	0.251991892847
0.134730207608	-0.309531484008	-0.0119510776094	-0.0197089492155
0.644988630243	0.099198790277	0.424676529144	0.702469977361
0.479457799709	0.862467645047	0.533213326437	1.38759231457
-0.94929191479	-0.126744551946	0.847633772171	1.63252276695
-0.952471335856	-0.654740445605	-0.85996612002	2.8334194807
0.575119439338	-0.162568295242	-0.491816567738	0.559103499981
0.302911804792	-0.814402844987	0.0549504676815	-0.196668937435
0.202288652815	0.982254700534	-0.212430796073	0.0760853742891
-0.928769434922	-0.738678781344	0.523366234786	1.43598762079
-0.893980335983	0.00087222381995	0.296885504893	0.886821043805
-0.81015805567	-0.64262903318	0.27846393161	1.07558031727
0.615953471357	-0.488662106869	-0.46500177535	0.521860956149
0.442143215147	-0.424779815297	-0.874851337434	1.14466116157
0.860503938049	-0.775940038689	0.379814724088	-0.0776866586534
0.783813838553	0.341013838673	0.715321818097	1.63727544192
-0.229640822736	-0.110209892325	0.87864967185	0.753232957931
-0.478906361531	0.653234292231	0.66700696258	0.797123354239
-0.564187076329	0.824625785794	-0.664344072042	-0.253418360444
-0.285044674022	0.653230780539	0.969233534302	1.46759733344
0.958151829783	0.834706751371	0.0205588722439	1.73541402677
0.377914480492	0.435830835241	-0.0440585382705	0.290265223509
