0.223758193303	-0.575711119563	-0.797765691835	1.01696032776
0.515055645256	-0.181043256342	0.6711026622	0.500915138403
-0.233850583506	-0.738944446075	-0.661070320036	1.15299689479
-0.247517592549	0.452624575198	0.742694838354	0.83698997207
-0.589575942312	-0.909622569438	0.0347741853025	0.853469235457
-0.615629975596	-0.0904446982631	-0.18471193466	0.485505448239
-0.541304274084	-0.573293955847	0.34408429223	0.52446934087
0.67519772756	-0.431975097288	0.883770813014	0.563507234254
-0.0143983299454	0.494071387164	0.507933037254	0.502044659692
-0.203574721917	-0.525822565537	-0.177911268922	0.273689029433
0.96296445045	0.796238395106	0.986955476037	3.45398275736
-0.630503830294	0.727892777605	-0.37705084207	-0.193689351535
0.521119153439	-0.946412032661	-0.0982289736719	-0.119014251276
-0.524437943812	0.66158283313	0.470609914936	0.4608971491
-0.307809013195	-0.943383016679	-0.871397416986	1.96652316633
0.0872136766869	-0.0938336026602	0.676783697391	0.393953772423
-0.792560494295	0.2546812926	-0.0272872615603	0.420096845564
-0.418139407582	0.874761750552	-0.661399875072	-0.332049313766
-0.0519485025786	-0.425289835281	0.679898096739	0.197899489404
-0.6571959025	0.435228924598	-0.165888818888	0.101195276352
-0.120295250243	-0.071826098812	0.797281075935	0.601502810464
-0.574794471951	-0.969162911574	0.519259829612	0.653841571296
-0.737116637531	-0.318340909807	-0.491861287254	1.17650241393
-0.0431558927226	0.415805476848	-0.394395433576	-0.0245260487749
0.1845942259	0.186224386855	0.627061937854	0.578431873573
-0.818560333112	-0.542619277847	0.0203054284309	1.10360182928
-0.0819880171256	0.314868161868	-0.0803409259506	-0.0379355165896
-0.0518197686846	0.61821046835	0.35457574577	0.315576162304
0.612282736481	-0.632091573644	0.111074884245	-0.0700004774886
-0.816173183612	-0.0349502824784	-0.651416827846	1.14177523471
0.387053044693	-0.992110994615	-0.422628120701	0.363719011855
0.591229357227	0.0238925926226	-0.749736884599	0.907870393197
-0.257535452814	-0.473284123184	0.72149152915	0.367291491307
-0.407892794286	0.15223419301	0.336296082913	0.268572119435
-0.209388944358	0.45574767196	0.384563338839	0.27156801407
0.739305416892	-0.776034753044	-0.249682930909	0.228950000439
0.0835890904964	-0.43324832675	-0.447341696225	0.364696937015
0.736862259206	-0.487784804097	-0.193226729312	0.315125407513
0.230498429507	0.273319485786	0.640673236115	0.701699913158
-0.548080449157	-0.68635105901	-0.746300568358	1.74575649921
0.696728176244	0.784754462605	0.176505692752	1.20185858674
-0.764014015818	-0.492345745898	-0.262436997829	1.15795938414
-0.975778865629	0.283850512477	-0.435857610195	0.741422513879
0.965811023395	-0.470311641889	-0.191530125044	0.605321401124
-0.65022236666	0.721251904588	-0.944150661388	0.1642650144
-0.602740419703	-0.701792041437	-0.736714603377	1.84606329543
0.547806268915	-0.528896490593	0.451573484461	-0.0245581242
0.903138381602	0.549226434593	0.766813741514	2.32084410102
0.41889262602	-0.866836735542	0.292581863461	-0.355657044923
0.242524500841	0.310899045576	0.0238261426598	0.142193979435
-0.137768667248	-0.624711171859	-0.847393865164	1.35249860849
0.510125898412	0.140733298678	-0.0922000463601	0.327545364542
-0.343889690108	0.265936826913	0.734404290145	0.761461993944
-0.0405812086475	0.938275631646	-0.758616561051	-0.172721870977
-0.630178059644	-0.366591018306	-0.20638037803	0.746392056832
-0.286522609561	0.767841235552	-0.411394070095	-0.28454891892
-0.29286916144	0.83755353567	-0.790283361432	-0.196878088122
0.202418506246	0.408124893874	0.989435880386	1.50638205812
0.35105919772	-0.757280256478	0.852307577038	-0.0616151336456
0.752554201424	0.864834704814	-0.0543258940884	1.17314120092
0.360462423283	-0.457022799907	-0.998172730904	1.41773010964
0.647076264721	-0.790991855969	0.550671623517	-0.225461895788
0.727117616382	-0.711420861972	-0.495340195765	0.609170645233
0.284447295437	0.778719603043	0.0958667461635	0.386258696408
0.211016999272	0.0355585471452	0.0246445505269	0.0535153101811
-0.090382450897	-0.0245813344313	0.31066970289	0.0992696971114
0.4233561807	-0.448971243561	-0.490822605781	0.450427770849
-0.257449424641	0.831123343685	0.617470172868	0.746771268691
-0.680541530215	0.312688195079	-0.833273529658	0.684129450821
0.57295404965	-0.0933444327988	-0.958359395724	1.28270451781
-0.433280187771	-0.583534652405	0.367158072953	0.361121316936
-0.614936124972	0.884582769911	-0.827487628078	-0.213060986441
-0.0733595352771	0.0542919742214	-0.329677004624	0.0921868993592
-0.559631658027	-0.480000243554	-0.321017313529	0.838951429083
-0.202480849022	-0.0980642994706	0.136278472937	0.0660624060409
0.165422368178	0.0601679864037	-0.663560267062	0.437704833589
-0.607733632703	-0.380961800957	0.79882406663	0.934661901891
0.261232392542	0.35089931413	-0.674571838063	0.378248999685
0.243628242383	-0.0375273560269	-0.163087482516	0.0829297656697
-0.29171996604	0.248125269703	-0.397518924485	0.0721042483089
0.683472772219	0.503189370999	-0.023067729967	0.799975948346
0.55324918663	-0.103235341134	0.274570190923	0.296013236411
-0.484969199873	0.567020561732	0.400896937669	0.348242778117
0.617009592051	0.582096453325	-0.866868457874	0.986719800312
-0.0609221654824	-0.533463947136	-0.270068471859	0.253220061601
0.190256388938	-0.180320304326	0.359046848328	0.0660616059147
0.0616331198458	0.292860762037	-0.503690567142	0.128041548011
0.395472386974	0.815593015418	0.67736328037	1.49021669943
-0.943425052191	0.793677162561	0.289927386477	0.455442545466
-0.327601782381	0.591920174496	-0.751088051393	0.0329579141301
-0.999486023845	0.642727360867	-0.944853378475	0.642040085995
-0.974950857706	0.887067611845	0.468995555838	0.721669445009
-0.126616165898	0.655766666842	-0.500729998	-0.144630518492
0.166011509577	0.71451710442	0.898444369816	1.59533403969
-0.974426526016	0.0569171731255	-0.599362546769	1.21916689195
-0.50852015102	-0.330926774095	-0.16218877316	0.506853482769
0.518929159786	-0.978308146577	0.53877929026	-0.475194196894
-0.720599068539	-0.163023872999	-0.0363878019665	0.64399402115
-0.768691442189	-0.932964893765	-0.590135220694	2.20688368518
0.299948183273	-0.230905899154	0.0443706240698	0.012432421124
0.940226846706	-0.605637693424	0.977097971194	0.677542788321
0.565065445401	-0.616499770771	-0.00651994830517	-0.0250017036127
-0.598773434682	-0.231791355989	0.166338662622	0.486432818956
-0.407890243086	0.267972923061	-0.432511023196	0.128235451721
-0.452108671941	0.00143623417396	0.971888315098	1.14971567356
0.21747786439	0.416582919703	0.129192156312	0.20840404415
-0.49659147342	-0.978822595768	-0.805983260635	2.17120169027
0.301866788069	0.0235405210774	0.811890977831	0.776508955785
0.238297360763	0.775285201677	-0.318721070009	0.0960174409717
-0.985383006824	0.221135226813	-0.602958292733	0.983300159379
0.0211821972434	-0.187637736023	0.33322880424	0.0449892435151
-0.798270756115	0.90462998915	0.718251088574	1.08073263533
-0.280561535887	0.0479029386782	0.241221172767	0.135017910608
0.148742541988	-0.841517729286	0.802817043132	-0.13411471281
-0.681098386927	0.0608776045512	0.698438595962	0.952767115392
0.328001548061	-0.826045201437	-0.57625896955	0.644731267259
0.903974275166	-0.318884464141	0.32351704605	0.530404857043
0.771024904397	0.132927240436	0.79721000677	1.43848433719
0.794686634232	-0.897204105519	-0.960253891805	1.70216200659
-0.848347547963	-0.410664286205	0.552387556788	1.14636577355
0.214792169337	0.359414923503	-0.63185866956	0.295481130033
0.869584742896	-0.775779229213	0.398846767502	-0.0687664504216
-0.708621604272	0.697566732115	-0.00311989142175	0.00566712250193
0.851314930466	0.97002901296	0.241670634213	1.84336951476
-0.450453058165	-0.0696340824802	0.196746829024	0.259283872827
-0.881123374919	0.977508386925	0.0559594933687	-0.0270947480762
0.68472569793	-0.623767110842	0.87621352495	0.262936873456
-0.584818155922	-0.0323854780426	0.0221258323806	0.360724887843
0.758528108103	0.127099448188	0.215374404044	0.745533496582
-0.974493923582	-0.913451381469	0.748075030015	1.71607730875
0.300367141711	-0.344314737554	-0.301160557226	0.181191285703
-0.98042176078	0.688375334877	0.0722009188399	0.341242975479
0.643616536744	0.613390501123	-0.141672117686	0.742201174042
-0.418344683505	-0.0991054479074	-0.748892354937	0.851531583009
-0.579755387326	-0.719592528329	0.778579650425	0.799230127013
-0.359189885652	0.839537144304	-0.814343544745	-0.193052122078
0.516947245536	-0.645456709341	-0.880090544078	1.27618709894
-0.842626235427	0.28820963845	-0.290693958382	0.467888146765
0.00922810762889	0.665915520154	-0.477145853592	-0.0838403656219
0.578931293005	-0.572629744707	-0.405166887812	0.399818982015
-0.832605099587	0.927125022263	0.269368587256	0.243600023624
-0.358795466491	-0.644325116037	0.109885328749	0.301188025633
0.469632784718	0.538272575958	-0.700420424134	0.586917065859
0.0713348883402	0.805059503453	0.576225158194	0.858448468749
-0.346694463086	-0.549375526737	-0.634209364007	1.06130312482
-0.0181353399123	0.623075244373	-0.0492388420127	-0.0392258307509
-0.0937407549967	0.058103323469	-0.365573407994	0.115743566394
0.508713161325	0.0254996950594	-0.0560414411032	0.273472714454
0.728697113424	0.234991858661	-0.765509515774	1.108353687
-0.13356635852	-0.264340179676	-0.178085673638	0.13193663346
-0.435191943849	-0.762166396133	-0.767833746618	1.6958664454
-0.287961474866	0.923558342051	0.974042590378	1.66531671643
-0.0130030762663	-0.801287040163	-0.89904479248	1.53926275611
-0.394784136166	-0.867906114878	-0.324653409907	0.885658596243
0.690577342321	-0.800342699093	0.44345365077	-0.234065219757
-0.779871527856	-0.456540799612	-0.484307794032	1.41990307779
-0.733525778272	0.347989011101	0.678538864375	0.979340216066
0.709544041525	0.00720682749362	0.70942033613	1.01695619167
-0.281814344339	0.246711930622	-0.416503831816	0.080611341165
0.602089702853	-0.495592352481	-0.555234389584	0.647576102729
-0.456186289763	-0.570109355798	0.223902343531	0.390665441355
0.917721318272	-0.426968835476	-0.815294356528	1.46318418522
0.531349484039	-0.826285821824	-0.801677810597	1.14838804966
-0.545565683802	-0.522060036057	0.945802227321	0.983236264206
0.879621737424	-0.612940194943	-0.271076467956	0.474214996329
0.681351621211	0.124134284944	-0.0362982629465	0.545630832999
-0.183460949794	0.683816163116	0.626206720678	0.728549491404
0.15829021878	0.715685056919	-0.462241730039	0.0211896557145
-0.082001162846	-0.109535900748	0.546771529842	0.254774255764
-0.235093646366	-0.403199500493	-0.198128129227	0.269198581674
-0.918021155495	-0.86079038324	0.391248293774	1.44927908284
-0.977686967615	-0.818543173527	-0.946709531658	3.42733236161
-0.139879891647	-0.477765461483	0.511530008076	0.103667743864
0.745281575547	-0.823268858536	0.295559730017	-0.214092052691
0.797797063998	-0.531610688915	-0.96284630913	1.65129511324
0.149897718883	0.855812373381	0.168321944146	0.323137928081
0.226961571528	0.232692629518	0.413328205154	0.371342471916
-0.863079777679	0.491341845232	0.107477379534	0.385199013184
-0.990904786705	-0.751559196618	0.660153998556	1.66627439475
0.615886556783	0.625258456943	-0.957335475498	1.08231363943
0.487168706189	0.416882604649	0.397093822181	0.763650517924
0.459288627116	-0.9854465992	-0.03088500525	-0.210268965706
-0.472169347535	0.934576317978	-0.719842796398	-0.372908776185
-0.453464330271	0.417494680444	-0.600236868787	0.125999552096
-0.0876440262547	0.227256435602	-0.456114492713	0.0921492829519
0.64044682551	-0.941886775978	0.0878590598014	-0.268090331547
-0.737313749105	-0.313328356503	-0.0298779252556	0.784907161486
-0.691548254988	0.709375958737	0.59504732829	0.763864874486
-0.577988143603	0.172361452048	0.801432496477	1.01487753367
-0.82123535949	-0.576500620474	-0.51817898684	1.71511017981
-0.344055215069	0.950322065608	-0.284826706768	-0.398140123079
-0.209835256256	0.109621740352	-0.418763135825	0.150485348971
-0.489272291728	0.511613990938	0.0982047256283	0.0489559053699
-0.50421390551	0.141236608162	0.502591409157	0.506600631186
0.934031308747	0.229558691041	-0.609722796621	1.31862421198
0.904274548284	0.874633451032	-0.438202166094	1.41737609311
-0.510062339868	0.00927572747799	-0.334925966679	0.364501112454
0.229814775286	0.543414002758	0.800981020004	1.25453429449
-0.0957747970896	-0.736285479649	0.904853137221	0.232219377959
0.284894762345	-0.708002159097	-0.366335698818	0.273027228702
-0.733430716235	-0.215399674723	0.601656691973	0.928295472476
0.973748180897	0.405343709739	-0.151859313927	1.30439425336
-0.198448638215	-0.854755089166	-0.983198457578	2.01607993772
-0.644780432229	-0.0938197855138	0.917306436774	1.23162457344
0.059790252934	0.900886540032	-0.512832231481	-0.141567648551
0.365536450114	0.650719288831	-0.563375245004	0.322271043131
0.210208078324	0.08718979385	0.517535497187	0.375482239366
-0.556120657122	0.825070596467	-0.673959750775	-0.251411244904
0.722366777963	-0.727437457297	-0.53849293382	0.678031680032
0.603076299281	0.200824262887	-0.822538792505	0.996197694497
0.664994047081	0.404220526292	-0.187980540698	0.670372416932
-0.0743131428516	0.352486358044	-0.678442035489	0.200470107407
0.727952732545	-0.20993811059	-0.119571697958	0.416490206852
0.0657969302715	-0.597404189751	-0.0636851727656	0.00712346448157
-0.627394060607	0.353727269321	-0.169167803773	0.140475399986
0.0948996903198	-0.999536965928	-0.150988253105	0.0878659956681
-0.520330178585	-0.678705310549	0.373962620956	0.509931975273
0.269664130049	0.435185420959	-0.644200827816	0.324720539112
-0.645244567919	-0.146829096433	0.638861001836	0.825421225337
-0.0453439325266	-0.255371701894	-0.268355287144	0.154180535965
0.626879898072	0.136576159597	0.984928104969	1.58319632563
0.216250456822	-0.406768938848	-0.851534602804	1.03028929778
0.258023587583	-0.0979488506609	0.092092184616	0.0407637047312
0.463275699946	0.74403820865	-0.871480206617	0.67038237478
0.306571713689	0.145884151354	-0.953319642392	0.908454283485
-0.141738416639	-0.278122167971	-0.103154556688	0.0988408059792
0.236028581827	-0.602076030986	0.133083982154	-0.148812989763
-0.676203546762	-0.619137079986	0.15780988446	0.803111934648
0.638057044354	0.344412752809	-0.167664406451	0.597237368362
0.767067989557	-0.165983959733	-0.0933251236608	0.485272370586
0.960290976168	-0.054434095697	-0.414092614583	1.06389963848
0.385129635562	0.791057093689	-0.673515554479	0.373818311434
0.78785685387	0.0766274876959	-0.0117440725579	0.680327918032
0.342169046072	0.246225445229	-0.91506093882	0.813355616485
0.657180392375	-0.209241168391	0.322578322677	0.330936984104
-0.420760729126	0.429093593844	0.725686357084	0.834501913588
-0.88065030862	0.812986355905	0.547700599042	0.804837341173
-0.940843793794	-0.225703707332	-0.184444470922	1.17318854034
0.786722703583	-0.60755825589	-0.752869976734	1.16517831052
-0.767109716717	0.663868135464	0.986433100644	1.70710938548
-0.113815983744	-0.810449841607	-0.489663519548	0.741814308387
-0.497280717958	-0.0697516005154	-0.104470338335	0.300175263333
-0.188696510843	-0.330120050004	-0.134977120468	0.160676351608
-0.295104353745	0.95593244116	0.571154700273	0.677189752883
-0.127854731118	0.686177052577	0.446134996418	0.433779881635
0.409173270844	0.469996165749	-0.640084146054	0.468603253625
0.882924295129	-0.143466327379	0.831866480849	1.22554241803
0.680882994328	-0.861070223963	-0.485283875526	0.530677514776
-0.35147107611	0.637504245033	0.0785709380945	-0.0442696868
-0.502455177977	0.0899486086397	0.539751822104	0.547148016587
-0.00193130377398	0.170361179289	0.806584119887	0.787663275059
0.744229626847	0.277068970499	-0.245770031837	0.752388332851
0.410743691088	0.59754770099	0.0575376942866	0.45184143128
0.308643871455	-0.376024278424	-0.539308274952	0.472849870701
0.755341883274	0.658649593335	0.621544442139	1.86374447248
-0.240066109346	-0.470369226327	0.870171593476	0.518448109874
-0.0899119154286	0.644787901348	-0.0989125964926	-0.103883906484
0.0297818459133	-0.955220297229	-0.100804006373	0.0788902152715
-0.0977605376924	0.0405792761201	-0.926694268948	0.826747756359
0.321617468939	-0.867346187398	0.598600610182	-0.336387155663
-0.296691227715	0.443460554377	0.735953545965	0.82444881759
-0.531638631679	-0.84626967494	-0.432731788301	1.28601387714
-0.815201698891	0.00614438732177	0.646063499896	1.08091260517
-0.307744844181	0.780803456174	0.435608701377	0.384298371454
-0.674563957499	0.384397920485	-0.466455240707	0.234011617315
-0.36483918559	0.301920289523	0.0587138737387	0.044129507527
-0.570744033469	0.594595110353	-0.695649267684	0.0566853907199
-0.245915553894	-0.330915800673	-0.507904554497	0.567892480857
-0.0581147338296	-0.468429762061	-0.18700676586	0.153171058541
0.795498498587	0.0173701664998	0.746788803084	1.21730116489
0.367764881958	0.814484930742	0.535481271884	1.157671582
0.00249432846812	-0.840699204727	0.100291921709	-0.0763476275463
0.82807748392	0.776396628665	0.575869203176	2.10735713323
0.679564536679	0.116561987385	0.995658236267	1.64841057868
-0.944148907704	0.0831923960668	-0.482591422695	1.00561769453
-0.0513318150178	0.10962229445	0.181725554765	0.0499531934207
-0.199385635065	0.44565096252	0.0504268570507	-0.0240861234157
0.462359613642	-0.758739476197	-0.496379672479	0.485981553199
-0.706899800334	-0.709408553762	-0.285867913244	1.28570569945
0.072910232292	0.604032102748	0.566662859226	0.71274537733
-0.340022797383	0.11892358762	0.872934644752	0.941006185522
-0.712448591322	-0.0926685054011	0.00339565200072	0.573301401867
-0.83958390723	-0.585942908039	-0.344506717701	1.51739551998
0.908663746036	-0.0476764579315	0.690444846664	1.2261440561
-0.926010262198	0.360485168908	-0.619575909146	0.684208420852
0.431474611887	-0.424813780821	0.934488475606	0.479159108084
-0.456718021613	0.935906201987	-0.115353873568	-0.313507767269
-0.766882428512	0.58602071339	-0.580087969312	0.135258157852
0.641667408401	-0.808980693682	0.475697524729	-0.265901460662
-0.419592480748	0.626365798528	-0.452776858713	-0.165357584237
0.471922423829	-0.709448382607	-0.996419484263	1.58766615394
-0.700176155086	-0.432464635703	-0.405319337773	1.13261811931
-0.943986981106	-0.5818107234	0.639902682128	1.47750636905
-0.897579426691	0.472256932524	0.722952176203	1.24583974665
0.282855541171	0.805312460673	-0.657834163456	0.210778086769
0.174014929636	-0.309237823604	-0.912956045605	1.09227847942
0.0528818156862	-0.913744753422	-0.45534597501	0.577885957412
0.67353345724	0.499536181032	0.380166570411	1.12453522705
-0.170516963284	-0.298688220561	-0.342848210134	0.299957060106
0.823430244073	0.320210260912	-0.0924656942523	0.920649620683
0.355083259297	0.090381697439	-0.787150928715	0.70663969624
0.871292363624	0.790684491334	0.319177659508	1.80231094593
-0.710847132989	0.388220087091	0.591801052402	0.80931605233
-0.616751181556	-0.278796142673	0.421120506565	0.612265578576
-0.929773599612	0.795760227597	-0.569549670293	-0.00423605303593
-0.340771287185	0.637426392024	0.798642839358	1.04581486654
-0.429369947491	0.838161655349	-0.464876345156	-0.349054384841
-0.230527377257	0.99339944854	-0.9189586258	-0.244270933944
0.634083845063	0.00564476214195	-0.23450394922	0.459309958238
-0.830754823092	-0.2919051152	0.754307522622	1.28144877283
0.257164868179	0.23259318624	-0.78477220005	0.559283304993
0.651058608913	0.572444402812	0.00191407480663	0.797671533906
0.898008361468	-0.0819697557705	0.782196634765	1.28052459952
0.435873207165	0.768361821453	-0.765149170238	0.522435626693
0.612787446066	-0.846082103595	0.405694424819	-0.321622863406
0.952274325785	0.818082783747	-0.999958592064	1.86773390009
0.470328977029	0.891558338665	-0.587212886469	0.461819496552
-0.967951779342	-0.472969210514	0.655196761953	1.51413693766
-0.730242976645	-0.0398219172936	0.791166837701	1.15677366506
-0.775154229053	-0.828024862724	0.920424932905	1.32775838132
0.094905711706	0.518659697702	-0.485401846362	0.0420874394116
0.804253292831	-0.349677528639	0.950248806192	0.936286194722
-0.724705071144	0.823182734333	0.151064368367	0.0758067612946
-0.108300306773	-0.554612448666	0.679301919941	0.156495452011
0.803476575913	0.907320055556	-0.387850056519	1.17310855105
-0.934238234678	0.664122637475	-0.359154946334	0.142821663944
0.727138994548	0.939917574217	-0.354621263923	1.00462331994
0.621403170624	-0.0239039814077	-0.455242781764	0.589415995963
-0.65283877429	-0.775824887815	0.750498791359	0.913679829261
0.123911463323	-0.618593562101	0.407154834134	-0.147385082954
-0.552820304726	0.863842346753	0.657928593359	0.829277313992
0.101666942045	0.349000537204	-0.00443348778715	0.044290350689
0.0289421247895	-0.373181543772	-0.117901433068	0.0479363665033
0.415086983154	0.51166859712	-0.760329383628	0.573748280475
-0.424259765366	0.942254573644	-0.559887974941	-0.433846816453
-0.785188125942	0.184599510617	-0.858083560435	1.04948064069
-0.379859728157	0.607166755461	0.588395814705	0.617119226903
-0.215373302741	0.671047645489	-0.0746082604414	-0.142639393149
0.566033330926	0.533806402749	0.616020601175	1.33086307014
-0.416517210457	0.42310867681	-0.586359551318	0.092978250351
0.492327953479	0.289595907909	-0.634953779348	0.604249260152
-0.228659544378	-0.595030350327	0.175088093452	0.114817666916
0.911907731364	-0.573730948848	-0.829855734155	1.47316047982
0.0473819041645	-0.246868308443	0.556558009017	0.162908237475
-0.169849615456	-0.852327602289	0.391198366179	-0.00677659640158
0.75802352265	-0.92610690035	0.269538343239	-0.304381555169
0.0376734769816	-0.615189028905	0.711294863363	0.0466025675373
-0.120361359855	0.563182065023	0.828947181461	1.10070311286
0.676435359899	0.0194316817818	-0.597772115502	0.816424857327
-0.74004071364	-0.986321718085	0.503889795099	1.03448596315
0.342982171991	-0.125059703155	-0.331298422546	0.225934248848
0.69903094327	-0.986013435889	0.306405436295	-0.408845228142
0.517924022864	-0.376090415443	-0.935004706163	1.29933914146
0.957245605967	-0.330700494892	0.134313263281	0.573380144572
-0.763552642736	0.736385930416	0.795264948465	1.23881147225
0.113895329292	-0.945048904738	-0.610778028341	0.855600396457
0.0334759366708	-0.35139443373	-0.45513475642	0.35643684703
-0.548151324506	-0.647325810194	0.864823351549	0.843399327471
-0.403823405507	0.208530458179	-0.166437976508	0.0718580755857
-0.905672867188	0.353130657741	-0.864490591311	0.942488338419
-0.415601765396	0.797448722013	-0.531012383331	-0.300177264491
0.357225247864	0.808203555018	-0.804177068746	0.41308258505
-0.0669358917821	0.0925519325377	-0.0394714947066	-0.00380979675278
-0.193645675134	0.0908211135735	0.724968534943	0.61133335795
0.154816008222	0.531125613121	-0.0604530430472	0.0777411545495
-0.952904602177	0.0799188873804	-0.641274188838	1.19185477086
0.617576573684	-0.532178108238	0.015703105551	0.0446298302059
0.636254424726	0.467881025294	-0.964644560036	1.18171130698
-0.168927777885	0.416191059451	-0.241328589516	-0.0839689499362
0.302100225538	-0.503460342049	-0.4305047106	0.341245418088
0.771232597404	-0.491387937603	-0.331060617323	0.488105650159
-0.900841997771	0.43499412751	-0.618508818745	0.533160781001
0.213753388603	-0.147325619182	0.615478170901	0.302336837045
0.37702079412	-0.804660864779	-0.253911642518	0.107554685015
0.447279040085	0.518296655717	-0.144196930513	0.377937738268
-0.218658835594	0.536345755065	-0.249174521897	-0.141020806622
0.770076368838	-0.139744640253	0.896785449175	1.16430675058
0.359475765094	-0.758513952681	-0.00421922749319	-0.140226412981
-0.394152860201	0.741965386402	0.924245702749	1.40289713701
0.67310139893	0.991188356628	0.396433105944	1.67033484897
-0.760356378679	-0.890601277812	0.758887074736	1.15535997877
0.206265878628	0.766046631171	-0.311769851921	0.0589250899365
0.0693281682688	-0.662872591729	0.156970297897	-0.120560981434
0.680814438646	0.177803088018	-0.707570162675	0.959406584622
0.389314848043	0.870056865756	-0.585930109855	0.323813686089
0.920118340264	-0.439172338503	0.54326723595	0.49907858411
0.220075038444	-0.133341466834	0.623165698725	0.324329553825
-0.312250279682	0.770087682314	-0.127124003272	-0.224695973859
0.0830666274813	0.611968317115	-0.981796266355	0.420829908587
0.458346099798	0.0297707102129	0.64528540283	0.659330291951
0.547194915964	-0.75759195995	0.47070599152	-0.250167137026
-0.58911873524	0.505697764765	0.262447418146	0.250742576635
0.557578871753	0.480919561453	0.987580297465	2.0293063122
-0.710359836685	-0.761432640924	0.614536792274	0.955229360401
0.388452567672	-0.279160878669	0.875466113374	0.564499663431
-0.568971665942	0.133338940671	-0.804916806202	0.788426988076
0.696016298597	-0.947821551778	-0.903897223772	1.49850290014
-0.718397548718	0.887958194068	-0.647171415754	-0.277642272195
0.436153120042	-0.848990205455	0.457444167243	-0.359170634259
0.239449521318	0.417698403534	-0.206076068009	0.113743457233
0.84268913962	0.183851925538	0.379141410422	1.07850909444
0.0640919287301	-0.780355340712	-0.207472107762	0.159039939287
0.491262670609	-0.36198779831	-0.507077483516	0.504191355128
0.53218681724	-0.439729708754	0.0393723850545	0.0334414315882
-0.142693738482	-0.0814312019724	-0.98489853621	1.08220782389
-0.783126378727	-0.357361094512	0.297751966386	0.875397089787
-0.0602854840813	-0.507892151566	-0.00394884294996	0.0362740435119
-0.578028064746	-0.18059531121	-0.0346082368236	0.445953417231
0.574817240725	0.399647198007	0.974729683331	1.89978490218
0.154673824853	0.601326140486	0.709303819816	1.04656824343
-0.3374124025	0.693269262885	-0.0593006241775	-0.157665254193
-0.00760915809009	-0.346083919429	-0.87414473301	1.06934775614
-0.402945184943	-0.680564587801	0.52503949764	0.354938230557
0.78132840029	-0.446078577165	-0.161194509398	0.359829295259
0.290812555108	0.536512811911	-0.976364030725	0.67005151281
-0.434305898198	-0.962804929128	-0.735571863471	1.85605165495
0.975424990656	0.973709640063	0.508400757507	2.65474067779
0.606828552664	0.11780834603	-0.196520074329	0.455198795138
0.982895747263	0.481505788826	0.055800001709	1.46933570614
0.0455060640409	0.70474856906	-0.551308004351	-0.0504518761355
0.9877772906	-0.830754814684	0.944204509419	0.262222949185
-0.693435595888	0.440435744186	-0.717401696933	0.374134947418
-0.721150977088	-0.415454669369	0.181358026708	0.777208967333
0.904512746865	0.220739749464	0.635073740381	1.56130990044
0.272642273198	0.799249035974	-0.808240683397	0.299510298412
-0.0389954590871	0.556663764141	0.0767658567727	0.0284390543442
-0.321329287868	0.617444149285	0.859453123385	1.17417359637
0.0128128604927	0.184301172307	-0.201985068031	0.0060974774844
-0.722447600171	-0.115599329009	-0.953423819728	1.62467712666
0.0796294266529	-0.179506284412	0.629005231939	0.274784052827
0.876988741495	0.676247625829	-0.360472719354	1.24834256778
-0.643009767214	0.742551961909	-0.993530848285	0.185348662445
0.0229010174591	0.59124408881	0.746334639699	1.01234588621
-0.548487941105	0.703367101524	-0.216970285457	-0.190483007846
-0.775107692393	0.0937036116156	0.390557979948	0.717293773605
0.536076357723	0.687267762857	-0.0123479367765	0.64747199306
-0.155516796707	0.742937519318	-0.164675017913	-0.186579176877
-0.859944548686	-0.749456905053	-0.00832898829404	1.39030759662
0.345150448541	0.61009029161	0.914147283702	1.72307940912
-0.814262981032	-0.588397059249	0.758875532582	1.27150608802
-0.137424056944	-0.344703605173	0.786739275568	0.414022762395
-0.814952035187	-0.0299607668318	-0.250553269447	0.758847116476
-0.21954574298	0.88331000085	0.617314593435	0.780630844163
0.51189117579	-0.211743366507	0.418786482408	0.240349873219
0.730820357816	-0.89925705231	0.678213263588	-0.273011794684
-0.823743979819	-0.470452187314	-0.474133293462	1.51394572634
-0.156379379357	-0.559471401077	0.433954847124	0.0574757837741
0.498650975909	-0.150490559443	0.859779782015	0.783443064612
0.761263211009	0.345118088624	-0.230389445063	0.815815112236
0.411251863363	0.217187983789	0.539239431416	0.666342547436
0.708051506578	-0.0404998889066	-0.391955153036	0.642163910757
-0.70902516633	-0.926620677057	-0.0167272097555	1.17549364414
-0.84754285445	-0.904057291914	-0.174834687179	1.67318392957
-0.936649082485	-0.619207802956	0.973287252859	1.80191293932
0.505549814605	0.221688485289	0.901462786584	1.38013426298
0.654352932777	-0.19857921773	-0.542905922418	0.700793541095
-0.103738911723	-0.89858381065	-0.893625409902	1.70554356776
-0.995776772551	-0.589551853736	0.43323841635	1.51091243685
-0.898981937547	0.100313671489	0.896889581462	1.61236955345
-0.287604185625	-0.512492285029	-0.0549341564702	0.261282186787
0.0651122105769	0.182808794956	0.959117428848	1.11138402843
-0.585510340088	0.357548230945	0.200840696378	0.245621393065
0.81009456975	-0.814838229533	-0.468542213177	0.597475099945
-0.00468743986877	0.838224986549	0.478472687398	0.626096717416
-0.63780048516	-0.55078882829	0.011260541139	0.752007460301
0.341593595828	-0.222351447885	-0.695779131959	0.679548451958
0.000721049014641	-0.731853040338	-0.476214765796	0.574772545362
0.552478553034	-0.692634686178	0.73955278308	-0.0427348484974
-0.226358819447	0.00961959881346	-0.539331533907	0.334751184593
0.655031612629	-0.233458841607	-0.877756332681	1.25151964825
-0.854692510194	0.584954379003	0.643047950284	1.02020754123
0.782288840905	-0.728860916151	0.0298609593715	0.0209232600182
0.422603583415	0.0604294665914	0.45077717442	0.434571783021
-0.223055729316	-0.184413989382	-0.654684185274	0.640232760118
-0.153171194274	-0.0669700047989	-0.170004886146	0.0740061797254
-0.745173641335	-0.962709296827	0.838946742508	1.16883915621
0.598448405715	-0.636251159174	-0.786098473936	1.09548387845
0.388746046361	-0.96226690228	-0.383293277266	0.292790205732
0.63257619484	-0.205041660864	0.518168191713	0.432700376933
0.685330947969	-0.415366243687	-0.0252538439181	0.196142517623
-0.58064808687	-0.907482316629	-0.0811708147974	0.944329852035
0.396885219062	0.678973436463	0.152997919131	0.554282284361
-0.283317597599	0.0159886939694	-0.817694429903	0.731289297439
-0.186370680738	-0.294345865953	-0.428617647389	0.399466390286
0.60784658003	0.546482487714	-0.699667343253	0.808833416958
0.0491159179409	-0.656227275583	-0.359790467784	0.33573466754
-0.73646901862	-0.296793925971	-0.223972139476	0.877603236624
0.228670900327	-0.508709610503	-0.968962179792	1.36777137496
-0.363474355228	-0.0462090490777	0.0446944690487	0.148841717877
-0.166771909107	0.615892528487	-0.675534099946	-0.034610787818
0.741656437852	-0.269773023779	0.367106399639	0.38570707714
0.714899508659	-0.410681005826	-0.805022449369	1.19615423141
-0.47060485917	0.979284515099	-0.968296797188	-0.250026489903
-0.188162386735	-0.155328069739	0.365350126812	0.141363569296
0.907411366152	-0.539921781665	-0.210198712605	0.491138588099
-0.114029818973	0.314434686093	-0.470144278042	0.0503538429718
-0.519582240749	0.139260249587	0.334434982707	0.356028809195
-0.354976596714	-0.563198006013	-0.532305183885	0.909072522611
0.0297917393282	-0.251866442803	-0.564459498643	0.45416693996
0.398204222951	0.68807510178	-0.126118560116	0.361687864531
-0.850861241952	0.721035054248	-0.623284863112	0.0495378568064
0.0214046320307	0.123758044943	-0.452131188657	0.151574893475
-0.25424821068	0.754159413616	0.739931822481	0.978424122432
-0.325487579876	-0.834486402948	-0.248978817376	0.647317013613
-0.838095829441	0.952273145951	-0.744830365992	-0.250201214503
0.747854649668	-0.656178427045	-0.595828140397	0.814541234196
-0.887701552858	-0.336336480314	-0.227880694388	1.21515466436
-0.0441473892926	0.375101828164	-0.655828010229	0.169497318952
0.336342284548	-0.927483817051	0.51204330666	-0.411549426194
0.628347438885	0.79223111362	-0.157709747015	0.792546690998
-0.664878437421	-0.0182438042696	-0.176929706558	0.488725240621
-0.753424156971	-0.821205633795	0.405614605228	1.01779433166
