-0.776624743882	-0.758863789903	0.105057635517	1.12381106062
0.990564861966	-0.489513879866	-0.397955033649	0.849496218262
0.683352563844	-0.4136062961	-0.678705581886	0.925689972401
-0.380543463315	-0.825587119777	-0.942072476048	2.12424856155
-0.608109287778	-0.83838745492	0.848685823577	0.88836818346
0.0203297042023	-0.928198583277	-0.633806779837	0.971552883516
-0.446283797192	0.254152796726	0.895193840633	1.11463298296
0.947221004455	-0.374080130666	0.101999812763	0.515138932682
0.368206841043	0.0337159901785	0.582227086808	0.50660947938
-0.803356480423	-0.344606186677	0.406385389234	0.947329413176
0.608060650867	0.67945468518	-0.956230071692	1.04754836092
0.280005519624	-0.876356104504	-0.185071705746	0.0294587999723
0.000956459114837	-0.115597699213	0.482505366235	0.176925268592
-0.256046062512	0.0463944052517	0.50291925923	0.329940902567
0.123271186634	0.282393876151	-0.776266372131	0.433383424416
-0.628164864572	0.305466378011	-0.433688369426	0.25831623749
0.381613296347	0.537706914275	0.701253978483	1.21965107121
0.427688678545	-0.487972766761	0.67389543557	0.0995096158527
0.464351196844	-0.847502284258	-0.470395463875	0.442016456561
0.168083836683	-0.759434196948	-0.141329464982	0.0279080090391
0.654258498977	0.0379743708512	-0.0587556860431	0.454120258787
0.813288915904	-0.196431176079	0.909668827314	1.15049362029
0.648887953254	0.00666223866557	0.953525242879	1.34094162384
-0.383869904222	-0.356861433897	-0.0414185004191	0.300840625444
-0.231149207818	-0.0580407762709	0.423566883848	0.221670790083
-0.125877294028	0.542154901838	0.576673208565	0.592798297423
-0.522911944882	0.302259214312	-0.0548002644955	0.101821132585
0.265826685132	-0.624492827857	0.184671390698	-0.176565468249
0.763893967436	-0.0570486763362	-0.846073623836	1.30406281106
-0.0372345270885	-0.920310563139	-0.95538502512	1.82766521531
-0.97891593666	0.718167423594	0.149982462094	0.385458132223
0.629644226275	-0.387560840398	-0.600398516149	0.745595737881
-0.318111928732	0.668989412691	0.748768164169	0.949953424891
0.825307982378	-0.934066933775	-0.348162957012	0.356665319602
0.65664544613	-0.688541808896	0.0495502641096	-0.0526068011661
-0.952463034838	-0.0980200136365	-0.0920359906131	1.01803826502
-0.430178626776	0.96888615885	0.736672845853	1.02469853938
-0.942981423441	-0.713844440168	-0.801831556089	2.77767285386
0.671167739649	0.550723688429	0.404969551391	1.20712077048
-0.364456948042	0.757623481766	-0.932147998103	0.0193904035706
-0.717634998519	-0.234121373318	-0.903474860648	1.71080328145
-0.27911899444	0.697282000584	0.462354625075	0.419446119493
-0.889972911324	0.755563908038	-0.296826434396	-0.0165450366627
-0.709336211538	-0.970624330806	-0.582341373786	2.09601302849
-0.101461960557	-0.242726709186	0.365592324607	0.0798407831896
0.811671422214	0.325434279982	0.291496291534	1.10278917624
0.144853997899	-0.0479557471195	0.885214323416	0.755189383155
-0.553107494331	0.569050684429	0.805927495674	1.09931442337
0.997220059053	0.00593895540904	0.528656011004	1.28298713409
0.994031112586	-0.686328661743	-0.588322868416	1.05577245401
-0.430505439042	0.0387163313477	-0.769470189968	0.730960652232
0.107796835804	0.45531894039	0.349121710457	0.34154979485
-0.582809334255	-0.646097349188	-0.286254644682	0.983108374764
-0.0763066894838	0.757311848228	-0.0731964249841	-0.102040052443
0.479636938162	-0.692468128112	0.738383041966	-0.0681789065304
0.399188665714	0.680653158728	0.582763180398	1.16733314104
-0.154172968835	0.788547056389	-0.0964352958268	-0.164547338805
0.615174053001	-0.239423780835	0.176124264899	0.220003237132
-0.995745273725	-0.0550465161679	-0.921387004727	1.94599411559
-0.985460027107	-0.885117468413	0.266922348901	1.67836925606
0.442306117923	0.222458784437	0.9433547524	1.39380532368
-0.70111097597	-0.343508296664	-0.415060022767	1.04724542169
0.576665315085	-0.777311675592	0.197286206661	-0.230136821235
-0.782029675002	-0.666113656846	0.244935508253	1.02932957527
0.276457124078	0.714857852658	0.54369487858	0.95832476192
0.316554209003	-0.348299658209	0.97668558478	0.603686320598
-0.18387714119	0.857122854475	-0.920278744617	-0.0656734737817
0.505735471378	-0.802766666694	-0.00321079762712	-0.147631381047
0.91476814586	0.898078393066	0.364440285062	2.11844693409
0.690169300112	-0.897202195664	0.110894274765	-0.230084795253
0.526889686164	-0.534305102387	0.256294231597	-0.0751596888317
0.880866801983	0.524913332304	0.562568707936	1.85008841746
0.815667023062	-0.5930882409	-0.790182163503	1.2745857735
-0.564297627689	0.800355840145	0.61852664621	0.744409536367
-0.723297253086	-0.98947078657	0.883502376367	1.14521707602
0.5896041139	-0.999595474953	-0.82638738237	1.26723660057
0.420594051399	-0.449485553409	-0.2113359231	0.127503722861
-0.291262159227	0.911821587418	-0.217248507415	-0.331640443905
-0.770398438354	0.734917693789	-0.18714162179	-0.0751773922874
0.656795762082	0.766938793914	0.461103055177	1.50135667121
0.183016230438	-0.568753249006	-0.648757991879	0.719274012648
-0.836074909389	0.264974909926	0.451634717545	0.801128166995
-0.499516274809	0.0374148868165	0.21740595566	0.286226732695
0.263210318939	-0.472892963102	0.781292171649	0.185759251735
-0.477000137156	-0.757500323105	-0.263438298206	0.857811221836
0.871906559342	-0.358624785227	0.51132531198	0.525613390123
0.913143698438	-0.880796498158	0.342512947109	-0.154831443352
0.938996424492	0.631927734787	-0.416191582327	1.38530459805
0.617553444722	0.184217418596	0.606309731476	0.974440662605
-0.339899310175	0.636225393833	-0.555841050778	-0.145401949132
0.589656872704	-0.475504718575	-0.858511429334	1.21257871211
-0.174625896302	-0.447264538479	0.553546528455	0.167430201164
-0.969881374188	-0.269226793083	0.539913979534	1.34793572809
0.143360351145	0.172562872403	0.828895571964	0.875395334305
-0.0655481081846	-0.813721043174	-0.773213326363	1.28467323205
0.790734002093	-0.894477772161	0.801545341812	-0.156523283147
0.797914659659	0.383983936452	0.987039022904	2.29630737825
-0.0462387355262	-0.788388780678	-0.42175353534	0.54897392103
-0.764299567194	-0.0255761125079	0.934860554771	1.45375579827
-0.719688617171	-0.624024487854	0.642856443612	0.979161270536
-0.0534915802267	0.0986712687712	-0.974746804576	0.851535096159
0.00336835332405	0.909979328042	-0.213668267227	-0.145703100117
-0.345700872497	-0.559139605706	0.144545995163	0.252876296762
-0.925913092682	-0.438204406091	0.745030288762	1.49164882804
-0.744919022147	-0.146168446739	-0.16735631926	0.716258356805
-0.1059140168	-0.915663849273	0.396259443449	-0.0976194855066
-0.844506251871	-0.186205414801	-0.321241624854	1.03345555793
0.310704711485	0.931891441705	-0.631324155185	0.19632509103
-0.649682867269	-0.274018345075	0.717383252739	0.918175411746
0.88307666193	-0.279673144916	0.502347512199	0.644711478036
0.772477199586	-0.0427262329594	0.573163055239	0.867742772764
0.854034923831	-0.702609979403	0.704782042883	0.130853022218
0.70189857	-0.984957963922	0.609354277815	-0.427554696711
0.623256333467	0.439607254448	-0.403796303287	0.647976133084
0.0448044843912	-0.12076364827	0.916080123527	0.725170303725
-0.501592425455	-0.799513429724	0.865725180888	0.709946021926
-0.987769676937	-0.271519072481	0.918331170512	1.83787495227
-0.463863358594	-0.525516698013	0.695358029557	0.577037689624
-0.405842164525	-0.00657583233236	0.490500167494	0.404741579984
-0.539208687209	0.927675379359	0.548318743954	0.599850628681
-0.813549387417	0.00217953703515	0.668110652802	1.10791746105
-0.425180667631	-0.591209497611	0.0643991039282	0.398223331738
0.886137191327	0.627856447038	-0.267981268151	1.24516626357
0.128080154634	-0.681438695492	-0.783608589209	1.07714938841
0.885598717009	-0.188009090567	0.584130791301	0.849171360678
-0.755943359162	0.664437246918	-0.124194803954	0.00207813358169
-0.165660191471	-0.838838767479	0.96835903061	0.291827606322
0.955431360373	-0.862634961152	0.739003516132	-0.00270348262914
0.734587358865	-0.00636165938286	0.866395666542	1.28007513012
-0.136529913342	-0.0740192420558	0.885882156812	0.7479611279
0.799035360478	-0.666747164192	-0.523781167565	0.729279266234
0.84526166308	0.0816978253736	0.0298248552676	0.786849466628
-0.170569919182	0.234482555002	0.782939629797	0.785678575588
-0.993232881292	-0.0515773801251	-0.649086828022	1.49253181472
-0.206334097448	0.581474310385	0.443973951343	0.377868099404
0.866779443291	0.813387934112	0.641692517896	2.39004878301
0.980332029292	-0.853349284868	-0.272134926488	0.430768814646
-0.418116972951	0.9091544225	0.52352350987	0.544729487657
-0.211175239666	0.0982106838629	-0.781661217842	0.55808209387
0.131308602811	-0.67119728352	0.62987303737	-0.096921056777
0.629159025043	-0.0126335515409	0.41115588389	0.551747367629
-0.170063579415	0.592809525857	-0.478703410148	-0.126516675544
0.837891358772	0.530943780185	0.0241266627526	1.1603271319
0.0698705762533	-0.474184563353	0.306124364017	-0.0796969729041
-0.971440793394	0.285337946544	0.751124369723	1.44502039794
-0.848548644831	-0.26377763681	0.897930611723	1.51328832759
0.652487640877	0.68395239402	-0.436266612588	0.763953568692
0.687221429583	0.899110894288	-0.928896609936	1.11782941769
-0.376470259272	-0.599265294904	-0.875071495545	1.65748551722
-0.296426127808	-0.137311092468	0.728428678608	0.559158046867
0.554791563984	0.513872711868	-0.302010477494	0.528901310408
-0.306164908218	-0.752711184746	-0.0245524486383	0.343274427254
0.192468462856	0.39762128866	-0.264515027146	0.078365061044
0.0944941628325	-0.155237793594	-0.89846046002	0.940966299129
0.5498675395	0.809057367298	0.888160490377	2.25463053961
0.0608835564664	-0.433626640411	0.775051639107	0.241928080272
0.944464637976	-0.103570586437	-0.680084382303	1.32714620132
-0.773054978101	0.935428390886	0.252542044856	0.174488908006
-0.872625474029	0.589946901955	-0.524744814256	0.212458065554
-0.381450448695	0.217241951662	-0.845293632178	0.593525491092
0.976738383818	-0.632222343698	0.631641178551	0.336134952388
-0.802674736961	0.0127995863902	0.0770119496197	0.640929390204
-0.991598789216	0.411842473429	0.0520022124005	0.599006610647
0.494017855431	-0.0412995092077	-0.369460270566	0.375410365889
0.735663460075	0.872114572273	0.897553770835	2.77115604479
-0.484482336055	0.3358246935	0.617740678611	0.661078122005
0.0300251498966	0.631499747514	0.513480507053	0.607787425886
-0.541543970719	-0.604214916366	0.0609209405889	0.587380837178
0.269492388008	-0.480237946547	-0.0635616033654	-0.022229552531
-0.72493231112	0.794283378212	0.851749253553	1.35173223608
-0.219603746452	0.202902319437	0.601372255032	0.487336110458
0.123286652888	-0.316353041948	0.877364202233	0.468408600195
-0.2146347051	0.533241158334	0.350333596884	0.241161919978
0.414752392624	-0.556632327462	-0.601222633957	0.637283567206
0.897099111834	-0.812743095639	-0.562189067507	0.848647537891
-0.157978666121	0.00865470906567	-0.440533116264	0.213846740126
0.231524796907	-0.657714050903	0.504583216103	-0.175940629584
0.447852401198	-0.523447098998	0.134437532037	-0.0861527530486
0.525078509621	-0.892961161849	0.42326128853	-0.391973048351
-0.0113200400975	0.594289040526	-0.471017493863	-0.0646622874343
0.419327192972	0.611779885584	-0.937237846474	0.737402755286
0.15597547473	0.332468596472	0.108301362003	0.123921282718
0.775113799741	0.480212296027	-0.672570754681	1.10239525371
0.620343736354	0.411620863231	-0.178193959218	0.598577511277
-0.866605891872	-0.278340492369	-0.473986229215	1.34880978836
0.818517937175	-0.891821308119	-0.362467993485	0.39463960243
-0.60656589131	0.302356775071	0.407111247242	0.473355285178
-0.0312630088035	-0.45340606382	0.460851932881	0.0185836566327
-0.613057105608	0.0790983595168	0.452356109475	0.567753879348
0.735965806373	-0.512493800124	0.605905213498	0.221066217644
-0.21037757822	-0.727432697542	-0.277721988406	0.476447812681
0.8448922321	-0.865664064044	-0.366016018463	0.433264680364
0.9164522285	-0.557276191295	0.892248048336	0.628045665412
-0.908965152358	0.583167684257	-0.602103158069	0.307539653813
-0.764008506057	-0.644412005606	-0.428836795865	1.5362938282
-0.64498812589	-0.318485691674	-0.628172927565	1.21609448819
0.209333484151	0.64191418201	-0.696684613973	0.216352357082
0.158822452568	-0.699097220921	-0.231054377871	0.129107835215
0.186417087397	0.790417191409	-0.431299829328	0.0272113441499
-0.527556779577	-0.787602334628	0.51509754892	0.553454559734
0.699554281647	-0.736959842125	-0.460072057794	0.524553709451
-0.881238194053	0.491074846991	-0.0684251399818	0.314906977985
0.0693631929485	-0.958812171125	-0.550026839557	0.768206931355
-0.0173793353995	0.674124442375	0.526349228013	0.620454596172
0.703926942994	-0.279861727524	0.623704909502	0.512967611453
0.665084663428	0.678385283653	0.370608174797	1.28228680859
-0.222783995085	-0.262558571202	0.33316642367	0.131650721592
0.724299325174	-0.492696658688	-0.913860263324	1.45314613417
0.502827219204	-0.309170536257	0.579054457047	0.253653338584
0.920559522585	0.662617499446	-0.374158433575	1.34947929133
-0.101730053755	-0.292775811656	0.399518056776	0.0827785572411
0.882922322945	0.155452729456	0.708123196249	1.52832265807
-0.55888344922	-0.534375465972	-0.426781071782	1.02120773075
-0.0233717665497	-0.711067465569	-0.11354832482	0.110798883897
0.162955527387	-0.394434736334	0.996124491183	0.561637084325
-0.0303520494357	-0.437726255095	0.162624036095	-0.0305310973536
-0.161753073375	-0.402499661543	-0.0974896728475	0.14001341067
-0.450623673806	0.981084165168	-0.730755455052	-0.4219671259
-0.264197428002	0.434200191463	0.71701228196	0.780519189729
-0.893704970196	-0.203350170919	0.671096286329	1.29434631319
-0.207174793634	0.401206745621	-0.68291792687	0.152187086263
-0.361151264353	-0.338624270483	-0.152751962022	0.327783502775
0.321323027789	-0.401955668371	-0.228236748926	0.117923944311
-0.149810093239	0.533268700886	0.647461597589	0.707031555608
0.661395054852	0.439422473064	0.0365813353859	0.74548812422
0.601660099769	-0.835927030153	0.982674025909	0.00325539640287
0.985110181614	-0.12530891463	-0.303254338886	0.976962648387
-0.150908954827	0.674641012984	0.191832729744	0.0871821658135
-0.972618271064	0.230073416535	-0.026207167582	0.716869935648
-0.131180610521	0.785950236046	-0.554183494284	-0.214334382035
0.870098616773	0.574392847116	0.0864825152115	1.31400418825
0.081751591247	0.391773044386	-0.923264056144	0.529417939777
-0.0660264899371	-0.900346955229	-0.586639383588	0.936130995761
0.823687498829	0.94353638198	0.486633168688	2.15160815846
-0.642995383197	0.0564886242986	0.0266769804904	0.379339745402
0.506980425856	0.439287999004	-0.146683612686	0.436819300537
0.725800874374	0.204372818941	0.731159514868	1.35914424726
-0.552937892477	-0.779500606678	0.0939567301082	0.67234427459
-0.374477876592	-0.775588425169	-0.364981762953	0.846961704655
-0.550232225302	-0.381850618533	0.275349339441	0.483536960481
-0.687894545115	-0.206607906768	-0.878142003339	1.56788781643
0.585854856559	0.132130200851	0.772307085238	1.11913835702
-0.0499829780843	-0.00472488282157	-0.722844884242	0.528654545863
-0.954399000409	0.646990411016	0.311501911373	0.591962640895
-0.857780322464	0.608673602108	-0.151048950671	0.144555119515
0.909995470304	0.511395543606	0.958862352393	2.70323432897
0.408522837191	0.510584898342	0.899148267533	1.64303563358
-0.503561289078	-0.0107779151605	0.719019495406	0.768240816364
-0.57622492311	-0.944102486788	-0.630514221196	1.86886877219
0.442806010178	-0.937075703695	0.42046251385	-0.436082071428
-0.325146971596	-0.530033394866	-0.05212869471	0.308406656163
-0.681166117247	-0.0323348168991	-0.969322467406	1.45694157128
-0.270031292028	-0.317910363318	0.505435521064	0.253544520648
-0.489303443056	0.8423640318	0.217811371724	0.0581644972298
0.0602187823114	0.591149739517	-0.0480750863124	0.0131162583936
0.710556695038	0.337720512021	0.896183788724	1.8506654189
0.00164001573812	-0.014349687234	0.689226414515	0.465122022922
-0.019905967818	-0.10397046072	-0.25667205877	0.0950327381577
-0.017864512328	0.390411628544	0.389371186512	0.29696958737
-0.832155768168	-0.587023085352	0.0238350191472	1.16755427068
-0.652040790037	0.133318738313	-0.618662745764	0.638492192706
0.728967874614	0.0258365203648	-0.656609080696	0.964399146524
-0.446227979088	0.891218506476	-0.698471239565	-0.333195646191
-0.43611989807	0.965662367997	-0.767387362548	-0.383097741499
-0.490660328682	0.193916666212	0.496618908883	0.48853336681
-0.0129170621551	-0.881349050625	0.455367365023	-0.182426866759
0.525255958034	0.0450245146559	-0.434125239133	0.468461661091
-0.63662063597	-0.0736141430942	-0.789018005323	1.13278241381
0.844190895469	-0.292129755968	-0.163101950678	0.540294167073
-0.221093983122	0.434783252203	-0.445085060072	-0.0426602308774
0.236603619659	-0.782544240884	0.983962351927	0.0690163111624
-0.57877727151	-0.721593219138	-0.798953015511	1.96746988393
-0.949033848391	-0.879815864693	0.836484237825	1.69939405846
0.0875993159926	-0.494237797825	0.0140448857403	-0.0423655074483
-0.752645254637	0.00072620706073	0.974428365372	1.51614657903
0.759539370172	-0.520045518544	-0.730069974102	1.09457679457
0.356933048918	0.54430698489	0.388167945273	0.683639230733
-0.147522898141	-0.599016975145	-0.329571884279	0.416168505806
-0.312078187011	0.580157065185	-0.701008409241	0.0010562381748
-0.602268914692	0.0921233587603	0.421558481209	0.523791746589
-0.0556856016044	-0.0257065056053	-0.729734137806	0.555803195039
-0.404666310621	0.394017452838	-0.43393130651	0.021629104663
0.710054165017	0.876024871279	0.658495041099	2.13667577854
-0.840726289801	0.993575024099	-0.622969990938	-0.359379763438
-0.189556644603	0.838960989203	0.917811834515	1.48928797961
0.199128556493	-0.0846476338099	0.0666764085669	0.0215981641232
0.227716680168	0.202539825628	-0.0293881546588	0.0928879750346
-0.169866392352	-0.12358425911	-0.194875848374	0.111907587116
0.167693460209	-0.130409473842	-0.0311377128715	0.0112824905993
0.352225568402	0.627990807028	-0.326447920244	0.246819221737
0.574249561789	0.37052549693	-0.934369093693	1.06937469395
0.330434021618	0.0131623966996	0.406897313216	0.284457113674
0.956729428258	0.670407561966	-0.4402225641	1.45539721238
0.982949106203	-0.71790975635	0.172287108875	0.166516443575
-0.165786955872	0.114015536481	0.557384607284	0.382811131485
-0.321401385975	0.997991334949	-0.197376097534	-0.375479258524
-0.207119679723	0.215497378326	0.943892907403	1.09260508136
-0.934951527497	-0.174497300992	0.326573419623	1.08694489498
-0.0811675154607	0.649820640785	-0.359484130766	-0.150527529275
0.486150004687	0.692351174112	-0.938267312244	0.803663427558
-0.556017421582	-0.762825512726	0.276017341999	0.598932150458
-0.73619859923	0.0972676228392	-0.763405720607	0.978913724373
0.141638469993	0.297608355111	0.0914770469857	0.0978066318657
0.922487939406	-0.646756482527	-0.0704973659169	0.304923450495
-0.276300971447	0.24112090201	0.513631659331	0.397385097827
0.0859705574652	0.263849553042	-0.310736265066	0.0446436316884
-0.20885546516	0.470090460061	-0.0752109908719	-0.0842596325288
0.0252450249677	0.410423853455	-0.350845372217	-0.00990436271239
-0.775905095336	-0.117756411626	-0.723137934337	1.30147911709
-0.951739054892	0.458862588075	0.459957228751	0.891707599377
0.378938541088	0.72822422945	0.69788579687	1.41480857716
-0.319011792881	0.274574464204	-0.492846450159	0.121750605339
-0.0607280288948	-0.654171213645	-0.920764924273	1.49356037562
0.686935809482	0.532668561196	0.739608151799	1.7787761439
-0.744160359416	0.102076182698	-0.66561261518	0.852910550295
0.526336239993	-0.676987398883	-0.355229334223	0.287380498355
-0.822253883135	0.725369616735	-0.213240354802	-0.0295431612574
-0.269534947136	-0.862704160188	0.706183790787	0.194645860139
-0.144895267308	-0.796454032314	0.79434739279	0.134723654785
0.364166143906	0.714144129067	-0.179245972034	0.296805753946
-0.52200311782	0.115283391988	0.439621509819	0.456257095702
-0.3387742065	0.26966293155	-0.197247732417	0.00912938351019
0.34561674975	0.809955302689	-0.449869891716	0.237393472023
-0.601290373268	0.127383109242	0.793872594453	1.01631553133
0.537489063402	0.19685410718	-0.894480846575	1.01871517942
-0.831892407272	-0.501517375151	0.716519569996	1.26330675398
-0.574031549963	0.545719021163	-0.926123528518	0.368553849406
0.801370992972	-0.742020063227	0.217142239817	-0.066411032702
-0.133974891073	-0.536115287041	0.0823454551954	0.0524093752647
-0.0686672436936	-0.392097469977	-0.785203521967	0.956060328168
-0.702359460161	-0.268019519338	0.272641309841	0.682814947209
0.587985579393	-0.0686358470394	0.426099532494	0.457685262542
-0.857037335369	0.835646731983	-0.37193619191	-0.154138186695
0.120406442709	-0.745818593328	0.206277893079	-0.186598971161
-0.284910455013	-0.269621472677	0.120968775062	0.140009609097
0.850647603946	0.195288118943	0.519302079052	1.26081089205
-0.582883306643	-0.936439819561	0.617770763639	0.688723661635
0.966849874122	0.635288647416	-0.246102006238	1.45324781468
-0.65673731177	-0.69802663087	-0.267942247384	1.14854790192
-0.836642011829	0.245421864711	-0.283229367424	0.505347808396
0.675114009216	0.85269879372	0.196241329244	1.23729323075
0.137129639239	-0.515916102362	-0.924886896344	1.28063696268
-0.952132785298	-0.595366627059	0.160214434542	1.40370726327
0.440421154995	0.998374896305	0.825028101598	2.13803493252
-0.736108744512	0.166395618292	0.0463878648049	0.429241385521
-0.140616794902	-0.605421421807	0.0896259607785	0.0586768391478
-0.324901721626	0.697091428926	-0.943923060367	0.112064992272
0.148297816189	-0.111839215439	-0.728164555583	0.617067703487
0.206752539298	0.331482076739	0.636456474015	0.72733213068
0.119567865384	-0.926948862833	-0.0452783401593	-0.0525159884077
0.767551856011	-0.571164302087	-0.294712190735	0.405921989616
-0.716170744366	-0.47286910011	-0.306283720288	1.090197375
0.229923543433	-0.254442163755	0.479400217852	0.102207532077
-0.447392941981	0.540043508111	0.0882359992685	0.0139856607964
0.168645989562	0.836620383827	-0.468414423498	-0.00293884032209
0.171124316513	-0.467898664773	-0.577135735315	0.552341389419
-0.836068335608	-0.31967971492	-0.405361958515	1.26018866173
-0.308481747492	0.706050767365	-0.28801821886	-0.243043776045
-0.490774691011	-0.524586475632	-0.307818028703	0.754542676432
-0.724094776332	-0.170477870975	-0.750497557421	1.33894519042
0.225387837717	0.0781648771847	-0.186587399401	0.0886473665015
-0.124058102311	-0.123178276608	0.564859861412	0.280159874771
-0.51601469006	-0.0929306735745	-0.590896351799	0.718295647634
-0.72156999773	-0.289020111567	0.836685017652	1.18743452449
0.20571975997	0.13511470483	0.560931408527	0.460550511053
0.55340076377	0.90857003697	0.274993786564	1.13452845521
-0.882727534849	-0.303000198234	0.0657758301952	1.03107088908
0.492827018173	0.120512529877	0.869276289842	1.16267025352
0.644369267056	0.200983581167	-0.305935291948	0.576827827491
-0.222953246807	-0.0866005876717	-0.40301844742	0.266341535808
-0.133472080339	0.339994559661	0.106003649989	0.0197124531597
0.228829607074	-0.944799042637	0.1628095964	-0.291150390747
-0.519353422819	-0.223883799604	0.00225623832717	0.385502750834
0.856085145901	-0.505576308779	-0.302583168686	0.544600864461
-0.361248844488	-0.333495668111	-0.00560768549105	0.252877237347
0.409772371495	0.238082502665	0.268353674664	0.401377037338
-0.556674965509	-0.836473648662	-0.923394079174	2.40058239675
-0.595948699168	-0.553783180319	0.712249106924	0.798048432674
-0.662106037889	-0.550938274525	-0.83715617506	1.96521580351
0.539299798475	-0.765801743786	0.325115948901	-0.265426433831
0.728120149788	0.750392224197	-0.906445682171	1.21798863438
0.664963824689	0.927513041631	-0.0312052355155	1.03097001157
0.932606435961	0.0217775995546	-0.00883170032472	0.889950359599
-0.416043584317	0.311087571801	-0.309461918193	0.043163197759
0.265623810809	0.674464692149	-0.0278324996191	0.231712500401
0.985602428396	0.497845739349	0.805938433996	2.51285989146
0.137016296213	-0.266322931246	0.322551777691	0.000419598170518
-0.619695744627	0.844540412513	-0.087894191833	-0.205840091961
0.27209474668	-0.176667016903	-0.360857627012	0.219935251424
-0.0425324734871	-0.748307303168	0.210490403284	-0.0795689243164
0.033988319991	-0.0119177634423	0.460234672516	0.207081126969
0.831235205911	0.318673156921	-0.0303227102139	0.947100747722
-0.279593970587	-0.201345694338	-0.458277528287	0.436758330595
0.213147981551	0.147249348339	0.635641317711	0.574455618014
-0.404418980903	-0.175693882907	0.239541152185	0.249902701637
-0.370594044053	0.882219007107	-0.743857282437	-0.292526540603
0.0291580444782	0.487861298392	0.590507117231	0.651859497419
-0.183399473592	0.468648270466	0.665562734523	0.702574098817
0.73774109432	0.112113329389	-0.46686141701	0.792590727428
0.495052914487	-0.207408771198	-0.00372902968337	0.143186410597
0.973064008124	0.0837966238797	0.929967473505	1.97116067898
-0.96624546033	-0.368391341447	-0.296261155416	1.48649746758
0.0146600505855	0.890819176813	-0.199731449247	-0.124757582106
-0.0147218427959	0.475375092712	0.610153315591	0.655557092765
-0.227787479861	-0.946853653479	-0.0514083528948	0.31888754901
0.429017884802	0.469860287049	0.425462629436	0.766561254224
-0.606680796343	0.0334384900351	-0.108195082406	0.355863394561
0.997464278926	0.0374628031293	-0.347337111953	1.13993364314
0.0143504757361	-0.383860259429	-0.229576407051	0.135527944659
0.277847418637	0.39383654306	-0.697732294531	0.39866353487
-0.694071462461	-0.776180236611	0.644544584275	0.93561470015
-0.6700686815	0.962087966518	-0.021857865252	-0.216224400144
-0.155810291339	-0.648688476689	-0.571522099678	0.822726498082
-0.272298889971	0.38015294164	0.288650889552	0.163682282261
0.886791971166	0.228703739828	0.793189018528	1.79976675442
-0.216895648802	-0.216480326037	-0.798143526974	0.903812823833
-0.61070972138	-0.608250339952	0.760697831469	0.86039723564
-0.355451467866	-0.933643191673	-0.0192956652205	0.476598178109
-0.938428881957	-0.0864028821618	0.743500648147	1.4502843415
-0.956477483597	0.637061542308	0.179318438433	0.45190613906
0.905863823461	0.0795230217577	-0.665502956063	1.28259767367
0.729919797192	-0.217774630912	-0.0984957386096	0.404976179551
-0.607195968994	0.399411596041	0.685614636995	0.870075700571
-0.931757657789	0.404299639065	-0.0213230265926	0.483296827616
-0.678701219598	0.958914850061	-0.919915903283	-0.226057084096
0.917728041814	-0.897265000218	0.935318782564	0.054371924469
0.583236971994	0.414914159297	0.6296918875	1.23993859671
-0.0913188369371	0.299646772966	-0.226187316774	-0.0356398621075
0.711608092629	-0.662047542508	0.952370221156	0.311762362213
-0.477228881393	0.980030303743	-0.14570448872	-0.361516376655
0.55995429812	0.695695431304	-0.695408599777	0.702906997813
-0.185319822142	-0.0799491952731	-0.318465875093	0.176041211161
0.2690256404	0.193338668171	0.345833027873	0.310851234397
0.573108088657	-0.696267497997	0.662841441193	-0.0927398293525
0.690509355456	0.458639429032	-0.739781322078	1.00148150783
-0.33020923646	0.00387488443111	0.347170883259	0.229631486447
0.659988924214	0.899133701184	0.20673089795	1.25762004584
0.877275624119	-0.349301116683	0.367608065737	0.469908947661
-0.54753429831	-0.081453539832	0.357027513741	0.442779905358
-0.911201024664	0.338537329601	0.183559310715	0.617647445152
-0.711675266466	0.303576884194	0.0521689675094	0.308992418727
0.131804132842	0.795970062943	-0.541310921087	-0.0155653012934
-0.130124555761	0.738336351282	0.44038700565	0.439951159949
0.251023280895	0.13871410439	0.438610868383	0.351054164789
-0.390789425454	0.86907493578	0.269664925222	0.120169279681
-0.150548360871	-0.908841572352	0.458107190399	-0.0469952433634
-0.153260541004	-0.263048944751	-0.642598135583	0.645770942331
-0.675730341248	-0.756082251652	-0.180693061263	1.13678801101
-0.505959059437	-0.538419897473	-0.794303054238	1.58699890573
0.401093202465	0.655395071029	-0.187849369244	0.335922099809
0.318290427098	-0.798918551197	-0.399076123058	0.325111739151
0.536555711288	-0.775626539037	-0.518734855991	0.543155553819
-0.913470579699	0.0867804250361	-0.408291569318	0.886427424463
-0.336906927025	-0.781551739271	0.450901621639	0.22772579803
0.290262641535	-0.724552791856	-0.256403651347	0.125462607625
-0.531171071258	0.321801367635	-0.963013279759	0.728706716278
0.609066160228	-0.468152448402	-0.282376476071	0.297757486268
-0.374184682394	0.764088051303	0.487757519773	0.464701222628
-0.367283615993	0.352875745488	-0.0635924205733	-0.0131044520849
-0.642699845833	0.369168351107	-0.838036977453	0.568727895936
0.329496278124	0.241572305259	0.95340839994	1.32746961488
0.283091036428	-0.883076698016	0.524512192647	-0.357922017697
-0.436262593243	-0.658478597077	0.981279848316	0.794352993472
0.0435542578979	0.177139876431	0.534825116277	0.390388929254
-0.785474373576	0.126126457979	-0.219711583123	0.538462626973
0.833649268771	0.560556511689	-0.624849685716	1.20245219898
0.32566164818	0.733186985272	-0.864366642447	0.458213710974
0.995613681495	-0.0596252827932	-0.317600096812	1.05168967255
0.0513102735801	0.817257909919	-0.688707464133	-0.0439671804119
0.0192837571686	-0.127101955109	0.72719661672	0.434307667688
-0.431006244259	-0.658663139776	-0.327351858025	0.792428150267
0.368567435587	0.875296866174	-0.437787949019	0.266911744399
-0.157430364643	0.958288017705	-0.152376354856	-0.24888119387
0.330676856201	0.0353317209177	-0.328289456727	0.217205501557
-0.0693127764464	-0.607466800556	-0.39236958547	0.439214859847
0.709583720431	-0.709431048851	-0.0690864225529	0.0538933202619
-0.264931819544	0.742240823793	-0.564283750797	-0.226872627612
0.989143898531	0.912472002875	-0.947889290157	1.91454343353
-0.698126133513	-0.844154571113	0.586185236887	0.92548864982
0.144108541269	0.368727781217	0.705189974839	0.831220129716
-0.568193997551	-0.234227300521	0.235994503214	0.456348015194
-0.482873011957	0.252494986203	-0.215093330813	0.103198484549
0.624893745047	0.650385372104	-0.369081082336	0.693089851764
-0.923594294477	-0.893251218766	0.1712420055	1.55438984431
-0.424918475989	-0.15247646953	0.967641562434	1.03413340443
-0.604811589821	-0.215953847513	0.487241209512	0.628590831411
0.511609111061	0.459136447935	0.019499662196	0.505975514967
0.373141238025	-0.0182820453667	0.271545752053	0.201185282173
-0.740594458479	0.454869861015	0.206271052803	0.347980285878
0.497438423842	-0.930181442498	0.855259249962	-0.279340903323
0.717606130621	-0.8868969999	-0.125738062442	0.00584260504731
-0.573356372515	-0.796749651837	-0.115188993346	0.890604314616
-0.534736109956	0.131156376476	-0.888006501258	0.887896488023
-0.515200025656	0.748419672672	-0.0166493790392	-0.132338289114
0.0820802611086	-0.431741633952	0.533605769548	0.025654993681
-0.0715529656938	-0.71850500132	-0.334225148526	0.4083798813
-0.338621802416	0.077164742585	0.657696371813	0.571850549581
-0.663833931637	0.594388404891	0.658380806664	0.870899501122
-0.450071121481	0.40664282043	0.730772184184	0.850737071403
0.195252637974	0.480222712732	-0.0896885851961	0.0968618907425
-0.827691179325	-0.155767067078	0.174960113067	0.817357733278
0.806790667276	-0.140265235917	-0.0444036958292	0.545946480597
0.0135169262461	0.259449267013	0.985016276325	1.22950847942
0.594249108534	-0.504536966939	-0.937705986504	1.4057112116
-0.519199621658	-0.964602436834	0.78546763956	0.629684881007
-0.484511910712	-0.00650551890851	0.46113698379	0.447551175471
0.312563344633	0.750975535848	-0.0343206442073	0.307827212075
-0.902516724201	-0.0637590640709	0.0814358975026	0.873519587902
-0.957923424677	0.691234767523	0.420755546759	0.72334340446
-0.188266115063	0.0409721126249	0.56363260794	0.368505405036
0.875783998766	0.938312198312	0.0865424186769	1.67744981897
0.679824682328	0.358450813352	-0.0705956109375	0.685523995144
