0.429839456583	0.162607619785	-0.782835504902	0.740193538961
-0.531673267393	0.736151167918	0.143667493113	0.0176859079422
-0.455640884645	0.110238508556	-0.274209544387	0.202341867228
-0.493988992621	0.630613937431	0.865460449503	1.22730199255
0.713405888299	0.0894174968523	-0.558863498825	0.835095165403
-0.0125908129735	0.991098907275	-0.95040349867	-0.0509972711261
0.782414635078	-0.284698255838	0.823746180594	0.83345924841
-0.69165573881	-0.184064286576	0.477201255758	0.745582110951
-0.0505795128071	0.489791075432	-0.669626381646	0.0982073585356
-0.399421711984	0.712451428717	0.417071723731	0.346061302826
-0.457451426422	-0.597715004307	0.80089793009	0.645416173538
-0.951809994812	-0.418111203873	-0.228313695855	1.45149234696
0.266797750197	-0.146122979832	0.969618681651	0.830672573983
0.996641292098	0.503494014159	0.238208638009	1.67177676853
-0.854573862553	0.19859919981	-0.9769345443	1.32096148636
-0.927872247153	-0.966416002254	-0.89433777627	3.4217998912
0.586747166625	-0.62445277892	0.721098078024	0.0475670782535
0.93766465359	-0.319329470392	0.93437385025	1.15447243064
-0.665656709632	-0.833665795692	0.472912899716	0.827429387454
0.507124660819	-0.069031827025	0.829592724771	0.853123467261
0.551977441501	0.636929201995	0.368224244171	1.02637151525
0.173168093786	0.387638671077	0.732769663296	0.918115076387
0.446863741345	-0.217607906147	-0.954699502975	1.22164742107
0.145311489995	-0.404225073325	0.433075236604	-0.0251288272859
0.557814718316	0.993620164749	-0.890631785592	0.773688488258
-0.25182601247	0.76373853979	-0.14222444195	-0.217307386218
-0.066526370775	-0.49716632856	-0.953894510952	1.42165939939
0.448702193053	0.575730890283	0.934439516807	1.87082827663
-0.494095848518	-0.247673557243	0.18192246611	0.354543583296
-0.107792881582	-0.23246186823	-0.8941851259	1.04410802424
-0.377324035968	0.742447521444	-0.498137208359	-0.2594699245
-0.789846000061	0.617714389958	0.277381441294	0.384240435493
0.39933645724	0.292522594727	-0.573820899566	0.437699389051
0.094036185368	-0.590326339802	0.279928965882	-0.133558448853
0.835166939329	0.959110994964	0.867857687659	3.08407042701
-0.936700389529	-0.230950231863	-0.681789604451	1.71603532386
0.808032773964	0.689309974016	-0.0729011863433	1.16496508233
0.324549317047	0.0927979368397	0.637597104179	0.601147529281
-0.60057497807	-0.165221716971	0.092743783343	0.453196455557
-0.596474044163	0.707498435806	0.135641444598	0.0481415434924
-0.557043078269	-0.167006730148	-0.806363307383	1.18821681687
0.428343475072	-0.96655389697	-0.804905018194	1.1953172479
0.34740188859	0.211501397472	0.668244142454	0.782048861022
-0.237674965126	-0.208158347081	0.287710987278	0.128851585582
-0.270037685165	-0.364969281096	0.234123734881	0.14084176326
-0.180904194228	0.392801687879	0.792095414477	0.900218416056
0.242639793393	-0.363427611586	-0.699526296171	0.714256278843
-0.0558128091987	0.859341366818	0.581140991474	0.792276159826
0.405474918493	-0.391386581776	-0.79508400537	0.949056253863
-0.610756999667	0.41149176378	-0.881088755904	0.535459267176
0.876228681927	0.753168135062	-0.293899352968	1.29274542739
0.232534883361	0.88507296807	-0.429879044254	0.064204482455
0.60147362381	0.0873660270016	-0.354698725388	0.50914144837
-0.570930296821	0.329683539231	0.469137474996	0.512491956506
-0.74254463756	0.975844815781	-0.134699177482	-0.286537421901
-0.770063063266	0.451528848573	-0.39062637678	0.221501321228
0.856449904613	-0.586832892005	-0.868061470761	1.49385120507
-0.352072262601	-0.330638771869	0.967263818887	0.856147992786
-0.988369886878	-0.152851087168	-0.720449084416	1.75711675406
0.304455059708	-0.621818529541	0.45714919735	-0.171901367196
0.195270728126	-0.834806173692	0.112378945646	-0.206068162312
-0.0524223326144	-0.606118863411	-0.405624933177	0.444910775502
-0.349259106946	0.38619698606	-0.177002105124	-0.0499288249789
-0.374290223565	0.361325174293	-0.909879680293	0.503971289734
-0.500062360772	-0.830345191679	-0.518063474115	1.3638480194
-0.428905511102	-0.722186995873	-0.513764105575	1.1286972322
-0.478475793065	0.450606852476	-0.487078897667	0.0310993770179
-0.808290045891	0.609312751176	0.952275283015	1.64789305389
-0.482055031022	-0.530502520508	-0.187223253204	0.622483416177
0.62822312593	0.424960951079	-0.519699529713	0.7108701878
-0.127046087434	-0.253929167745	0.227996765513	0.0424889117489
0.342221040472	-0.891015140841	-0.767562803251	1.08525384814
-0.728102300911	0.188367381351	-0.471489658037	0.526471462231
-0.259363526124	0.118503316971	-0.161737954919	0.0435266824595
-0.707878033416	-0.0863683214474	-0.8061432446	1.28172171742
0.683407468163	0.0680550742225	0.405976834586	0.706001087341
0.184116775484	0.975390752286	0.0203616448196	0.233759943801
0.730682965983	-0.534496044998	-0.675401278257	0.960516639998
-0.593381709984	0.744159617896	-0.750202291337	-0.084935625363
0.803758199386	0.321179302359	-0.916357868338	1.44957430282
-0.809273897501	0.361947772104	0.237765099173	0.504600147268
-0.110848549807	-0.717564888835	0.499784977134	-0.0170146998754
0.0138159209816	-0.818148972248	-0.803202795064	1.29116166941
0.788089136807	-0.774907475143	0.742487142869	-0.0136833555172
-0.827373059408	-0.528408565896	-0.986497756193	2.6161888788
-0.364429788643	0.634343994879	0.312906718954	0.198036335762
0.32405114206	-0.620678550222	-0.0173863851903	-0.0850288076377
-0.0478215198072	0.092444205128	0.229120651103	0.0715432246016
0.290074670501	-0.473016641475	-0.290667127433	0.168910935425
-0.624706590417	0.692187058324	-0.361572324742	-0.161696630841
0.203889047737	-0.999943013024	0.362712954279	-0.393438282093
-0.0911954324364	-0.70695657715	0.135990711586	-0.00485823668519
0.339039205153	-0.293727604812	-0.292695012446	0.18700538422
0.541424085463	0.430778010825	0.677157919793	1.27662122091
0.407080737605	0.0524942226855	-0.590369873579	0.504629693839
-0.331731098387	-0.862331394102	0.720964314025	0.294187042263
0.766245092243	-0.667321317634	-0.529720003414	0.709896589473
-0.84729568601	-0.346283874556	-0.540619374321	1.49079189207
-0.133675229767	0.250118567143	-0.329236894482	0.0104830825114
-0.399035236551	-0.556457394846	0.403595507675	0.319580857236
-0.209654151983	-0.417071113804	0.00673864892659	0.128630467701
0.0325464853533	0.883035658838	-0.0890960360173	-0.0409378923847
0.908191659774	-0.632535769202	0.0476253149834	0.222491836166
-0.575334307878	-0.118232221626	-0.317262263592	0.537198585382
-0.223239800594	0.237625468612	-0.868655690424	0.544936539347
0.553260778812	-0.524965800196	0.0960073406682	-0.0255286590508
0.892765627876	-0.951338798323	-0.445720430652	0.570405727895
-0.0476969046395	0.331637096152	0.333449685135	0.20822990957
0.456212245869	-0.360097292837	0.915574937738	0.552430228729
-0.871028288345	0.940650868819	0.0741127878699	0.014563726526
-0.440635039349	-0.278662556574	0.166119390555	0.298252122333
-0.415311331986	0.302879955851	-0.382549850051	0.0771717306593
0.717219000339	0.839217843666	0.417929339445	1.64170476917
0.832794946333	-0.166044325046	0.0428655134554	0.549986424866
0.26127124498	0.471622675975	-0.141239906809	0.144820875638
-0.907192165917	0.753497814342	-0.895467953218	0.266560021371
0.835287115855	0.321791716645	-0.894729557438	1.47911746155
-0.426775056033	-0.460311726571	-0.299811308217	0.606479992818
-0.569301070822	-0.268612833125	-0.970812301162	1.68027444951
-0.383134527819	-0.177136877316	-0.439361137212	0.485524589008
0.636744333213	-0.417429239402	-0.855201198521	1.22800271896
-0.438508934445	0.753052874275	-0.736414705328	-0.150182920172
0.0916569287939	0.241576894232	-0.562612057444	0.211161442476
-0.735605662111	0.5654425066	-0.233646073	0.0476500469303
-0.260361927301	-0.278421687069	-0.383292554944	0.3939088827
-0.707358829347	-0.245991793332	-0.671323706076	1.29017662112
-0.0585766300437	-0.919537290701	-0.176780212364	0.251101858286
-0.734190395894	0.363681888376	-0.150919878546	0.239913771134
0.477659066214	0.131905487184	0.723004440941	0.909267710013
0.333106557532	-0.724798898792	0.61077573974	-0.200117866727
-0.99553811417	-0.47549535943	0.144333524112	1.41667213545
-0.954887057662	0.919600770391	-0.729621109706	-0.104918751824
-0.263491722019	-0.376271029808	0.429124099231	0.19125271497
0.986932361979	0.260812629892	0.769991513437	2.02515035435
-0.263004730088	-0.490556700201	0.727407343639	0.37047711796
0.34507709644	0.541753206978	0.945011387063	1.71103429739
0.426058053134	0.174247911868	0.778354565532	0.997227678154
-0.987349531424	-0.634430205591	-0.652387705456	2.44076764774
0.968916905059	0.428287619361	-0.905645266262	1.78609177677
0.815736210556	0.660500052211	0.42881203963	1.67132951477
-0.952730703803	0.665171311266	-0.831639864519	0.412408547511
0.369466011842	-0.821449944238	-0.339548897557	0.227223175877
0.748768440291	0.341762387039	0.790689687042	1.71197324271
-0.594368081692	0.776563152218	-0.517795052667	-0.242279776298
-0.573094891726	-0.299190511286	-0.868843233636	1.51474052453
-0.987887222597	0.683174141268	0.142810358225	0.418981301864
-0.453846788062	-0.913214918461	0.467532717148	0.412065554024
0.59382722271	-0.327548183582	-0.668785449262	0.824457178527
0.547520702705	-0.555382247905	-0.677895096591	0.831728305818
-0.754326275937	-0.858841487538	0.398227862132	1.03342565217
-0.136500448991	0.56324412147	0.136713144267	0.0374426557541
0.35656652136	0.700488277107	0.94160080332	1.92310274963
0.444224155661	-0.880646575271	0.92298581629	-0.154790861929
-0.441057135946	0.697047213644	0.907463132366	1.343127734
0.103603045424	0.388550796733	-0.810104530557	0.392491226509
0.665937750569	0.727800458323	0.150329550978	1.06015177771
0.994963952123	-0.162079924365	0.74629428853	1.26468542717
-0.257387296873	-0.0331109060819	-0.802222478905	0.744893766021
-0.0371454039385	-0.294805595355	-0.0580744918429	0.0328237857021
0.943239177753	-0.0754655164256	0.747981667539	1.32154786694
0.0818384416344	-0.565066205936	-0.944298827602	1.38574502441
0.0182960652301	0.685789969973	0.45194550166	0.527076432512
0.160194836657	-0.0677048466509	0.540554672463	0.270417601557
0.692177489655	-0.264659420703	0.510515441559	0.421431678797
0.918725253743	0.639609951366	-0.205715812532	1.34242302141
0.273143212689	0.0139915886638	-0.356204905373	0.200326984212
-0.0414320435865	-0.381535019789	0.0627648318897	-0.00248316744953
0.909923940252	0.90870366365	0.863479833546	3.18505750637
0.434247227548	-0.718259894025	-0.60619652537	0.679549166435
0.548776564369	0.655009580652	-0.433053587848	0.564490785871
-0.440402361895	-0.399599235233	-0.406992046075	0.698214923296
0.979146300544	-0.434596132666	-0.572643359569	1.10998328906
-0.473568586084	0.0238541461839	0.523597410435	0.499614848829
0.985522764355	-0.953230741521	0.233991021472	-0.136471113166
-0.700267615148	-0.314371407406	-0.455990906157	1.06179705799
0.963375869537	-0.672045773839	0.90275185609	0.48893072823
0.0519298788183	-0.662104159741	-0.919597259886	1.42284201498
0.143874822319	-0.430480248594	0.780499012327	0.231953994609
0.0201952945315	0.307168579264	0.531192907248	0.451942885196
-0.967399290849	-0.928273772697	0.321627740137	1.63875858484
0.188947506368	0.912720103325	-0.181143125256	0.0756372075244
0.305504931835	-0.629831003594	0.470353571305	-0.174093994265
-0.499746016834	-0.0675390999645	0.634003945737	0.64263942487
0.0721374966511	0.332682027778	-0.832870211307	0.445794505197
-0.776338228741	0.171439612565	0.49843996396	0.80350067223
0.113719341906	0.307000662855	0.461936498591	0.403044142063
-0.855012850653	-0.124232836552	-0.374886225198	1.02438050749
-0.684537137207	-0.611348070696	-0.70602189862	1.81717359729
0.960007784193	0.0748561196075	-0.523122699546	1.22797582664
-0.735500106347	-0.105818670758	0.520230807482	0.834380010551
-0.634178015505	0.880970926231	-0.209616761431	-0.297237724163
0.839796437555	-0.769388089953	-0.45085464587	0.609280786024
-0.423737111656	0.480078723738	0.435275701566	0.374557507686
-0.987272552774	0.104765096631	-0.843363788056	1.49418277932
-0.888178550106	-0.340095949844	-0.62951231688	1.70130741095
-0.447527845547	0.264650699848	0.287063699531	0.240219791585
-0.651220537064	-0.779524116726	0.256965864602	0.797450668781
-0.49267437784	0.809200718902	0.715386403759	0.934724480746
-0.369060819453	0.0587162795136	0.172447518578	0.154399633589
0.211348579294	0.963624791233	0.183900477222	0.459359397062
-0.393640784158	0.326092818539	0.539964403284	0.494229705146
-0.257943175919	0.0917971765211	-0.730938187825	0.510028799318
0.0682153963772	-0.227509861123	0.0458968667059	-0.0192018024501
0.701460739011	0.0919702379721	-0.292296675482	0.615115431164
-0.90013737769	-0.878634870432	-0.954740726125	3.35153773525
0.580922609191	-0.0958252215086	0.523995531435	0.506163369258
0.284455204726	-0.284900020101	0.253906408596	-0.00799600663536
-0.786226024006	-0.76996459357	0.316336650558	1.08001841776
0.777416340081	0.019593600972	-0.156212955788	0.640950264616
-0.624826017057	-0.155277323933	-0.912545288431	1.46186535724
0.705261271228	0.340683144437	-0.687057819997	0.975643517718
0.0584425454603	0.952605505952	0.574773352009	0.936984887684
0.605958373334	-0.847666311569	-0.482298398316	0.494974900319
0.390816015226	-0.727062679694	-0.92514033065	1.39710905775
-0.488598484118	-0.126543892539	0.348227824491	0.3777541461
0.731582407292	0.287794419766	-0.2791895509	0.743355763602
-0.245233025744	-0.440797052772	-0.985611146746	1.57412105316
-0.773101125429	-0.960317412504	0.750354833278	1.18256138639
0.134530795364	0.652677637331	-0.753167790073	0.181589722833
-0.516647338808	-0.471860146509	-0.910977549127	1.77044385649
0.432378252182	-0.857577951848	-0.114692114553	-0.0723353931374
0.888321186588	0.00207920263357	-0.155302852055	0.81475760005
0.973152651229	0.0777095447382	-0.48170680224	1.21725755911
-0.299455779779	-0.213954783678	-0.152309071543	0.209529068356
-0.953039858393	0.220312534749	0.875626855212	1.6579523063
-0.00475573598851	0.655456650862	0.935050715538	1.48411048926
-0.916409414927	-0.821025634218	0.477934518016	1.4282267496
-0.449170867157	0.317054462718	-0.453852553949	0.121429003028
-0.168729803255	-0.199474127283	0.112999631969	0.0523553906121
-0.138344506308	0.747997184449	0.22359902818	0.13290587015
0.406312548023	0.583370066249	-0.114314599886	0.348500576778
0.676658759909	-0.621634255689	-0.874961126503	1.34669559431
0.0207646305799	0.326520058007	-0.573488276987	0.148844616638
-0.163451515407	-0.850039745668	0.169508326822	0.0503009403164
-0.691858619694	0.607048633642	-0.065463841792	0.0232222987555
-0.374363998558	0.584089273382	-0.489888677089	-0.124661397981
-0.456225251927	-0.857386046856	-0.778325681385	1.87241909115
0.939928647626	0.609994919597	-0.917134246053	1.73850555707
-0.696377014293	-0.596927737559	0.317134096592	0.811895598105
-0.110256142862	0.415269994148	-0.7115632009	0.177201691839
-0.904600501058	0.58609003662	0.306316341245	0.561483382293
0.122517709738	-0.474668753705	-0.281764682273	0.169991487361
0.0323698955143	-0.782708248789	0.822697907001	0.00861103401644
-0.957595145188	0.182109085804	0.620667193231	1.24085858553
0.00352882695861	-0.618195022704	-0.542469664053	0.627456332061
0.855749108484	0.012989997981	0.718072798298	1.26837902372
0.722132332907	-0.88762896747	-0.431544150551	0.44977097184
0.321779977424	-0.487594974488	0.105501857615	-0.0936674796239
-0.902986828162	-0.308783975522	-0.0578975346393	1.11544302991
-0.347116587902	0.54203171568	-0.692356994685	0.0364204843123
0.46353166752	-0.421232526004	-0.775728560602	0.948123892412
-0.505839851271	-0.0999813258495	0.627125978057	0.637034599725
-0.795675845023	-0.35677073478	0.587936183383	1.05288443781
-0.156386650299	0.758534160478	-0.893146756546	0.0260609714656
0.695343344752	0.180145600208	-0.262601875814	0.630418583929
-0.36218544635	-0.931476681521	-0.162317103866	0.646087034679
-0.242235213664	0.357980337336	-0.935819829623	0.512716110458
-0.267890594602	0.440271180011	0.339217241944	0.2182367751
-0.645927201627	-0.579009765728	0.664236138754	0.847830544431
-0.537002569422	-0.298884941328	0.0377616298137	0.439013299195
0.0350202591681	-0.247389955063	0.889899574978	0.564331795891
-0.465234206713	-0.163498750858	0.284913751572	0.327100882101
0.9687139569	0.532967277797	-0.889217209358	1.77148314084
-0.740739959254	-0.395829705479	-0.642922120539	1.50973909384
0.581294015788	-0.43439480832	0.702523367878	0.273758208909
0.247086322355	-0.22033423797	0.0315081314838	0.000660516355102
0.430546998718	0.679349347069	0.71709090375	1.47923714206
0.69522206777	-0.911696900808	0.0513914823816	-0.194710451799
-0.357351823076	-0.65108675548	0.61662059576	0.339114820567
0.831605948273	0.502206201757	0.209954885456	1.25872781734
0.634214895331	0.808659784395	0.0805391941972	0.986707983195
0.625884738935	0.739543417586	0.779635238166	2.03900585837
-0.766805694702	-0.236810151786	-0.482643452317	1.11681791765
-0.39298632936	0.253631585172	-0.0815962984005	0.0407270668028
0.773990053101	-0.396133457681	0.250955604719	0.256024050472
0.613210155012	-0.337001354214	0.565141919034	0.298305838165
0.86757498909	-0.55297114705	-0.412258625905	0.670866724706
-0.794092885112	-0.925068220436	0.65597346596	1.18865458351
0.253006198597	-0.597055979833	-0.0972233232609	-0.0195465861607
-0.681163788246	0.315288015297	-0.912247283154	0.793795797785
-0.876877922776	-0.154323991099	0.148517790348	0.903375868095
0.0811771768933	-0.249665330063	-0.943429931976	1.11192438929
-0.482954796885	-0.51900680802	0.0225434349801	0.472710173613
-0.0287849865199	-0.546637016044	0.942372171852	0.389493312845
0.373319736639	-0.363581187053	-0.119629759012	0.0614420017966
-0.685466246678	-0.463303349122	0.069873484336	0.759952467637
-0.0669531928634	0.527057293421	0.160261911947	0.0793456513884
0.285247329887	-0.376116456105	-0.795186816301	0.905484744484
-0.825754675264	0.130299667698	-0.125632595893	0.573688887588
0.745447808185	-0.121515148778	-0.82274917416	1.2420019253
0.805554554393	0.170184957271	0.966519503245	1.88465843804
0.849719517454	0.494144180231	0.820394034687	2.22034652261
-0.136795988549	0.982636625591	-0.141246969729	-0.234551345351
0.68771929457	0.108601935265	-0.708883194229	0.973174770723
0.320682361779	0.679492058359	0.410898850401	0.768778666137
0.358730793731	-0.397347776748	-0.222256025369	0.123857577392
-0.607880608468	0.548803968761	-0.56153693413	0.043061574027
0.601413185177	-0.723285378896	0.499941067711	-0.18495453761
0.695816092106	0.84251433949	-0.00433830511998	1.0667588059
0.141824356718	-0.156161788736	0.830417590627	0.5578804814
0.343464909703	0.364682012464	0.432177161097	0.587607954102
0.12581274475	-0.875356275444	-0.555181091714	0.69990516833
0.428203415222	0.669358068471	-0.545215091593	0.402294951224
0.727421823248	0.161228997296	-0.204862079938	0.655362764175
0.945107091516	-0.998172414936	0.158118868173	-0.182980729496
0.0217724204672	-0.0911264890602	-0.344771745929	0.148775389582
-0.241964126374	-0.40131081639	0.408005261232	0.158380828261
-0.177342891901	0.90006952179	-0.894462451375	-0.133185744546
0.809086940475	0.51044970762	-0.0285336406549	1.05386904957
-0.57387796213	0.998025542092	-0.962423770241	-0.277672940323
0.658998677566	0.517225925806	0.372000577849	1.10592323134
0.971254988069	-0.736094273159	-0.205573089488	0.421982486364
0.0225133330059	0.676020289621	-0.653040303876	0.000719463187859
-0.00739081194383	0.949121535701	0.571935214501	0.862985764014
-0.213296444349	0.912321702878	-0.198390430923	-0.290736734847
-0.75949912166	-0.0406725811113	0.75251716077	1.14340496743
0.139448824703	-0.857938303545	-0.388266098488	0.383666407711
0.287313305219	-0.177579638362	-0.386038044995	0.249105811126
-0.185011698962	-0.378859977281	0.488013924913	0.157591503222
0.257377043198	0.0382677452369	-0.439668282242	0.252575266081
0.650584139515	0.178306813416	-0.606381343199	0.798839715724
-0.637549263196	0.680616086686	-0.709915724285	-0.00665694813736
0.304950303283	0.92778640381	-0.813165537369	0.282717694243
-0.712821569215	-0.59708649965	-0.0981890043708	1.00199913468
0.476866048797	-0.636858511981	0.257477169952	-0.173977008034
0.442077213317	-0.673844119069	0.116420705877	-0.16735449507
-0.705677759063	-0.0608936903184	-0.526986259568	0.850757078427
-0.0661186644484	0.0219707164106	-0.720146328161	0.505707606576
-0.648096966478	0.978906534223	0.398689794467	0.334836919806
0.237812086395	-0.914541279157	0.288645285065	-0.341596308891
-0.732915209778	0.431058710126	-0.0755135600966	0.194386739712
-0.0908857931787	0.491247794175	0.054453423636	-0.00667191842706
0.357913993746	-0.567135736258	-0.831366051723	1.08778352036
-0.295663663805	0.939010299267	0.418619965486	0.378116911237
-0.553972881998	-0.747085382806	-0.849511387561	2.07707813437
0.15520668386	0.861981736943	0.76779856781	1.40921742549
0.396084601632	0.582630582169	-0.0719255855588	0.350921257758
-0.476971900025	0.00443246564295	0.700754690752	0.719551239556
0.872077131501	0.0976620241768	-0.0413973786839	0.843358132352
-0.577510226648	0.0524559220735	0.847911857026	1.06665674602
-0.793501779216	0.273847724609	0.670338468187	1.04527074307
-0.582234514115	-0.574428747238	-0.198541729788	0.826916167553
0.505857349006	-0.784096916399	-0.480942601487	0.467661866766
-0.0882103877968	-0.275593419232	0.163688020869	0.0137737017174
-0.693640931142	-0.499585822939	-0.910182998108	2.11081852894
-0.478924990548	-0.838233944791	-0.484563049793	1.27179887661
0.545673513511	0.306213126584	-0.0661693850329	0.448968429254
-0.630409850797	-0.583413716412	0.0741362344687	0.727450419087
0.387497386342	0.0309029163489	0.958292456037	1.11006748664
-0.34694038594	-0.218439705843	0.578519506202	0.404466375543
0.754888040185	-0.890840031219	0.357842664162	-0.29335772989
-0.623590662123	0.879666069149	-0.483217285759	-0.351257137673
0.29691335798	0.833774335927	-0.126196135033	0.246422645838
0.832904842276	0.719743991142	0.391757113836	1.72864719662
-0.63629055107	-0.771211007701	0.726771692062	0.863282705842
-0.760084996297	-0.384394618741	0.425737779436	0.887503129387
-0.492613046705	0.0638081280302	0.848987034402	0.9861861554
0.234949838951	0.647904578469	-0.488608429883	0.129593062143
0.404450964713	0.090373657925	0.384592751132	0.382800933944
-0.585311923326	0.681540721271	-0.496612270443	-0.14816160064
-0.302693129691	0.918657118855	-0.724061695042	-0.327347160071
-0.233417822596	-0.388424267033	0.68579993754	0.349089242819
0.80317809372	0.574887425564	-0.413144213005	1.04000876454
-0.363989935451	0.970478049028	0.697407436017	0.942440170383
-0.360429226867	-0.257608472527	-0.147048413649	0.282263003352
0.719498821707	-0.120170161894	0.967346716106	1.25072972223
0.198826556232	0.63244379837	-0.19713194288	0.0794647500723
-0.253100820514	-0.590088033609	-0.108890881125	0.289524220741
0.723456525431	-0.71009789393	0.26644903094	-0.108545420492
-0.979722391035	0.645232947289	-0.671662849122	0.34545878077
0.159647215145	-0.0659007278219	-0.0849895515935	0.027790462818
-0.345015323879	-0.376229801019	-0.724242712813	1.04584981916
0.321641779247	0.156072820874	0.0212351209794	0.157418129551
-0.811929048574	0.93368524825	-0.870461366717	-0.153891341689
0.0807720722135	-0.166259796072	-0.291687236037	0.126672283442
0.0304050181764	0.637939439705	-0.889312229819	0.243869921882
0.791265231546	-0.099550450791	0.828480243093	1.15123378768
-0.96861816295	0.445445090615	0.0787114483419	0.54801206057
-0.382856081177	0.0207568089393	-0.597153562987	0.482829283739
0.771926368392	-0.937860185176	-0.00918061646101	-0.119394270211
-0.815657455266	0.192496944291	0.389261872273	0.734742042751
0.274166115821	-0.607587957142	-0.750796498017	0.928457320729
-0.522393791266	-0.157096999392	-0.62374438341	0.842007197119
-0.144872311402	0.695264758863	0.0791410232045	-0.0184493600735
-0.315421181192	-0.239174592153	0.776566936556	0.592252380535
-0.685684428319	0.0736660810728	-0.040679617786	0.418309573834
-0.657635324926	-0.689177971286	0.754959300846	0.935374226241
-0.822069648125	0.955229529709	0.820065369043	1.34639116931
-0.407114787979	-0.059038626829	0.391627148327	0.320028642876
-0.0144464905677	-0.449334756328	0.20064907067	-0.0431985403074
-0.970803411165	0.0399205254653	0.73561579668	1.4742010503
0.533378831691	0.14146537272	-0.62229276828	0.65916302437
0.882295583331	-0.458781901295	-0.767896411094	1.31562612479
0.0372867664233	-0.5281238785	-0.744929510544	0.930033309247
0.29499641534	0.763720341341	0.267944061205	0.5887459979
-0.43156068866	-0.717316604951	0.0416696521199	0.467656302536
-0.244595500341	-0.491422216023	-0.533255508845	0.726441663172
0.385827288871	-0.216551376363	-0.00161049701857	0.0656626154412
-0.79683096922	0.338212323469	-0.59790007595	0.520708866928
0.397314397616	-0.302862881384	-0.572534539433	0.538722206424
0.258712793886	0.100564312881	-0.884993700654	0.787164650858
-0.655631956325	-0.82069167767	-0.619749286068	1.86063721122
-0.525411777589	-0.786507947608	-0.676157984722	1.678291324
-0.955311924459	0.884930015303	0.825794994356	1.47994482678
-0.960974308346	0.796723246925	-0.095326966384	0.0909790704869
-0.117587501394	0.808576244398	-0.373642073102	-0.243761345207
0.548911488011	-0.329346332342	-0.244594999709	0.26090501626
-0.873005015345	0.0145886887862	0.244848776456	0.812924704271
0.269407198623	-0.0044943655758	-0.802588815986	0.719125359322
-0.690373263021	-0.3745159748	0.923952758752	1.24282469016
0.628403617196	0.041473299793	0.344019571749	0.553570170292
0.856973983998	0.401655605997	-0.0595011579135	1.05825422827
-0.626993228965	0.542992459247	0.0623962500335	0.0904418991129
0.156709467239	-0.933908233457	0.330959655247	-0.321346058169
-0.821737860853	-0.600608913005	0.952198543771	1.50357932976
0.557330408043	0.77951154439	-0.928212553193	0.883088813883
-0.126021267424	-0.405826691502	-0.470248197932	0.478996791871
-0.748645129157	-0.135685829398	-0.0957091567063	0.684196683672
0.171156367708	-0.690057381351	0.95928760911	0.169456008792
-0.626702644656	0.169583148878	0.447608217098	0.562737923861
-0.57899720682	0.228460347664	0.524556653386	0.597959940352
-0.518594063245	-0.413960435424	0.977020392513	1.03373828694
-0.842366568808	0.519411457078	-0.767108065036	0.462056654994
-0.787225064431	0.852278908672	0.994995582434	1.78681794147
0.683426274584	-0.515611423789	0.950618387649	0.528214696898
0.131189890747	0.908555196742	-0.275473337722	-0.0379931283235
-0.561567990817	0.857729863414	-0.754857754009	-0.243968837207
0.498220121138	0.00428319775854	0.0103770110934	0.250509393562
0.946872887706	0.763537838202	0.889299701591	3.08940947412
-0.105836347883	0.580154452218	-0.428937228148	-0.115062792838
0.936518101256	0.917529345136	0.592717656311	2.63149905728
-0.987893367608	-0.760837511242	-0.825622640643	3.03737705682
-0.685174660319	-0.972516193512	-0.326449484934	1.55985444436
-0.706040386109	-0.482142064782	-0.772691037939	1.80850308898
0.449858429315	-0.58759897842	-0.99629089626	1.51605131575
-0.825826824171	0.622924166811	0.461781152082	0.668458928972
-0.314420438742	0.790579434198	-0.0511795515748	-0.187556274689
0.483655883391	0.124609920871	-0.934290103343	1.05066751625
-0.501184590047	0.968013949607	-0.582567504871	-0.458516254764
-0.207170116855	-0.221082819189	-0.155923544084	0.147505379107
0.741181386328	0.438332303818	0.0222268538609	0.884470373147
0.17966778507	-0.886981925173	-0.598921933268	0.762858846647
0.29291665487	0.365642889637	-0.573806594516	0.312348765408
0.130448963289	-0.348209572104	0.454006722201	0.0196259716683
0.423560457898	0.0525940561086	-0.107198849448	0.207533795003
0.984556960923	-0.184235453187	-0.991412632951	1.95351447592
0.98896893211	0.244037382175	-0.819311219346	1.69073324691
-0.892463254557	0.347135560352	0.354776202554	0.735706518541
0.785800462117	-0.891726215677	0.151724340702	-0.195512802696
-0.860183657044	-0.465897973592	0.628921710896	1.24320291436
-0.131914920676	0.901589286213	-0.686925731756	-0.248989452102
0.0208350119631	0.846707129245	0.300838268846	0.363300821874
-0.624508687182	-0.401761666524	0.224972427539	0.60114204703
-0.526290683067	0.349197458287	-0.262935581027	0.0705211974185
-0.233228108826	0.423728964448	-0.378803517975	-0.0614480714567
-0.398026213461	0.46380649264	-0.0775604335858	-0.0561396872532
-0.918552166907	-0.566938149994	0.928415778099	1.70010188287
-0.202414589904	-0.262847607716	-0.235947800192	0.21186553617
-0.448374659857	-0.874776333388	0.466302664775	0.402795016371
-0.778979312219	-0.764616811607	-0.325863377622	1.55777700457
-0.182070814626	0.633927912684	0.34423754707	0.254451288557
-0.489139217882	-0.000813264317633	0.0790845059391	0.245845016415
-0.173955799827	-0.745715986147	0.774420197223	0.18221136191
-0.615651892185	0.930370858119	0.887767171636	1.42032592944
-0.626520562618	0.849466160965	0.684265164918	0.909798916936
-0.922856388159	-0.0680940863582	0.61299398693	1.24852533829
-0.956759869362	-0.0486320616628	-0.397081215829	1.13890302272
-0.450349586385	0.312312041097	0.837768010205	1.02566542758
-0.361645991142	0.832152389346	-0.299205344952	-0.329617356976
-0.228135470607	0.587069095902	0.289925899031	0.172378070829
-0.462784939224	0.849258095662	-0.150579681776	-0.28406072944
0.873787848918	0.768618396966	0.515598089801	2.09725418811
-0.627647676695	0.965588900903	0.872648727139	1.39202770206
-0.430587316473	-0.536980019157	-0.385972599841	0.772856644441
-0.692403719541	-0.75369629524	0.666585216818	0.943218071966
-0.883097939447	-0.969196372983	-0.569603097287	2.51226223493
0.0259741849028	0.811886770586	-0.578373941732	-0.113294979888
-0.271322034036	0.746935899607	0.0218741079875	-0.112227488294
0.312814888396	-0.814270065877	-0.0358310119995	-0.126402663457
-0.324071671455	0.754744227067	-0.921811578261	0.0144358437329
-0.668284761814	-0.680779923963	-0.647253984788	1.76113461158
-0.926929077776	-0.997363131642	-0.292660575239	2.16122148317
0.942630611824	0.609929199366	0.441347150827	1.9274682266
-0.277931621675	0.928989045745	-0.085724609336	-0.253237960054
-0.114174801793	-0.696476125662	0.774863557106	0.153295472927
0.580722894817	0.538319589374	0.524983239322	1.20806975423
-0.57733529204	0.369752646891	-0.351722283871	0.113503106599
-0.0814797712617	0.0467423310018	-0.956017077173	0.872112583868
0.495325932899	-0.0485894519008	0.656421031259	0.620273596364
0.889639792823	0.712405960535	0.30747544091	1.7388321357
-0.169983769949	0.438943241799	0.0972722215002	0.00644012432934
0.623474102307	0.218934581295	-0.198603484256	0.521182171074
0.36838292287	-0.406165420501	-0.154081296213	0.0724051133998
-0.250587082018	0.0862995996506	0.236518784666	0.117520932745
-0.337424321488	0.79267618086	-0.356413861157	-0.309102987598
-0.207164860962	0.325468300225	0.108045337873	0.0223308119548
0.83579562314	-0.571432678182	0.789388358071	0.393005068596
0.89562729116	0.868295445647	0.529973655621	2.32086312972
0.928433680806	-0.560974089135	0.703449295661	0.441385944923
-0.918569074332	-0.101644096201	-0.500977276072	1.23903588126
0.970263372826	0.0973641365929	0.747874616443	1.66801247644
0.249639579743	0.535079161577	0.73854063828	1.13651683671
-0.278873783672	-0.00993049257183	0.32297804176	0.181647425672
0.940113451768	0.831795266516	-0.345819835917	1.49773527769
-0.0388567149745	0.708608390625	0.990586250101	1.65717449738
-0.733188414359	0.229970480384	-0.106922524774	0.355796961006
-0.78913573576	0.120225566253	0.046365731304	0.535585046111
-0.770507054777	0.110919552662	0.717571451899	1.10271831665
-0.87024766144	0.837484771032	0.130209501116	0.154514817169
-0.149887658047	0.158819111598	-0.770225309212	0.469581812955
0.407455617456	-0.0460583540624	-0.505261176972	0.425813700242
0.444204800342	0.121160702607	0.289646775034	0.370127131417
