0.784571979667	-0.0200648370886	-0.474658095293	0.834635127105
-0.879985701332	-0.26348747168	-0.600990505451	1.52578309853
-0.823968935404	-0.848823419236	-0.726463737776	2.52271793176
0.52049137371	0.208079783004	-0.57630491305	0.591424953757
-0.198391991351	0.860225115894	-0.279816605405	-0.293710330673
0.774600821302	0.446399564756	0.234947603352	1.10586878605
-0.626135892434	-0.594806714646	0.862487047221	0.995346808536
-0.565155320141	0.465274960124	-0.162260565867	0.00728062976289
-0.351911765332	-0.187716573099	0.380360380083	0.263175632846
0.760831534363	0.404339622532	-0.854964685095	1.27176747381
-0.106749972333	-0.954109068406	-0.42577382123	0.700764684018
0.111970614514	0.659171150311	0.637050211674	0.912103310314
-0.565184409638	0.54309830752	-0.262175021629	-0.0611683479678
-0.512002782903	-0.774170394739	-0.752642676526	1.80766892276
0.943747361636	0.501027438736	0.0789227488437	1.40927366901
-0.442370954214	-0.488569666399	-0.435685113361	0.814505139152
0.979018435135	0.167747211025	-0.826046421546	1.66649041553
0.346347191408	0.835409334805	-0.274302738881	0.255384977715
0.212781112812	-0.103991517797	0.879499067822	0.705206538425
-0.464841319611	0.836858706764	-0.249864044017	-0.319597913413
-0.0303488687536	0.0183435258595	-0.920617085425	0.831012803239
-0.948607109431	-0.548310737138	0.518275953957	1.40442060558
0.892332381267	0.967877359883	-0.983066330976	1.67485715406
-0.496199701635	-0.857533375849	0.997798195222	0.811677932765
0.746377971884	-0.697192108793	-0.106281605426	0.122105721004
-0.581393657882	0.0467937265918	0.994062733337	1.34548962712
-0.151059501667	0.806517959747	0.257179741293	0.174548271526
-0.0891601916613	-0.597056411945	-0.242537795739	0.264816532345
0.482502453162	-0.256365493317	-0.582006895321	0.59705014891
-0.24056915387	0.825426307777	0.116835215327	-0.0306092627038
-0.770432790073	-0.151802155417	-0.864419482381	1.58896182429
-0.480208054215	-0.811401524321	0.919849812834	0.719997460405
0.0645288829801	-0.814731296921	0.724445018004	-0.113817168736
0.574925905389	-0.316922508002	-0.59311138651	0.688084301782
0.431334124175	0.268557208235	0.582496978598	0.797623507335
0.0172247892452	0.48163592686	-0.527114051328	0.0325649291327
-0.397325645041	0.013477473819	-0.811078773881	0.799430206729
-0.79608231293	-0.370844521846	-0.407479799762	1.24612125237
-0.139655089393	0.731178534415	-0.535785006652	-0.187298182165
0.135823122785	-0.107764582299	-0.404564985268	0.211081602545
0.0999632006431	-0.153727324843	0.296624814937	0.0370125076193
-0.222353386785	0.686724725173	0.346142339362	0.254264482152
-0.594065504891	0.690280189202	-0.0165404855564	-0.0683018068498
-0.401933896894	0.954075517458	0.845230878219	1.29890489181
0.132789703189	-0.627838399579	-0.776048879162	1.02374777968
0.539307155048	0.263116768629	0.743484748081	1.18114583849
-0.702647518301	0.325405138153	0.870601204323	1.30631298435
0.690377464028	-0.00190007245689	0.996928017303	1.46728051185
0.301905641925	-0.470075702396	0.80582071976	0.219778801489
-0.575890776511	0.943061653023	-0.189398572898	-0.354193033008
0.762489892259	-0.684960762915	0.34827377171	-0.0581440708329
0.828994699788	-0.611972648275	0.512697080711	0.129011836766
-0.678351687041	-0.0722153337058	-0.294268965086	0.616993360087
-0.745540474909	-0.263811867643	-0.766424926493	1.54211218403
-0.359018538456	0.304654722046	-0.537296897904	0.144515537322
-0.704217268088	0.56822782762	-0.401108448866	0.0287331174685
0.0955940238713	-0.0858792434532	0.340226722152	0.0874644839166
-0.0534917069033	0.327579549538	0.737010506756	0.769952630332
0.841435741482	-0.805172160243	-0.920647690327	1.61938553272
0.900733968423	0.406906150875	0.639678887532	1.847314227
-0.733947404196	0.0591155126062	0.132511224532	0.520683808692
-0.0209891178173	-0.038494913992	0.577488060329	0.312510623961
-0.596443815168	-0.00110646530189	0.113510526354	0.369164213172
-0.84815619901	-0.698864632714	0.885556645664	1.47744166118
-0.16812319737	-0.921630096654	-0.247273473587	0.472251654237
-0.491910953681	-0.156459639743	-0.296380851296	0.453153847186
0.78245874311	0.538924271024	-0.642384068185	1.1003886178
0.54438152884	0.826272890763	0.299066113627	1.08270971101
-0.769300903268	-0.14444376655	0.394436884839	0.801551106657
0.8635013987	-0.262383109402	-0.51608557767	0.920822945658
-0.616035765042	-0.977789566776	0.535089446077	0.744969245267
-0.219575756752	-0.972712192877	-0.975059094758	2.16098963732
0.0116008398794	-0.147929570779	0.305920025586	0.0467509161987
0.873586104374	-0.309142682173	0.421586699874	0.540494832682
-0.231377196895	-0.889082707753	0.964495147237	0.331983803895
-0.97988610808	0.48613153233	0.707252697805	1.32784746586
0.233178673984	0.635195064124	0.990945198999	1.81390212342
0.333235476633	-0.269802928335	-0.619516437816	0.572085941264
0.347446489316	-0.527372472333	0.348549616842	-0.1248432889
-0.337712828426	-0.319649330558	-0.0611589332255	0.245289461188
0.963350973408	0.146439159366	0.732444675617	1.71285119011
-0.520073949731	-0.718411972608	0.610707449978	0.57832831095
-0.504257991801	-0.743615328394	-0.724598270876	1.69311512977
-0.206072872076	0.0362674892739	0.0151046266324	0.035768239558
0.165519940426	-0.0648529501151	0.345311505762	0.113507960393
0.69690273636	-0.969017895234	-0.208163416839	0.0554082853357
0.834411673096	-0.557036605794	0.00918625059536	0.226412303331
0.781571085753	-0.144144133777	0.666352785641	0.846169664801
0.349382526325	0.644011810009	-0.0695979454272	0.307096598066
0.599499755532	0.0417491851481	0.608476922234	0.780076163749
0.817465542847	-0.206420039496	0.967120271469	1.23519725895
0.46677856237	-0.944477114857	-0.769760246348	1.09657232988
0.420705378489	0.0714580072551	-0.173913854629	0.224874274824
0.293858451897	0.181436782395	-0.142038708603	0.13407347022
0.797422636623	-0.629017274513	0.867214001042	0.340857784124
0.392105097142	0.1025537762	0.472645029892	0.465823122482
0.264933989056	0.863306934689	-0.991193080562	0.425669231432
0.109192659732	-0.17318631128	-0.176805169978	0.0548926663163
0.80799793437	0.590871238227	0.113018086469	1.20983562647
0.364394211775	0.203972872019	0.285016459279	0.34647968333
0.760873158047	-0.381141003522	-0.593741673609	0.867756475917
0.662596749752	0.509243772125	-0.46730139203	0.756857988419
-0.339907037913	-0.7448360775	0.845384040942	0.4537134629
-0.100260473258	-0.585383784517	0.724527055474	0.169556082167
0.933234881233	-0.630789434382	-0.709276362906	1.23272963543
0.993861484946	-0.111247814215	-0.13477653816	0.910354043942
-0.860671030405	0.456362121207	0.157524461958	0.444679119197
0.581550574802	-0.810252512016	0.0486255451595	-0.170036269516
-0.542868685501	0.41171800069	0.636738153712	0.738789635868
0.35748324873	-0.779367134591	0.168720167495	-0.253844880673
0.835380399364	-0.698256201025	0.753806783075	0.156425273123
0.386441142276	0.0369308192259	-0.998875285944	1.12447089866
-0.858426322703	0.44795176907	-0.343746667087	0.316542005138
0.564173490858	-0.11728754347	0.204693441548	0.270012619043
-0.815999669559	-0.0116787599539	0.2164824784	0.719721741538
0.185232457687	-0.845071369363	-0.782878078527	1.15226235241
-0.151351590669	-0.419660850811	-0.852699604469	1.17136489827
0.915347293565	0.164445305456	0.132033933211	1.02753055312
-0.781142109308	-0.274448633678	-0.457253910705	1.15914022943
0.419612777272	0.321798384172	0.0758245005267	0.341255153184
0.450913881571	0.429401199887	0.510553688963	0.876843726347
0.584529003018	0.404353047549	0.175354029801	0.679684211237
0.926813449632	0.443221992116	0.888238399057	2.45242152015
-0.87882097997	0.646875936793	0.343109223028	0.54351120914
-0.626792656036	-0.826675867283	-0.280455886775	1.22152501406
0.618611688922	0.479381257005	0.484880413994	1.14678286894
0.602087416223	0.324880026744	0.274874033839	0.722972250602
-0.836232779443	-0.807671484623	0.489534305398	1.21894756882
0.190048100339	-0.554407835191	-0.639411169672	0.694095330827
-0.827435841935	-0.146769402192	-0.872331656815	1.69508645166
-0.714601889871	-0.444245804737	-0.73685521795	1.69841520413
0.811204737359	-0.522906068733	0.657685313155	0.322511575338
0.120142276124	-0.509257443208	0.0877606086504	-0.0837400005928
0.274022474357	-0.0365060110906	0.344204218831	0.170995870196
0.980323632299	0.105382969405	0.437422027581	1.30177870175
0.952647176674	0.11088959385	-0.718686881027	1.44999123835
-0.494805469512	0.284334180723	-0.26333613282	0.0986128001367
-0.518752265208	0.0257683783747	0.593690439423	0.623503285748
0.252639744948	0.537076268379	-0.116821764925	0.150418779377
0.642158570662	-0.373028816803	0.0680886782087	0.15206100709
-0.838786154326	0.113690694941	-0.401323828976	0.723634062587
0.730893339941	-0.307049360756	-0.186809486003	0.402042258881
-0.0582946956061	0.74611909851	-0.525365459975	-0.156072851048
-0.17075295257	0.174867723532	-0.441434626696	0.116969252097
-0.20058289155	0.642953821427	-0.0407447343737	-0.113268889542
0.856351033266	0.849297221488	-0.976330432566	1.58466003527
-0.792219295926	0.075361041293	0.845246464482	1.3460491812
-0.748734198663	0.637882894158	-0.566328957153	0.0424750961252
0.220727129721	-0.392254444325	0.771908022548	0.255196910998
0.400903894238	-0.968911563703	-0.211716448115	0.0222418825617
-0.317057955377	-0.645596151315	-0.911358884439	1.72416194731
0.232122131509	0.513027700993	-0.602570882822	0.226921881539
-0.102543222914	-0.68164691062	0.565851746358	0.0148904877522
-0.935588833154	-0.0893937178599	-0.434577899926	1.18666871419
0.273060529043	-0.509897770266	-0.714802813295	0.810748520188
0.988137195962	-0.142745164629	0.610863102956	1.12131928768
0.389344173648	-0.414851369907	-0.88616289516	1.14297948953
-0.666475853029	0.929945117203	-0.857928380842	-0.237381104607
0.159761755787	0.946339071655	0.0174025185231	0.193484141145
-0.293334599944	-0.247830628933	-0.995755223582	1.39704959453
0.660588508772	-0.0759169437755	0.368383840996	0.493967396205
0.0404934611404	0.77542859694	-0.881626748896	0.126666639601
-0.308199502827	-0.218097780998	0.535606043497	0.332263905469
0.959451832426	-0.0731080129559	-0.0856949589036	0.864012815897
0.142453279711	-0.124098611244	-0.962337688259	1.04813327963
0.513195355574	-0.07422319988	0.843250151965	0.87376056574
0.0886137101589	-0.443153306861	0.409930643752	-0.0450360567374
-0.696761397581	0.693110617779	0.835245840393	1.27909709676
0.0641934291377	0.294939526559	-0.425727319705	0.0787339125684
-0.78998415722	-0.619713809545	-0.689201457879	2.01574537076
0.641678769766	0.44742350731	-0.0112770358806	0.693935369897
0.81901160044	0.969721224662	-0.539921958944	1.23293487235
-0.438864354443	-0.0408696872448	0.892342267073	0.970343142744
0.236520181121	0.0848244304857	0.840092784906	0.853020765026
-0.655662866022	0.9720869384	0.647510744586	0.841239387466
-0.807003392591	-0.38066417834	-0.121901793065	1.01971545206
0.399258784364	-0.0947239015661	-0.0145825910859	0.123182198987
-0.712712596232	-0.591266768891	-0.325118727567	1.22729660532
-0.59459095875	0.107528213772	0.144612066098	0.326065631327
-0.885546932403	0.877649966644	-0.210115725577	-0.133266307606
0.800809991909	-0.754138754859	0.157496742683	-0.0565943805015
-0.638798328015	-0.0575490664768	-0.933427059037	1.36982948173
0.885574596185	-0.278676071375	-0.86845336573	1.53368233662
-0.296972225279	-0.36743406334	-0.377934185078	0.479010355569
-0.102304161317	-0.628518600978	0.222224649507	-0.0155223211946
0.200520591307	0.248265019706	-0.946404436801	0.750712997935
-0.301623685837	0.852148771884	0.790770357263	1.13312034111
-0.606521022258	-0.606467864819	-0.418627197597	1.16483593303
0.26859773764	-0.644099326576	-0.784085438262	1.01895999999
0.33674174283	0.422636672091	0.672896318218	0.992894526572
-0.324586954349	0.172550719777	0.555993556992	0.454414902197
-0.538897345823	0.694427038016	0.275435328607	0.183319821335
0.448955661498	0.997467849781	-0.0130351132882	0.636547832068
-0.425614907059	0.444116344061	0.966368194399	1.35517290927
-0.337149382483	-0.693333386211	0.820334687102	0.451610201552
0.588294455057	-0.878624240021	-0.906836348047	1.44832115663
-0.58529058266	-0.327168679426	0.983000230678	1.17873637933
0.547181960772	-0.0448205902233	0.675484478161	0.700886746991
0.833132940648	-0.463931134932	0.604499029178	0.392567341694
0.35337430328	0.604791311842	-0.782827468766	0.477962700744
0.572193569071	-0.76991807241	-0.560314222944	0.632211385648
0.835736027071	0.623558138518	-0.234293112763	1.1283825937
0.166573653629	-0.941594972929	0.881026507201	-0.182460556603
0.120497405119	0.840173055103	0.494717066585	0.776151222846
-0.610689185899	-0.543374785855	0.174137512224	0.640476327135
0.00478465742087	0.991998874425	0.531584008437	0.81468156378
-0.758410402018	-0.1997923849	0.26564606196	0.744204730818
0.132200512006	0.865912193364	-0.857069271906	0.124372014434
0.841945763671	-0.792401944221	-0.161829564353	0.196136078226
0.829611209786	-0.209848154502	-0.594397519723	0.992204012081
-0.360187235362	-0.674107560846	-0.357194058905	0.740914594709
-0.642796900676	0.754753636913	-0.94761946604	0.110797970951
-0.288814844994	0.398035989369	-0.535766215951	0.0422465144353
0.159021720004	-0.609044671709	-0.685968662535	0.816775141034
0.483221976037	0.405830146207	0.543409013934	0.945434639311
-0.068610242173	0.45906513027	-0.528476809267	0.00989325821257
0.837649347408	-0.258995043013	0.32696057523	0.506931449962
-0.142490589019	-0.980018246281	-0.271757564428	0.500126490649
-0.592154658062	-0.505485289885	-0.227720285365	0.816938390879
-0.844428092417	0.208039100185	-0.457632034632	0.651606465167
-0.374909081155	-0.316781506394	0.130844250847	0.234992261715
0.857031637762	-0.387938896654	0.253517549812	0.36794914968
-0.712260989429	-0.21461639603	-0.335918021706	0.845113036133
-0.356098000431	0.801998678973	-0.501292542077	-0.309526083802
-0.498162885417	-0.391899010103	-0.583513946751	1.01256286624
-0.848319289834	-0.933598344454	-0.635897332796	2.50967321706
-0.106527229152	-0.151092443417	-0.853385626304	0.884650656532
-0.103016552524	-0.0818813277811	-0.960848532478	1.0209529982
-0.805828194519	0.938525468244	-0.0846203567095	-0.179188959638
-0.841916021685	0.679187386554	-0.568141313636	0.0739139833616
-0.89805748689	-0.263797062008	0.206747881644	1.03161737913
0.381161707228	0.35655858295	0.416513543354	0.603185735856
0.837725449304	0.228861338292	-0.270025515113	0.904622273911
0.690101489686	0.756516381775	0.49997749884	1.62653181584
0.535576841611	0.814145474035	-0.545651942777	0.576375997913
-0.717171593151	0.33999923778	0.714181421955	1.02337354156
0.471426541776	-0.313163898498	0.270430460491	0.0630527872946
0.457299772945	0.558364647463	0.0715808217064	0.509555123155
-0.472323118413	-0.061708046273	-0.630787687799	0.689053047939
0.643989331049	0.171825840756	-0.789053568213	1.0124020075
0.8103652697	-0.583179440984	-0.703365792753	1.0890154136
-0.449362238205	-0.583807514427	-0.785684911572	1.54025700811
0.752636982393	0.654216352818	0.141561459128	1.17150131708
-0.963356458892	-0.517704541206	0.517622281052	1.42674710077
0.899654493981	0.00476902066888	0.965067136227	1.74962568196
-0.267876510597	0.336713509253	0.439717228122	0.322970156668
0.183110829817	0.429963077729	-0.440311943303	0.116817201062
-0.618237028144	0.934340190478	-0.0259729652315	-0.219019670027
-0.655337526331	-0.592725768846	0.471410255734	0.760713335505
0.723272252793	-0.269902658456	-0.603986272139	0.855726565297
0.447337281986	-0.234854365978	-0.116154971236	0.135823009583
-0.443978158322	0.546871114607	-0.216869550814	-0.117249516144
-0.946559450896	-0.811297217452	0.490774289337	1.50661143048
0.570178178386	-0.574959556526	-0.27984465667	0.236486154084
0.21944479026	0.931199180574	-0.0792099614257	0.18501679166
-0.171269335439	-0.333598941927	-0.10355537416	0.131738133117
0.275799496689	-0.411883383902	-0.684089279028	0.712211281217
0.796952428779	-0.51877425373	-0.0776368648602	0.267998261653
0.842063350409	-0.732174502748	0.339871520139	-0.0407992398199
0.932973668466	0.230146888119	0.364689206506	1.30209115589
0.987218108002	0.522461466959	-0.818885752559	1.73312063787
-0.87550767783	0.00156984248003	-0.865646203881	1.51312370691
-0.73280453747	0.0236376897834	0.488774103877	0.77013429907
0.122332560458	-0.52241001533	-0.990058138979	1.44848890668
0.779624908496	-0.909624296311	0.994372307546	-0.0170796853382
0.250440063127	-0.400397703957	-0.238780015021	0.115067464302
0.137227682235	0.267999565759	-0.521930379595	0.188142602077
-0.596544560642	-0.914315524248	-0.878875310434	2.47728651703
0.972703148385	-0.563221743774	-0.240046152733	0.591125219639
0.431281279203	0.0284344054881	-0.0229134460861	0.198140264357
-0.613590153851	-0.808426597468	-0.455088264188	1.44754626239
-0.857306498981	0.861985607864	-0.557677117686	-0.173717312145
-0.979687887479	0.854931942208	-0.915337187459	0.177513055769
-0.447927444727	0.0408122494392	-0.117703415431	0.191408421988
0.789957185921	0.0966617221962	-0.594393608342	0.996239629433
0.991829680721	0.174296036992	-0.988907229187	1.96217299522
-0.66962631696	0.303055901662	-0.625645245909	0.447291686711
0.217653289417	-0.924758746178	0.30087268332	-0.341614102447
-0.072642290375	-0.818947146794	-0.473518702197	0.676773850239
-0.747163768259	-0.0342380818418	-0.896157609253	1.41761632904
0.122090785307	0.821316079972	-0.0576990040627	0.0711213402809
0.0829045198911	0.921821683684	0.674143164652	1.15920513706
0.93174483762	-0.0744724365701	-0.425091919038	1.01111990472
-0.471010421468	0.0102441416737	-0.656112840402	0.640788466094
-0.233333829661	0.211778711942	-0.705366494506	0.353189822084
0.258159042383	-0.643119967238	-0.294801849676	0.177119942763
-0.40306587234	-0.0387039221521	0.914139934789	0.978333347094
0.134335511166	-0.665058768749	-0.451748087887	0.433220381929
0.360716499056	-0.037727508977	-0.98516974491	1.12423488442
-0.56279513385	-0.305142301238	-0.658131501964	1.12243179986
-0.0767183679421	0.775158612145	-0.700032204959	-0.106174100114
-0.196690140083	-0.559770192468	-0.932798784398	1.54105481603
-0.0475482993423	0.774318420054	-0.239645139131	-0.162688536049
0.801143795314	-0.779206334345	-0.210890384455	0.226376938415
0.0177437550665	0.743238768322	-0.261409508531	-0.112452062493
-0.745825773741	-0.822081746557	-0.302702000048	1.5098601292
0.494290035876	0.396837079421	0.529759001933	0.931347869043
-0.177753605687	0.874358391583	-0.0188748545022	-0.139971139723
0.382502534705	-0.44656873602	-0.439836001762	0.365367231417
0.996039484099	0.824961723359	-0.992743004927	1.98035279686
0.837680258612	0.868342826443	0.153921457996	1.5864502682
0.179111602009	0.767554203228	0.266693316405	0.445385729938
-0.97742458964	-0.511291708059	-0.59824271246	2.11887879767
-0.896829696955	0.441894347516	0.720921777963	1.2462990002
-0.869992637587	-0.697865512629	-0.19175417622	1.53461333805
0.162837878012	-0.378467549094	0.472292829797	0.00920032925437
-0.919333937494	-0.363049334357	0.93749880566	1.71748415595
-0.134279955166	0.672195608265	-0.819597716232	0.0485791412764
0.687910291621	-0.190070386997	-0.0907854232643	0.367966807581
-0.98946264617	-0.690948645582	0.661541513957	1.64325016502
-0.38177167716	-0.65042251176	-0.512137543092	0.989453156848
0.733278808264	0.259593676522	-0.121466414112	0.711274529146
0.968049433533	-0.633949006211	-0.622708205442	1.10595648654
-0.122697457661	-0.325721491253	0.847533311183	0.497272764558
-0.00460345574112	0.471825815456	0.255170398482	0.183357076151
-0.791910807382	0.402296199508	0.261217898298	0.481861776809
0.682872126675	0.0250202040042	0.858945594982	1.24267847046
-0.474352225867	0.693609486142	-0.405327809778	-0.220853749929
-0.499569807148	-0.0954294134666	-0.311903362342	0.424292108263
0.508795052336	-0.508105851095	0.446280476809	-0.0272407953345
-0.481049788273	-0.521203430103	0.700171611109	0.607442138127
0.0902023561567	0.764614561981	0.316768957338	0.419655229995
0.919467072951	0.44194983438	-0.830157968936	1.57405209536
-0.349625007027	0.14425285316	0.136432989495	0.110098049361
0.122577334954	-0.157273956618	-0.82275064246	0.802062849103
-0.0767401049593	-0.058349236089	0.834425750961	0.657944998937
-0.379394841415	-0.0868394391715	-0.577367292124	0.560378122805
-0.976409329012	0.782022654861	0.103210352176	0.281166172492
-0.9472397348	-0.972193556021	-0.13424602967	1.96669860281
0.140285619743	-0.626812773182	-0.0782768955633	-0.0130605328788
-0.0672867954288	-0.935927470608	-0.494049550942	0.773982578444
-0.930974276454	0.999818337624	0.391258154241	0.480177970579
0.827327562561	-0.917648131438	0.909543084063	-0.0820965858835
-0.272214833349	0.158721100222	0.290931659983	0.161712901592
0.486504271081	-0.301816054996	0.930876287891	0.675428860402
-0.040448541591	-0.0489084701103	-0.554135271977	0.33778216884
-0.87238671002	-0.329575486854	-0.384288130765	1.32290516174
-0.576019494485	0.054542239123	-0.892706415814	1.04861560306
0.502240451592	-0.601649065868	0.855101760692	0.16680081827
0.802025898102	-0.757023693701	0.967400943607	0.239612083474
0.00856601564407	0.146017096794	-0.0996850399672	-0.00329445157706
-0.37113316197	0.885411289413	-0.765660574206	-0.282554068937
0.794108254253	0.33832680223	0.658958524408	1.55644569301
-0.929989346983	-0.974257757669	0.6269086399	1.55317335836
0.796628376379	-0.230081571654	0.810861204505	0.922258933838
-0.588696518438	-0.76686449044	0.590546950714	0.693890261014
0.24040786379	-0.90544848318	0.795155192215	-0.247581277618
0.0761381418286	0.701840641888	0.336992943591	0.409313446845
0.633701665453	0.963822856775	-0.046923619508	0.969329719401
0.288879155422	-0.973796249559	0.0955181681989	-0.281749785189
0.110109575765	-0.840977799979	0.982770417086	0.0588739993457
0.631893121306	0.781419853691	-0.35523386886	0.741667050907
0.87186806611	0.379035954012	0.530148655494	1.57262626724
-0.632256280795	0.144868561492	0.323637260605	0.459779887553
0.531440889794	-0.794749265739	0.820125535176	-0.11912111105
0.560653385651	0.199980189406	-0.0872355523053	0.416616448408
-0.181382464799	-0.530053280541	-0.153210228542	0.233724927417
0.954237681173	-0.290033976114	0.901508074072	1.18505703974
-0.165177526448	0.785431197833	-0.263338695007	-0.239939125577
-0.410156508511	0.179723387854	0.107477720698	0.125381364743
0.779881258347	0.584390228757	-0.125996893908	1.00621362771
0.342685926214	-0.430380395117	0.20594044548	-0.0762729235116
0.541036395284	-0.423387276939	-0.243773752355	0.226288802434
-0.118278847894	-0.885942986757	-0.965459225896	1.90623154868
-0.297473554651	-0.206963101731	-0.948009106271	1.24498073595
-0.824400185172	-0.897976169068	0.454673653708	1.21836941102
-0.387706030403	-0.545987595794	0.723965304424	0.490848335434
0.892306099832	-0.511739537747	0.679232545603	0.453348566838
0.695086359693	0.368666704082	-0.753412302967	1.02927231242
0.571093757156	-0.277705394965	0.512782112251	0.288095397701
0.959670903679	0.889592096943	-0.00378976313242	1.77132691392
0.0465671799158	0.176965118646	-0.848078709114	0.579566416237
0.926359017141	-0.681686371086	0.548331520246	0.153532043827
-0.523475896232	-0.879793355337	0.951270548711	0.802571778082
-0.50096144915	-0.82972445218	0.73275964591	0.595570440386
0.39692618397	0.643520764743	-0.815110860011	0.552845587099
-0.795409017188	-0.28466881851	0.77878112483	1.24390898749
-0.798093782085	0.956298922259	-0.107928099325	-0.217825589109
0.730156546608	-0.112456878382	-0.194786963638	0.510864551676
0.380180993995	0.108363873864	0.591397772097	0.599572951894
-0.77142542157	-0.241024224776	-0.683388184574	1.41276191348
0.525274732991	0.331408407337	0.727819432733	1.22092061349
0.405104886101	0.713981916921	-0.603958639232	0.386898022799
-0.239786136464	0.0798786602694	-0.466715446415	0.218886299244
0.664756354427	0.641258709126	-0.487039046084	0.7930708149
-0.268350714842	0.0138118054766	-0.387775563993	0.213319705655
-0.444026778346	0.916125643605	0.627426508735	0.758840999791
0.215794613619	0.892854642909	-0.916027360709	0.260467381478
-0.303160244862	-0.865227876167	0.291875208786	0.186861399366
0.405860509429	-0.716549609187	-0.190372993839	0.0465571348169
-0.146005095644	0.486115780796	-0.276259534215	-0.107632682048
0.861352894159	0.927161767571	0.368345031506	2.01773577285
-0.143950084648	0.127122472152	-0.322796271675	0.0655851091937
-0.687718670958	0.117890415376	0.907394056516	1.32221856664
0.74137233282	0.621158114808	0.0969560118204	1.07976785825
0.0300837365721	0.700690960662	0.717910998904	1.04041438332
-0.0471656342857	-0.617964510338	-0.637703977993	0.832116075202
-0.101403791665	0.862608668099	0.0957160535926	0.0145379997164
0.972550483714	-0.0639092210493	-0.758037543703	1.50676600613
-0.152033260747	0.0976087284563	0.703468478473	0.571806903006
-0.370562306643	0.351083996135	0.714374280852	0.768353918071
-0.0127736145195	-0.227206361577	0.844920574848	0.524984859875
0.773114929954	-0.302034646066	-0.0721571952851	0.391199834451
-0.315774660354	0.789149693882	0.876943789692	1.31159049304
-0.326157485981	0.393244775556	-0.377484328946	-0.0278303433218
-0.314452909771	-0.934553642978	-0.608789153772	1.33232410005
-0.148629586204	-0.25904882438	-0.943778090981	1.19579476343
-0.37389365758	0.163787538392	-0.408988232482	0.178841543862
0.527272206091	-0.294471942489	-0.854443091759	1.1044316226
-0.22776244826	0.101313872223	-0.842073460926	0.652574227831
-0.425027670569	-0.901365719945	-0.52567912345	1.31392157543
0.58308650109	-0.929301680276	-0.624755214488	0.76903175116
-0.332722716959	0.163943785669	0.806777917321	0.839313418421
0.893862935722	-0.963570405238	0.940274340657	-0.0842136151069
0.212876429699	0.833092806179	-0.617779179933	0.0896459210588
-0.503554277672	0.0777427064376	-0.647533182391	0.583377478368
-0.358554230718	0.941938410894	-0.538189588049	-0.426468278578
0.569017140877	-0.164734850695	0.92794039344	0.938252804476
-0.456792420369	-0.839068358441	0.768191363508	0.537492286235
0.55236116732	-0.979617357978	0.658773898682	-0.447363024763
0.875723545053	-0.943706038057	-0.326097256905	0.354545501522
0.711378124179	-0.788018454584	0.471242831985	-0.203798495977
0.891231593178	0.249012365018	0.809304610823	1.87272224774
-0.299571480369	-0.495023942043	-0.495680305788	0.729110711497
0.132151543282	-0.481534368222	0.725215559622	0.130549912079
-0.515492393752	0.349380219805	-0.700496019867	0.331584782635
0.12904107823	0.61701109105	-0.356998961265	0.00344731609066
0.262119284573	-0.504219976573	0.727103847765	0.0986004601666
0.802963132777	0.889300019469	-0.820367100329	1.30227462322
0.245652562531	-0.759189610988	0.335196015641	-0.268272655726
0.897784911272	0.649487680504	-0.234266830916	1.29184551396
0.867197769422	0.015738287088	-0.85157844361	1.47746363835
0.927704795424	-0.201840608597	-0.752666709653	1.39181356951
0.923453125319	0.338368566922	0.974986101686	2.44573573377
-0.925576886054	-0.720843531373	-0.847710728725	2.85356895797
-0.309540797934	0.652280623633	-0.28759877941	-0.210974012402
0.794309173955	-0.157726865921	0.668201783793	0.846743417952
0.502601854744	-0.683504990187	0.666065268322	-0.102538244427
-0.596698936683	-0.797053679392	0.590773181785	0.709785718099
-0.109548181418	0.265615422899	0.529491882073	0.403905980876
-0.288156988176	0.994880504359	-0.0624308880976	-0.261860977546
0.38286026661	0.305335472535	0.170299780089	0.344483383093
-0.688609575811	0.942207109253	0.613852965188	0.780562400776
-0.65308850583	-0.733623306617	-0.981650348465	2.58944452683
-0.899662997543	0.777879235262	-0.552655971629	-0.0149066369703
-0.707942090244	0.301183855589	-0.873910991503	0.788473814072
-0.0986041795021	0.365073844501	-0.627660214419	0.138539994567
0.716354898332	-0.834465553172	-0.143032324413	0.0552046473994
-0.494581399848	-0.790027713807	-0.712459299267	1.70580461818
0.599255050207	0.214165898423	0.453804625999	0.790574725424
-0.565349978814	-0.235761635893	0.760078507914	0.851430420162
-0.353051500527	-0.0498145925699	-0.0762408397798	0.1518430507
-0.549663444393	0.483583114188	-0.260176689089	-0.0218032020969
0.692095308166	-0.840002606537	-0.732079313517	1.04852270558
-0.689099919534	0.65402183173	-0.12652332157	-0.0425685561451
0.809098778857	0.937371268026	-0.615124110572	1.21484478613
-0.829288366159	0.281273447554	0.981558421813	1.69400565319
-0.680639238795	-0.221606296134	0.042165197537	0.606537544732
0.377237089133	-0.879963351197	0.90041926268	-0.171228094996
-0.0936993232279	0.2425990211	-0.375510018607	0.0359576102272
-0.425483950402	-0.679509862379	-0.116430284632	0.562828670499
0.578244150462	0.0117477214527	-0.0596616089338	0.344017968372
-0.633320738765	-0.373490418306	0.934207338026	1.16146024675
-0.996999546665	0.628634610131	0.64337022485	1.18562971142
-0.539253851571	-0.77853764302	0.96383969478	0.889225612035
0.232658987399	-0.289568297101	0.547263834731	0.127786985748
0.520181821074	0.154564779046	0.850425457131	1.20566019623
0.868033260216	-0.00437746294499	0.945509009076	1.639530313
0.13293781446	0.287293195729	-0.0784504856205	0.0394807800364
0.217600556844	-0.430941790393	0.511179376003	-0.00540737227382
0.810546279992	-0.153765050779	-0.747273852506	1.20567439462
0.0534137533061	-0.769429500467	-0.55652397345	0.699679807431
0.846358803281	-0.709209618774	0.692744997022	0.104671635323
0.202181012157	0.646670749939	-0.867965119795	0.363697502674
-0.754915082554	-0.830286292198	-0.505937618539	1.87273836992
0.726358571428	0.437487559544	0.634061266196	1.5247972183
-0.558307506124	-0.480607366401	0.121231327478	0.536466337292
0.285160704011	0.252262049811	0.231973775962	0.265581863792
0.0835910875272	-0.547021779612	0.788745943445	0.151920278111
0.570401016082	-0.942181122633	0.943326867482	-0.210982938636
-0.201715477714	-0.388602969992	0.634040791678	0.274693958452
-0.772327649617	-0.186555681564	0.81360640978	1.25074460116
0.356426138111	-0.464771079423	0.936408343875	0.403028100699
0.380689926218	0.364623491186	-0.853165949937	0.700541100786
0.142692403994	-0.724083918816	-0.436485608872	0.42361174402
0.210553026689	0.353087103494	0.0800844575993	0.153366444891
0.878421706446	-0.823886066835	0.299255090457	-0.109093200684
0.431801475769	0.113109186065	0.427873298111	0.466765187667
0.677784364474	-0.172558468624	0.811842121121	0.861431609175
0.491387638009	-0.11888016766	0.601761582911	0.473625050796
0.352163997672	0.433061938189	0.247156586231	0.444648793035
0.171310940118	0.502587605306	-0.458925363439	0.0954084831439
-0.563324795576	0.156139311457	0.910701567045	1.20095133944
-0.892082852704	-0.550786996253	0.585544807596	1.30751170689
0.864158592107	0.808072774254	0.564718121848	2.22031299977
0.0639761613826	-0.802505224861	0.524774544584	-0.19299424581
0.142025023175	-0.615070957259	-0.167293748513	0.0637003645816
0.0327687391951	0.371334662452	-0.122716294563	-0.0172675658912
-0.164000887679	-0.289317040908	0.131186000498	0.0535999639431
0.378652131034	-0.693992474474	0.288709112821	-0.236413292829
-0.280473353118	-0.197703575949	-0.65735873591	0.696198567126
-0.718637807937	-0.363233503004	0.742889152889	1.0595156915
-0.679938048691	-0.596503841213	-0.11826774384	0.952435830613
-0.205074130376	-0.0434406464937	0.696391388167	0.505673225151
0.638914691906	0.707164182868	0.0928049081455	0.934270627569
-0.843933898083	-0.555000355158	-0.846723868595	2.36748139494
0.327808120139	-0.7311299458	0.383860479975	-0.265515193313
0.478864496538	-0.0122657523791	0.647469462653	0.634712577672
-0.641139334084	0.230873569724	0.528278801264	0.664081623481
0.608335864567	0.457896065781	0.673712982921	1.41100683088
0.867950322604	-0.872854996434	0.0625213862229	-0.0549201938466
0.552896690978	0.881538853053	-0.273670460123	0.626739042929
