0.0302146892778	0.272966350539	-0.485278923356	0.112191337664
-0.4158341733	-0.887789063227	-0.336363948606	0.953852031613
0.409300896508	-0.751756244061	0.174013431601	-0.240702290146
0.549535914262	-0.608628413292	-0.653125947787	0.791611062474
0.535368634327	-0.330419792125	0.30252726099	0.10128493071
0.184752432997	0.754546951915	0.908397164996	1.68415156802
0.434073878408	-0.0419262688546	-0.691899000936	0.677954004816
-0.269215957123	0.741216830779	-0.148633848695	-0.215148056262
-0.398390462333	0.322871802677	-0.504260005297	0.121552729749
-0.68195537358	-0.448100152005	0.335067551529	0.732773881432
-0.596445337344	-0.433525744453	0.690835323428	0.792079995549
-0.640005337859	0.724571051973	0.980187006655	1.61685919012
0.185550439357	-0.784181101627	0.5062898523	-0.251769701974
-0.270273989183	0.15936251614	0.716549350638	0.657610565621
0.735860823456	0.634004974766	0.82600233765	2.21400002735
-0.526358467418	-0.393516252117	-0.953509644582	1.7685860316
-0.650793636162	0.766867915316	-0.0836649843774	-0.132700564739
-0.770116360393	-0.507692730447	-0.0719777906427	1.02578508972
0.921819584487	-0.213777974192	-0.601981773072	1.14375912206
-0.395201542501	-0.0957129283024	0.733770583556	0.662198094135
-0.713806854516	0.29638155074	0.40797373927	0.585319504524
-0.480921430441	0.699764307014	0.907966766243	1.35452015433
-0.458422383026	-0.848686486319	-0.804221156724	1.92851125941
-0.490542566342	0.927234806354	0.983377034854	1.66463567505
-0.0731280098473	-0.139010976781	-0.709668543768	0.617794461377
-0.789542692782	0.746042163384	-0.509400999609	-0.0861997202576
-0.223593562912	0.763046896871	-0.552318051928	-0.237007638089
-0.371724698345	0.012082001895	0.848692875999	0.864221579557
-0.965229652222	0.900602431012	-0.229940996576	-0.0918324483469
0.353734899934	-0.45082395518	0.681090406479	0.122488483672
0.324730711782	-0.75275752095	0.959244422139	0.0590779578071
0.01336218196	0.215679554754	0.0460350593629	0.0151085451594
0.968643583807	-0.479588237695	-0.975953513602	1.89426140951
0.760429872464	-0.568123333824	-0.454408308478	0.610882510596
-0.235927460792	-0.615424053477	-0.14277438227	0.309108514305
0.942123356816	0.369574378987	-0.716093094182	1.48392073294
0.925241037175	-0.191653932564	0.335080760097	0.726804463917
-0.0595560825299	0.495927508769	0.197529449993	0.110989598983
0.985831749371	0.0465202010534	-0.299628313711	1.09356368623
-0.52669111737	0.592085846834	-0.642775152327	-0.00186099707213
-0.71461994199	0.293328510512	-0.200758669574	0.282479060214
0.199077596745	0.353471192246	-0.97262843636	0.7122100272
0.272190048937	0.602479646473	0.347100960028	0.567676727338
0.85025584899	-0.534553524562	-0.469837782759	0.740328732738
-0.214286313262	-0.175809569616	0.866493253945	0.682064961642
-0.949296787011	-0.145360230272	-0.0169405480857	1.04190385353
0.00292104325846	-0.834433641986	0.18237115373	-0.121346272558
0.874849259338	-0.555840362192	-0.678432731056	1.11645596291
0.227843486883	-0.802945038738	-0.0336815454608	-0.102854266557
0.856760766901	0.989179252952	-0.701094627969	1.37955440409
-0.610529241142	0.755302601642	0.56493662811	0.657463128832
0.279219786695	0.735403168834	0.188968124002	0.457979514307
0.35179137814	0.104465936555	-0.335073013061	0.237777597481
-0.718706431318	-0.398893705755	0.0720195210882	0.779685083921
0.0734028301797	0.761728895752	-0.32602200548	-0.0807490019117
-0.12003315218	0.266818486785	0.480721485954	0.341739420098
-0.458894433932	0.58220785864	-0.147114159466	-0.12059628807
-0.762250456532	0.579948581483	0.332903701623	0.442851591564
0.74933942314	-0.018853253508	0.502766083524	0.790677043277
-0.173685998125	-0.587182575743	-0.992749921819	1.70063008113
-0.528558043902	0.558405228195	0.669028794261	0.805412734733
-0.833408166598	-0.360971269062	-0.84980483626	2.02432896563
-0.303121667766	0.591546932925	0.0705112573691	-0.0407453919517
0.723764157482	0.226227136565	-0.0377404318292	0.68045607892
0.916199809199	0.790303844308	-0.744296239285	1.52925503434
-0.52889306948	0.797570216153	-0.864963611419	-0.0838086462481
0.177623612904	-0.33614039917	-0.683687266189	0.669086864231
-0.287935080626	0.546135865768	0.839558995499	1.08902752191
0.112051451161	0.88811159455	-0.269161593996	-0.0545278480836
0.881027784801	-0.675154468453	0.180966705377	0.0919485805306
0.895925630151	-0.729405038947	-0.814634450985	1.40701782779
-0.705586133739	0.122571112909	-0.566361176047	0.662712776537
0.671886828629	-0.700137350068	0.53942662692	-0.105672796554
0.416806120783	0.656547621099	0.983400997331	2.06010751632
-0.417099823152	-0.281171570484	-0.153315009173	0.357862188743
-0.700610428003	0.623649734927	0.781372104669	1.15176433603
-0.806555546676	0.198953846891	-0.523754400088	0.66018024002
0.330304421154	-0.608817555835	-0.697943058941	0.820050381045
0.432675628675	-0.67647914879	0.783570841259	-0.0215739137789
-0.681498596467	0.627036604932	0.967467564403	1.57974683593
-0.787512525364	0.895714253164	-0.48539086881	-0.284377439933
0.297391487819	-0.615638616965	0.956552637268	0.231458217972
-0.77369338916	0.933294452685	0.0152959181641	-0.108972727068
-0.818454425406	-0.19994793676	-0.305423044841	0.987867864134
0.726806979391	-0.0358102496574	0.308906315754	0.586582345531
0.400481871688	0.490779525798	0.762875374234	1.31331648365
0.938445189421	-0.31389233135	0.844084676983	1.03363586
-0.776557398691	-0.670565019257	0.939795917094	1.37679571901
0.250516609347	-0.609383617	-0.452538992064	0.390659241192
-0.813492105914	0.818973223263	-0.538279938172	-0.155550409839
-0.597848604159	0.0068549034775	-0.964407408177	1.27679548827
0.880810588905	-0.301342241319	-0.227386351416	0.63062752208
-0.546025073198	-0.124197409527	0.619979245647	0.673332728952
0.517677315565	0.642687808104	-0.978761313717	0.929630448156
0.456867684692	0.0936527634406	-0.0464862153636	0.249322408202
-0.802862268467	-0.441891775752	0.458137212544	1.00680869475
0.71009490539	0.464907918506	0.5282995303	1.35907454776
-0.0981443425853	-0.432480252631	0.816828631749	0.366024562686
-0.255132578058	-0.270422004935	0.9341366874	0.754086330526
0.954151043182	0.21897254221	0.954010114817	2.23837441209
0.963251839064	-0.514130663723	0.275860316212	0.366887464701
0.610391783515	0.052741954772	0.841968896417	1.15809009321
-0.840370813996	-0.224772578569	-0.8742593722	1.85595440314
0.723502447868	-0.0965703811481	0.0598675566096	0.451389576493
0.143141545383	0.744697159405	0.116158610211	0.227082414045
-0.01200463674	-0.709829414469	-0.375524555397	0.416242422554
-0.351682167077	0.26284832208	0.293120025183	0.194206735069
-0.728823436259	-0.46787878255	-0.754792806926	1.79504834426
-0.0657715618326	0.194769861028	0.542108259339	0.390983295565
0.301413673671	0.0858049368843	0.0158582887308	0.118325188706
-0.247734582358	-0.857122413851	-0.234645810246	0.529890126066
-0.132579360854	0.481276357655	-0.687348163496	0.095413052325
0.0680967320303	-0.728957898161	0.362073522835	-0.177841603987
-0.429042439832	0.995586814933	-0.615361603879	-0.477047576676
-0.519102219627	0.574760861139	-0.429629514097	-0.0912452344597
-0.279510805902	0.370518474695	-0.0995133613321	-0.0524062566167
-0.17375624359	0.274719506073	-0.966850044216	0.651643444177
0.291136943685	0.661954725915	0.634992867321	1.10103266673
-0.572828404972	0.284474284615	0.792600588094	1.01886760836
-0.766949562386	-0.153644223694	-0.0172790799364	0.709002398795
-0.392719397429	-0.3904104198	-0.140198793217	0.381941041266
0.579178106931	-0.358864669568	0.51443579053	0.207632072179
0.362240474586	-0.0114288859674	0.532618445242	0.404673329089
0.783419622861	-0.351696585193	0.7811513928	0.673689520456
-0.707346423981	-0.120856259111	-0.334737045534	0.738330162979
0.817016207706	0.0430408318828	0.205120376044	0.753583461186
0.00382178610408	-0.904186309526	0.0282090670727	-0.0281515014107
0.229684715003	-0.465915287672	0.291433676571	-0.105108369176
-0.54160752213	-0.505659589354	-0.390994385859	0.917794415625
0.616843612103	0.430315851099	0.42383243077	1.00794936827
0.61610040575	-0.685153391718	-0.374048869431	0.353649835609
-0.453314202491	0.652017813475	0.734871592587	0.92911045763
0.36269212585	0.840647404181	-0.486420141766	0.264138497064
0.33491722425	-0.41028206135	0.0259115353487	-0.0352006125189
-0.445493184026	0.0858695415781	-0.654924647446	0.532898096113
0.918754302904	0.286641344364	0.207137371479	1.20974246292
0.0639552706653	0.150227466213	-0.933898773948	0.74556778838
-0.257489541838	-0.411435274802	0.24891061354	0.13178703141
0.846092806736	0.724059139306	0.459916708151	1.87302454132
0.224473380914	0.677941973966	0.0372060706984	0.229176074408
0.802968372625	0.982525467227	-0.478359617018	1.1925224999
0.968383217377	0.380212531351	0.168994976326	1.39877079985
0.00555476264414	0.00123395456962	0.54036251171	0.292696136564
-0.0290761867534	0.0440828811447	-0.784260516946	0.580055757836
0.151474326729	-0.941814444074	0.248914794164	-0.292189210896
-0.724786187047	0.901999470555	-0.330933904675	-0.31742669759
0.238080261833	0.462997383954	-0.859395261466	0.507575207064
0.000806862923019	-0.911543557721	-0.999232424887	1.90857447885
0.621126121853	-0.0046662251848	0.968252461859	1.31589409077
0.622712073532	-0.340215649467	0.651742304872	0.378949034418
0.190578892506	0.52209364819	0.861719793936	1.32827977772
0.881028445416	-0.360333596804	0.823813862652	0.840568441078
-0.305382114968	0.856216463253	0.952504972151	1.55460120218
0.0429555450647	-0.274504851637	0.783323856715	0.388623738754
-0.731012078144	0.673755309318	0.128222539057	0.144687025553
0.490294183562	-0.271209890202	-0.13403679235	0.161733720184
0.0982353254651	0.266908750507	0.488169117031	0.40447574303
0.28407899498	0.0787391987448	-0.794513273887	0.671761031639
0.938737135994	0.0571998707141	-0.134318898929	0.945281596264
-0.0592546043161	-0.0484780434748	-0.0873428787995	0.0182466457694
0.972572798079	-0.684712859728	0.484077814777	0.182841771569
0.116952245193	0.655819438327	0.0666537779955	0.138532952778
0.226761270467	0.594846964905	0.235629641045	0.381993831836
0.999327813392	0.633978713961	0.942199776397	3.11728366176
-0.910876643651	0.831721621824	-0.495008304902	-0.0945754276379
-0.375625848062	-0.115374892892	0.426001519967	0.316759984996
0.0472603805315	0.735299920888	0.067236477466	0.0909438180976
0.934736946689	-0.728583957157	0.222477593991	0.0801014900054
-0.99405376871	0.690978377418	-0.434084624633	0.189759606668
-0.682366735354	-0.59802291248	-0.0599024305859	0.913106631167
0.708403547866	-0.507731677219	0.68487793464	0.263480228035
-0.688016146389	0.185001349991	-0.0671189417967	0.3381701593
-0.608934778815	-0.739143054346	-0.342861682207	1.19186944129
-0.979654919359	-0.691962844067	-0.589972972431	2.39391604935
-0.152723910378	-0.585565970835	-0.519087148473	0.686165755404
-0.47047019033	-0.0078809089515	-0.978987995828	1.19118274396
0.552148033648	0.471473362957	0.573934055031	1.1651854599
-0.84647176289	0.567944517792	0.183933875286	0.374061354754
-0.9503629761	0.78192907916	0.800566314254	1.426965844
-0.23525008917	-0.379902575196	0.417591706184	0.160453387659
0.199119962068	-0.844138065818	-0.17375078349	0.0484230047213
0.906735757585	0.282114900857	-0.811390410215	1.50742247509
0.811033271843	0.245068493768	-0.929076649658	1.49202967618
-0.287726063313	0.396513317511	-0.405653233106	-0.0275932920771
0.568798206441	0.00420930332166	-0.717250412568	0.837354673615
0.222887090263	-0.0218486932364	-0.443319862367	0.251027323391
0.900660570911	-0.709060072258	-0.411537692878	0.633735233412
0.691543741471	0.857071627445	0.55088867326	1.84656464838
-0.318230468051	0.723013274751	-0.0807130470253	-0.18065623052
-0.981311394745	-0.625013313398	-0.973821350753	3.13328407203
0.645376503531	0.0491118850935	0.989745439002	1.47641078629
-0.758853958966	0.0272268023739	0.239623091168	0.619141560635
0.988123050556	-0.870552685599	-0.586208055876	0.970138869812
0.796134146104	-0.183354116399	-0.913718001703	1.49026964917
-0.541511116334	0.9555324019	0.46631119899	0.438824465774
0.485422912914	0.574482914706	-0.63747284465	0.554656944083
-0.00139419353724	-0.435954002157	0.732576530376	0.217908450582
0.599799523038	-0.132428323452	0.308026326466	0.334417830397
0.581845250821	0.173574626938	-0.542437173016	0.639622224976
-0.142003242031	-0.440840811658	-0.735314337757	0.947609490014
0.641161474503	-0.457985904768	0.636210400717	0.23083339637
-0.961650092061	0.839979600653	0.778086051658	1.37599875399
-0.759082847518	0.29365363097	-0.968477730221	1.00685144695
-0.380417911097	0.36660619395	0.917801158034	1.18408477962
0.953654110447	0.161201261133	-0.191214316973	1.06892533363
-0.998183149199	-0.163097978025	-0.449561002098	1.43459883773
0.568510001663	0.342089612696	0.291483764878	0.702361341696
-0.478200570398	-0.0321215082456	0.425618852875	0.411516197525
0.698567514345	0.808452193407	0.731329883724	2.17884365874
0.183936108959	-0.908859973663	-0.37717015846	0.351712513752
-0.828944231861	-0.526115441647	-0.775274833825	2.13220402974
-0.656430276584	-0.396877801583	-0.662888053867	1.39392943855
-0.434295835659	-0.274120806911	-0.460428185801	0.645869457877
0.944527707586	-0.306222717375	-0.494817542016	0.999265521351
0.904548296283	-0.987548398055	-0.221332045062	0.192486380062
0.632127557187	0.437097725478	-0.47436706671	0.693566114093
0.0148856959836	0.464194679464	0.377787562153	0.325221863257
0.851262774056	-0.328412896333	0.807914092576	0.832478411177
0.219359194187	0.823806858621	-0.650848847366	0.116258542479
-0.0700280235018	-0.943584072496	0.865014329263	0.00301729793718
0.372307954311	0.447865307665	0.0685864379349	0.340778614943
0.970888908567	0.362126449774	0.011218704491	1.29839827532
0.461310184754	0.782637908577	-0.49992007086	0.432509603294
0.731191795432	-0.54657134404	-0.941999590956	1.5372261712
-0.746804135951	-0.618025031227	0.274513034506	0.924961546305
-0.252390578169	-0.520145024309	0.0323924668326	0.179181198825
0.920145299714	-0.0294147059879	-0.117142443117	0.836769631631
0.545792894369	-0.578902777351	0.459653756702	-0.0728843991899
0.129523464781	-0.291043807876	0.238536269436	-0.0334456268071
0.644585152657	0.5376954794	0.146731320566	0.862507389888
0.144479625514	-0.613991873923	0.831170116551	0.112677111413
0.0670829758632	0.734551895653	0.165910496018	0.203172214785
0.942594307844	0.0153253700196	0.847165214818	1.63360165731
-0.506170772412	0.106105910098	0.374515295581	0.382501133279
0.420234211548	-0.689305753771	0.0851402675561	-0.16451187854
0.0764671242336	0.550230921667	-0.610169995486	0.0844948217343
-0.428698812671	-0.66656770233	0.899307435668	0.678844027305
0.209257522207	-0.876476818007	-0.768615646485	1.12482315152
0.355616440818	0.582852695359	0.027185144144	0.350319020626
-0.525801776147	0.843654514681	0.948035673388	1.53145867947
0.589605195856	-0.148493308506	-0.815075568417	1.0454633108
-0.0517861897178	-0.636096164582	0.603834610108	0.0161421629358
0.67649668428	0.94936496254	0.0594017020966	1.15981247007
-0.668425538744	0.68447006007	0.434353548719	0.475240437057
-0.306276818951	0.672317179829	-0.0896017698699	-0.1643220094
-0.0846535790684	0.90081072553	-0.0995501727377	-0.148856249969
0.3447302198	0.727375439425	0.555441629473	1.08211722262
-0.339579657922	-0.264440551896	0.126613258567	0.1876622135
0.708192947246	-0.902535964202	-0.404222208515	0.390588320615
-0.260262779999	0.0666666674684	-0.866338837001	0.743172919778
0.825068355832	0.0235826638179	0.307552216383	0.802036367786
0.961327938301	0.331364854123	0.0493393828266	1.26148540909
-0.647366347839	0.0727065003067	-0.370093821455	0.482076656883
0.216273513268	-0.892405131256	-0.15584577289	0.0171361118856
0.974098382047	-0.495187294346	0.400382630363	0.428548374937
0.861678786056	0.0550524744627	-0.274633317638	0.850232095155
-0.284118085457	0.989819692918	0.831266159326	1.31330445258
-0.224418788157	0.853340646166	-0.155006363292	-0.24938813877
-0.935098209253	-0.453662528849	0.196814397355	1.24807626907
-0.711618856418	0.867680338063	0.0937391373467	-0.0209336608462
-0.956959892709	-0.000628822087424	0.910508242763	1.74482670622
-0.0894676693342	-0.367913791557	-0.957972965032	1.31108452081
-0.554760688178	0.580677727951	-0.847311591263	0.211544208186
0.113536772693	0.181412230642	0.888061447042	0.983245899724
0.239459701829	0.825418644756	0.450802883713	0.830319796648
0.81832242714	-0.334747601547	-0.570636948093	0.91236600124
0.368562248368	0.06664323446	0.400003321859	0.347060483915
-0.0238843518812	0.406069491754	-0.677455170266	0.17472338668
0.614507612335	0.877927289946	0.822953911257	2.31685944548
0.392480937378	-0.378648485529	0.244190973435	-0.0274043370959
0.392572240626	-0.696974205251	-0.416634141065	0.344467495546
0.682209934831	0.701985235987	0.890180772359	2.36162726431
-0.76231979428	-0.755210565163	0.3888517573	1.01438416518
-0.955843880287	-0.659386052273	0.679716420362	1.55772653132
0.860722873772	-0.0961835238091	0.577959536142	0.936503547024
0.856861057983	0.442661371708	-0.86341596985	1.4767964034
-0.780127801164	0.621895816616	-0.696646060837	0.175515633362
-0.537513776133	-0.445615698097	-0.779954721562	1.48433507154
0.0896000675638	0.190371672799	-0.870029313924	0.616407558064
0.352941086062	0.416421532112	0.728470607925	1.10555995129
-0.767555307002	0.512919895446	-0.0728381695664	0.163392014118
0.404604265421	0.759931044215	-0.6221757783	0.385467963727
-0.763540492035	0.4806616616	0.213315478413	0.364025507006
-0.363736984606	0.991818801359	0.0881299381695	-0.133280770471
-0.853660693279	0.330447639347	-0.802654549123	0.825665442611
0.931742840922	0.167867962842	0.0534818743835	1.0363926984
0.231180521869	0.865736619019	-0.452532639388	0.0665975895693
0.496758645421	-0.427105097803	-0.121146886508	0.101020022884
0.372880035337	-0.75156119765	-0.894995567437	1.3324583611
-0.371901005545	-0.187484685808	-0.735263761713	0.886499595741
0.215687406653	-0.822245269975	-0.565984805446	0.654890236626
0.421120406988	-0.791395490114	-0.0818137689535	-0.084489853134
-0.643989888219	0.140703768767	-0.237625894743	0.347142378714
0.524616205074	0.706459098451	0.947330064566	2.21252624847
-0.251207857763	0.725880300467	-0.270655690409	-0.242450578597
-0.055106226425	0.736741520303	-0.679832192921	-0.076251141675
0.483668824423	0.765288249243	-0.275980010677	0.469042306672
0.283056043885	0.806614276211	0.744645637501	1.46357669732
-0.307941115493	-0.288326311928	0.505537855082	0.293423914357
0.872518953294	0.498196458047	0.906194648462	2.46862688103
0.0242744053892	0.12301317758	0.41506974806	0.226917262878
0.187534581303	0.462746436067	-0.359524556947	0.0848393779638
-0.477115979238	-0.479972121056	-0.709202743634	1.30000810289
-0.298978989162	0.1954461373	-0.341093825925	0.0806336747446
0.317839963343	-0.845003268236	-0.421610732244	0.366464490709
-0.620571169669	0.0281418782553	-0.584327265818	0.692638825121
0.927808034763	-0.0682745452163	-0.994448416518	1.85430524424
0.284891827092	-0.606082090362	-0.348521584137	0.241195503912
0.0854729669227	-0.468358880807	-0.533588659812	0.501901450349
0.623931096253	0.265560511644	0.830796330461	1.46583071532
0.103731296831	0.503750318719	0.145409179314	0.157408605635
-0.710406792592	-0.276799233991	0.115382581571	0.682693196908
0.806526267859	-0.280047703994	-0.967568767728	1.63177352336
-0.472385991468	-0.203035294807	-0.579323259812	0.77229806218
0.616237782098	0.569945970246	0.275192673074	0.963547207078
0.780287492895	0.874934315122	-0.143152097954	1.18679271513
0.824020829113	0.183968493615	-0.265574823309	0.85227678404
0.640812058756	0.194557869717	0.240094602886	0.639672836491
-0.315579325001	-0.735289591841	0.750796266806	0.343274857116
0.85329071989	-0.917320997697	0.782145081952	-0.160363619543
0.847878490495	-0.748056986218	-0.828909968917	1.39180013613
0.967827730642	-0.456067591452	0.663287109129	0.63274168898
0.581727589463	0.203264683987	-0.114004581228	0.446475602345
-0.790220003363	0.202875477761	-0.590480535766	0.693004635314
-0.899033416239	-0.810062279047	0.474242049588	1.3772740677
-0.940746581217	0.656112111285	-0.431301260613	0.170807701191
-0.846905135308	-0.436590989613	-0.112500067973	1.14877224065
0.0275236566699	0.0639941410743	-0.873516499123	0.709650040609
0.808333152179	0.601937778598	-0.129436871347	1.07880970776
0.617261969191	0.560173132005	0.514675785752	1.27998462047
0.135973223407	0.607714213994	-0.135076634366	0.0372792845398
-0.464508381406	-0.881440018427	-0.809067214002	1.99293828945
0.193696068044	0.3806301181	0.677672496367	0.828427298688
-0.705003296833	-0.421398906281	-0.905182611952	1.9949157904
-0.544361698453	0.413449834863	-0.134170647402	0.0337923350239
0.0395281442534	-0.562495910217	-0.113663327446	0.056182563543
-0.0708290162993	0.651624738618	0.211571535067	0.141490571005
-0.967876562757	-0.0545661379025	-0.964680290262	1.9728452669
-0.329376852066	0.355130453877	0.597828325869	0.561223111624
0.976695911792	-0.0374957086175	-0.610136896196	1.31245754617
-0.610866029021	-0.15662397815	-0.829124293272	1.28614141188
0.0502695329488	-0.646131625155	0.721818988338	0.0246788668453
0.414998852806	0.414400708965	0.165552700721	0.440212719918
-0.584486168131	0.677630087764	0.502856194841	0.539173507461
-0.50960143996	0.918154100123	0.768353789825	1.08763570489
0.401896188422	0.949262017757	-0.395589987601	0.323998221474
-0.956628981843	-0.0913533218857	-0.594026634042	1.40966419246
-0.928757777994	0.893424919514	-0.511948569286	-0.162480604584
-0.538617754015	-0.310942849682	-0.0676248107562	0.483188990658
0.794616068895	-0.626404856328	-0.613531134554	0.894402667735
0.946372964348	-0.106239022432	-0.715579000425	1.38315576839
-0.596176269293	0.873219728339	-0.545473927308	-0.343943525094
-0.126203418181	-0.841155735741	-0.338945307139	0.522073742269
-0.668391589894	-0.430255925209	-0.0265128675026	0.746437009833
0.339099308796	-0.869762199218	0.582038319792	-0.347413742691
0.492858067651	-0.573060992628	0.743518263044	0.0872094349997
0.525050243322	-0.925701717354	0.00702283253611	-0.216813881891
0.708520519057	0.062621569622	-0.195352073679	0.572299172145
-0.940702867391	0.720645115527	-0.704789002044	0.195833743773
-0.585497113082	0.565182774869	0.10787392998	0.0844992582294
-0.554866858777	0.689209735646	0.397566006469	0.357522681632
-0.931371616058	-0.50783622311	0.657809017522	1.43909078756
-0.986160755153	0.146093631181	0.221137041131	0.909649533642
0.044136165031	0.761734185873	0.561866644955	0.779255184878
-0.432659739928	0.486433778763	0.225709768852	0.137471893865
0.46807044873	0.742020270603	0.145363452404	0.695400867586
0.1703900982	-0.825320641741	0.558236361271	-0.26068983651
-0.0900632743626	-0.501874591238	-0.660798461232	0.821604426383
-0.0694692394126	-0.880044017411	-0.90851714713	1.69090045044
-0.0949914806721	-0.83018526418	0.570060588652	-0.0604029167773
-0.580086348076	0.360887223292	0.797730772993	1.05141964958
0.190821568027	0.937407237407	0.0966987163693	0.315287108067
0.456033664814	0.062468386409	-0.894407834424	0.980547550704
-0.0708065450459	0.224794188255	0.549879439672	0.415073767457
-0.96354647633	-0.388599836707	-0.983273248549	2.65178192055
-0.381266859493	0.991216215975	0.221986291367	0.0367608496864
-0.612810418585	-0.456761598212	-0.375983882987	0.968543754882
-0.215933011875	0.97166159182	-0.535456969396	-0.396755553587
-0.80310397077	0.622336937535	-0.110771095163	0.0885080135682
-0.175391154719	-0.381174341353	-0.542296074791	0.598411046895
-0.630247631086	-0.419650445155	0.847048570057	1.02372274598
-0.446925434961	0.925982713246	0.128779731713	-0.078270857786
0.697438694007	-0.866042793992	0.577361233482	-0.284264565157
0.761357536147	0.097311080325	0.602141940166	1.07492382102
0.459217716357	-0.37630763903	-0.697976451122	0.787898773115
-0.775959607573	-0.857943003667	0.153311330756	1.15981440956
-0.800963595787	-0.265097210327	0.116876193254	0.836552388357
-0.732267856284	-0.734180861155	-0.665640630392	2.00561131874
0.0494109222965	0.967214185863	0.64307542279	1.08577005512
0.653117072618	-0.614283736856	0.943963251332	0.336568060955
-0.497739241383	-0.939844750248	-0.962441438968	2.5463810227
-0.9089032733	-0.937924080372	0.606439933253	1.47756220292
0.323133333335	-0.639824181442	0.246668234092	-0.199312452641
0.175866798067	0.0825723427144	0.741953971809	0.657211438107
-0.0367525509195	-0.232657419461	-0.833870051642	0.89924682106
0.73870763947	-0.278173719495	-0.547418741045	0.792144710286
0.624272496823	0.415966890024	0.338953315538	0.905275545962
0.0473490277801	0.973617128539	-0.277609629352	-0.144876628978
0.91295688714	0.501529434389	0.845339549816	2.42992664977
-0.106158174738	-0.340583418026	-0.190969794663	0.148935879947
0.65311423641	0.966063199495	0.607139651354	2.01266166504
0.0973319625928	0.792851545165	0.150474792966	0.228590143307
0.631822139014	-0.202007587227	0.470891644749	0.398181605583
-0.0159537028288	-0.161192544884	-0.650863586464	0.531363904652
-0.506658119172	-0.995579921846	0.248456016034	0.57549367129
-0.266094214081	0.272121592502	0.563306322467	0.468997975943
0.296493059513	-0.589849776087	0.716244255751	0.00355108959216
0.6570791472	0.0990319644039	-0.353559018508	0.586815179834
0.336040378891	0.314672842689	-0.441908302744	0.274892323731
-0.869841948654	-0.233272539641	0.727339782677	1.31889001727
0.619518912448	0.351157502722	-0.565226047423	0.722349514465
-0.534292526541	0.0597899339063	-0.613438680589	0.593152745743
0.89111031549	-0.872248901642	0.541984922808	-0.16219049663
-0.11512746674	0.246950566171	0.406087605558	0.250014248
0.207261396746	0.676938558299	0.332178823343	0.518467942135
-0.294744019758	-0.728800161069	0.37802752296	0.169081814751
0.428432044735	-0.982801202376	0.930858938317	-0.285860432522
-0.117224566852	-0.203487971956	0.0387252250313	0.0312149139944
-0.478633176695	0.453360282272	0.914653918353	1.26335599471
-0.0909909094134	-0.783233662604	0.331297394454	-0.070178819258
0.040496285333	-0.633715793721	0.721201177926	0.0390713756629
-0.515223484185	-0.793396300241	0.949609756724	0.822573467213
0.262059468909	0.936828649566	0.609916454707	1.25756527394
0.769906498097	-0.604153281609	-0.824470998348	1.30547376481
-0.906177116403	0.183788578215	-0.401402792229	0.741962915592
-0.102331572298	-0.54128342182	-0.447404712792	0.508205865209
0.0087089189413	-0.523283715046	0.324890742519	-0.0689374303435
0.586154708619	0.456915651819	0.176453045623	0.723160438859
0.607393885465	0.527026560208	-0.354571371973	0.627892369551
-0.527676375439	-0.920035419806	0.430056402803	0.553204699294
0.863281381069	0.109681226982	-0.17131258503	0.850498731272
0.880664826843	-0.927670221675	-0.0315823995381	-0.0111004983596
-0.398463152818	-0.282008880136	0.643981263382	0.504246464328
0.0109280121141	0.343164108359	-0.151580699943	-0.0251708241631
-0.650339038363	0.489487798849	0.0767813444923	0.148086746595
-0.265582900275	0.637151674503	0.6761086295	0.789224311605
-0.172976317636	-0.425245102843	0.587000359763	0.198428532451
0.603290283694	0.300607772243	-0.38420221193	0.577430083229
0.342652457626	0.605027237775	-0.951723430092	0.654683666023
0.228033915274	0.963510221998	-0.32257359236	0.0649632437467
-0.681494632418	-0.94699008603	0.448746398433	0.886218534246
-0.770857628121	0.466639872623	-0.381449235786	0.202012674117
0.410192135941	-0.0135847968687	0.354608283196	0.28361496456
0.400123872586	0.454733480719	0.731753317587	1.21026448565
0.991431811866	-0.830199481439	0.235628148282	0.0197531192339
0.706128198754	0.790213276741	0.030751691028	1.08185497185
-0.283306368505	0.141483352716	0.66416623155	0.575264611905
-0.739877163113	0.964747105278	-0.802736416453	-0.296428014652
-0.329915026709	-0.522288974782	-0.465070057735	0.740346028171
-0.416033014388	-0.579044486386	0.365726830575	0.335969102032
0.196077268523	-0.588444413536	0.271202780559	-0.162971091025
0.213356244822	0.152747416222	0.68470517185	0.651518620568
0.469443601381	-0.996112588536	-0.429103851375	0.364324477342
0.868248658112	0.531821125673	0.377740949512	1.55918755295
-0.411693276948	0.381816592416	0.525004529086	0.488385226019
-0.185582727432	0.756309795237	-0.330703131826	-0.246666542379
-0.212003950685	-0.273118243427	-0.871703699876	1.10079334539
0.528782886218	0.326474275545	-0.580041491294	0.599324856422
0.588542210502	-0.583566144407	-0.856424014006	1.23617077654
0.761570650028	-0.0208236765873	-0.633925023169	0.979192738732
0.53619522439	0.346426817401	-0.337939774792	0.470389614482
0.30283043325	-0.374762046572	0.155928644844	-0.055905477405
0.122665468882	-0.360561812864	0.13531990927	-0.0596613805381
0.899585346779	-0.342242067767	0.765435179359	0.825304742198
-0.494979544172	0.511183925735	-0.442012513397	-0.0385954672226
0.983141018563	-0.974815285551	-0.693980789799	1.16629778802
-0.14126646664	0.60726312305	0.247653139121	0.145892994895
0.939138355491	0.244107538867	0.296017038592	1.27111768126
0.532921207157	0.213299479089	0.802516176248	1.21288532441
0.0631150020157	-0.977450678168	-0.78623050933	1.3289516603
0.965219535263	-0.803163655384	0.546543146291	0.0161653206206
0.564936603908	-0.868878561648	0.0947435817347	-0.245052258134
0.114072815642	0.111226165486	0.461139786289	0.289641201819
0.590488411173	0.150389474043	-0.0490299010319	0.432510155481
-0.293469094365	-0.499049032681	0.795671573048	0.468593700307
-0.686179256241	0.0347973890111	-0.232582060449	0.492965891594
0.786331808859	0.0823339222229	0.317672485873	0.810130525641
0.737487710808	0.875480142984	-0.364918310605	1.00323060877
-0.686481239051	0.467082639331	-0.0641319444616	0.124771010998
0.997042087225	0.817434232856	-0.67832581648	1.71474842728
0.0623219518893	0.346435749477	0.422220702369	0.350017244777
-0.99293412793	-0.691271262857	0.0874300214594	1.61951115826
0.573232984321	-0.487734898592	0.797258008394	0.29578010091
0.789291751266	0.616646383956	0.865453200912	2.39238320271
-0.636387559785	-0.23353561119	0.528207184991	0.709255926471
-0.981248948266	-0.42623718529	-0.643539207324	2.06953733997
-0.110081444665	-0.720511224936	-0.734769596122	1.16072894213
0.0133817133471	0.738291455335	0.189272111978	0.185620590253
0.0938112452181	-0.251205922224	-0.96693216984	1.16309151788
0.0627466721823	0.843729956964	0.143305467382	0.198325964698
0.562359252646	-0.286978171899	0.843046247738	0.623654203584
-0.717763908364	0.0355998872957	0.522278196858	0.781000273766
-0.635917307066	-0.837509207366	-0.428806507637	1.47998184053
0.79933538285	0.772305271167	0.0872976783594	1.33130932569
0.175084854724	-0.668776298455	0.44309158317	-0.186436892497
-0.216451926755	0.731213017982	-0.863648691077	0.00295686570535
-0.459134864038	0.287566942698	0.851622282619	1.04893174264
0.390249513864	0.361287193249	0.690958802851	1.02034546837
0.916073398445	-0.139183479726	0.797654508711	1.23692057319
0.921235007693	-0.882089275809	-0.495062933745	0.71783943169
-0.0539892153017	0.956318096926	0.233087059458	0.228518922143
0.350151148968	0.774849852328	0.0765410963187	0.4590867898
0.200272691526	-0.265862678836	-0.496699680551	0.365628597012
0.343469700479	0.47804511953	0.463262404378	0.718237835952
-0.491895471967	0.17651265276	-0.0483773331395	0.14893653566
0.546697917655	-0.444075673817	0.943399169145	0.527164737639
-0.580163712149	0.236261000859	0.694156582137	0.845375362974
-0.0382318549334	0.594067748189	0.483125802301	0.499169361076
0.356922212729	-0.291815563183	-0.470355225888	0.381729023079
-0.908671401006	0.570098750338	-0.820736859596	0.513359219513
0.883721968414	0.311137742306	0.967141798468	2.29220134955
-0.939955246511	-0.78165884361	0.610701502758	1.51383629151
